timeslot,discomcode,revisionno,BTPS,PRAGATI,RPH,DADRI_T,GT_OC,CSGS,GT_RLNG,PRG_RLNG,DVC,GT_LF,GT_CC,PRG_G_CC,GT_RLG_C,GT_LF_CC,PG_RLG_C,REGULATE,MTPS6,JHAJJAR,NJPC,CCGT_OC,CCGT_CC,CCGT_RCC,CCGT_ROC,CLPJHAJR,MEJIA7,MAITHON,SECI,RITHL_CC,RITHL_OC,RITHL_RC,RITHL_RO,NHPC,DADRI_T2,ANTA_GF,AURY_GF,FARAKKA,RIHAND1,RIHAND2,RIHAND3,SASAN,SNGRAULI,UNCHHAR1,UNCHHAR2,UNCHHAR3,KAHLGAN1,KAHLGAN2,DADRI_GF,ANTA_RF,AURY_RF,DADRI_RF,KOLDAM,TH_HPP,KTWR_HEP,SEWA2,DMSWSL,NAPP,RAPPB,MUNDRA,RAMPUR,RAPPC,TALA,ANTA_LF,AURY_LF,DADRI_LF,URI,URI2,CHAMERA1,CHAMERA2,CHAMERA3,DHAULIGNGA,DULHASTI,PARBATI3,SALAL,TANAKPUR,BSIUL,UNCHAHAR4,PRG_CCLF,PRG_OCLF,CCGTCCSPOT,CCGTOCSPOT,SNG_HYDRO,SHEP,GIREL,RUMS_DMRC,SEIPL,THPPL,NHPPL,ANTA_CRF,AURY_CRF,DADR_CRF,ALFANR_I,ALFANR_II,ALFANR_III,ERCPL_FTG,ERPCL_FTG2,AP41PL_BHDL,ASE4PL,SBSRBYPL,SBSRTPDDL,RSTOSU7,RSTPS1TO6,TALST2,SIMHST2,KUDGI,NLCEXP,NLCIIST1,NLCIIST2,NLCTS2EXP,NNTPP,NTPL,MAPS,KGSU1AND2,KGSU3AND4,KKNP,VALLURNTECL,SRIJAN_M,SITAC_BRPL,SITAC_BYPL,TANDA2,KSHNGNGA,VSTPS_I,VSTPS_II,VSTPS_III,VSTPS_IV,VSTPS_V,LARA_I,SIPAT_I,SIPAT_II,KSTPS_I_II,MOUDA,MOUDA_II,SOLAPUR,GAN_NAPM,KAWASCMGAS,GAN_COMGAS,GAN_RLNG,KHARGONE_I,KSTPS7,KAWAS_RLNG,GADARWAR_I,KAWAS_ZLIQ,TAPS_II,KAWAS_APM,GAN_APM,KAPS,MEJA,Total_EXPP,OpenAccess,InterDiscomTransfer,Losses,idtexbil,Total
1,BYPL,04DSBYPL2023/01/17,0.0000,0.0000,0.0000,0.0000,0.0000,0.0000,0.0000,0.0000,65.1800,0.0000,17.7240,26.0000,0.0000,0.0000,0.0000,0.0000,9.5600,19.1200,0.0000,0.0000,47.3944,0.0000,0.0000,0.0000,100.1500,0.0000,0.0000,0.0000,0.0000,0.0000,0.0000,0.0000,79.2100,0.0000,0.0000,3.0800,0.0000,28.3200,47.5300,210.9500,51.9100,1.0000,4.7800,2.9000,6.9400,9.5600,0.0000,0.0000,0.0000,0.0000,0.0000,0.0000,0.0000,0.0000,0.0000,0.0000,0.0000,0.0000,0.0000,13.6000,0.0000,0.0000,0.0000,0.0000,6.7000,4.0500,0.0000,0.0000,0.0000,0.0000,0.0000,0.0000,0.6200,0.1900,0.0000,0.0000,0.0000,0.0000,0.0000,0.0000,0.0000,0.0000,0.0000,0.0000,0.0000,0.0000,0.0000,0.0000,0.0000,0.0000,0.0000,19.2400,0.0000,0.0000,0.0000,0.0000,0.0000,0.0000,0.0000,0.0000,0.0000,0.0000,0.0000,0.0000,0.0000,0.0000,0.0000,0.0000,0.0000,0.0000,0.0000,0.0000,0.0000,0.0000,0.0000,0.0000,0.0000,39.7700,0.0000,0.0000,0.0000,0.0000,0.0000,0.0000,0.0000,0.0000,0.0000,0.0000,0.0000,0.0000,0.0000,0.0000,0.0000,0.0000,0.0000,0.0000,0.0000,0.0000,0.0000,0.0000,0.0000,0.0000,0.0000,0.0000,0.0000,0.0000,815.4784,-298.81,0.00,9.8122,0.00,506.8562
2,BYPL,04DSBYPL2023/01/17,0.0000,0.0000,0.0000,0.0000,0.0000,0.0000,0.0000,0.0000,65.1800,0.0000,17.7240,26.0000,0.0000,0.0000,0.0000,0.0000,9.5600,19.1200,0.0000,0.0000,47.3944,0.0000,0.0000,0.0000,100.1500,0.0000,0.0000,0.0000,0.0000,0.0000,0.0000,0.0000,79.1200,0.0000,0.0000,0.9700,0.0000,28.3200,47.5300,210.9500,51.9100,1.3600,4.7800,3.1800,4.7800,9.5600,0.0000,0.0000,0.0000,0.0000,0.0000,0.0000,0.0000,0.0000,0.0000,0.0000,0.0000,0.0000,0.0000,13.6000,0.0000,0.0000,0.0000,0.0000,6.7000,4.0500,0.0000,0.0000,0.0000,0.0000,0.0000,0.0000,0.6200,0.1900,0.0000,0.0000,0.0000,0.0000,0.0000,0.0000,0.0000,0.0000,0.0000,0.0000,0.0000,0.0000,0.0000,0.0000,0.0000,0.0000,0.0000,19.5900,0.0000,0.0000,0.0000,0.0000,0.0000,0.0000,0.0000,0.0000,0.0000,0.0000,0.0000,0.0000,0.0000,0.0000,0.0000,0.0000,0.0000,0.0000,0.0000,0.0000,0.0000,0.0000,0.0000,0.0000,0.0000,40.1100,0.0000,0.0000,0.0000,0.0000,0.0000,0.0000,0.0000,0.0000,0.0000,0.0000,0.0000,0.0000,0.0000,0.0000,0.0000,0.0000,0.0000,0.0000,0.0000,0.0000,0.0000,0.0000,0.0000,0.0000,0.0000,0.0000,0.0000,0.0000,812.4484,-323.81,0.00,10.0056,0.00,478.6328
3,BYPL,04DSBYPL2023/01/17,0.0000,0.0000,0.0000,0.0000,0.0000,0.0000,0.0000,0.0000,65.1800,0.0000,8.8400,26.0000,0.0000,0.0000,0.0000,0.0000,9.5600,19.1200,0.0000,0.0000,48.4339,0.0000,0.0000,0.0000,100.1500,0.0000,0.0000,0.0000,0.0000,0.0000,0.0000,0.0000,81.6000,0.0000,0.0000,0.0000,0.0000,28.3200,47.5300,210.9500,51.9100,1.3600,5.0000,3.1800,4.7800,9.5600,0.0000,0.0000,0.0000,0.0000,0.0000,0.0000,0.0000,0.0000,0.0000,0.0000,0.0000,0.0000,0.0000,13.6000,0.0000,0.0000,0.0000,0.0000,2.6800,4.0500,0.0000,0.0000,0.0000,0.0000,0.0000,0.0000,0.6200,0.1900,0.0000,0.0000,0.0000,0.0000,0.0000,0.0000,0.0000,0.0000,0.0000,0.0000,0.0000,0.0000,0.0000,0.0000,0.0000,0.0000,0.0000,19.9000,0.0000,0.0000,0.0000,0.0000,0.0000,0.0000,0.0000,0.0000,0.0000,0.0000,0.0000,0.0000,0.0000,0.0000,0.0000,0.0000,0.0000,0.0000,0.0000,0.0000,0.0000,0.0000,0.0000,0.0000,0.0000,40.4700,0.0000,0.0000,0.0000,0.0000,0.0000,0.0000,0.0000,0.0000,0.0000,0.0000,0.0000,0.0000,0.0000,0.0000,0.0000,0.0000,0.0000,0.0000,0.0000,0.0000,0.0000,0.0000,0.0000,0.0000,0.0000,0.0000,0.0000,0.0000,802.9839,-343.81,0.00,10.0983,0.00,449.0756
4,BYPL,04DSBYPL2023/01/17,0.0000,0.0000,0.0000,0.0000,0.0000,0.0000,0.0000,0.0000,65.1800,0.0000,8.8400,26.0000,0.0000,0.0000,0.0000,0.0000,9.5600,19.1200,0.0000,0.0000,48.4339,0.0000,0.0000,0.0000,100.1500,0.0000,0.0000,0.0000,0.0000,0.0000,0.0000,0.0000,81.6100,0.0000,0.0000,0.0000,0.0000,28.3200,47.5300,210.9500,51.9100,1.3600,5.0000,3.1800,4.7800,9.5600,0.0000,0.0000,0.0000,0.0000,0.0000,0.0000,0.0000,0.0000,0.0000,0.0000,0.0000,0.0000,0.0000,13.6000,0.0000,0.0000,0.0000,0.0000,1.6100,3.5100,0.0000,0.0000,0.0000,0.0000,0.0000,0.0000,0.6200,0.1900,0.0000,0.0000,0.0000,0.0000,0.0000,0.0000,0.0000,0.0000,0.0000,0.0000,0.0000,0.0000,0.0000,0.0000,0.0000,0.0000,0.0000,20.0700,0.0000,0.0000,0.0000,0.0000,0.0000,0.0000,0.0000,0.0000,0.0000,0.0000,0.0000,0.0000,0.0000,0.0000,0.0000,0.0000,0.0000,0.0000,0.0000,0.0000,0.0000,0.0000,0.0000,0.0000,0.0000,40.8600,0.0000,0.0000,0.0000,0.0000,0.0000,0.0000,0.0000,0.0000,0.0000,0.0000,0.0000,0.0000,0.0000,0.0000,0.0000,0.0000,0.0000,0.0000,0.0000,0.0000,0.0000,0.0000,0.0000,0.0000,0.0000,0.0000,0.0000,0.0000,801.9439,-363.81,0.00,10.2651,0.00,427.8688
5,BYPL,04DSBYPL2023/01/17,0.0000,0.0000,0.0000,0.0000,0.0000,0.0000,0.0000,0.0000,65.1800,0.0000,8.8400,26.0000,0.0000,0.0000,0.0000,0.0000,9.5600,19.1200,0.0000,0.0000,48.4339,0.0000,0.0000,0.0000,100.1500,0.0000,0.0000,0.0000,0.0000,0.0000,0.0000,0.0000,81.6000,0.0000,0.0000,0.0000,0.0000,28.3200,47.5300,210.9500,51.9100,1.3600,5.0500,3.1800,4.7800,9.5600,0.0000,0.0000,0.0000,0.0000,0.0000,0.0000,0.0000,0.0000,0.0000,0.0000,0.0000,0.0000,0.0000,13.6000,0.0000,0.0000,0.0000,0.0000,1.6100,2.5400,0.0000,0.0000,0.0000,0.0000,0.0000,0.0000,0.6200,0.1900,0.0000,0.0000,0.0000,0.0000,0.0000,0.0000,0.0000,0.0000,0.0000,0.0000,0.0000,0.0000,0.0000,0.0000,0.0000,0.0000,0.0000,20.2100,0.0000,0.0000,0.0000,0.0000,0.0000,0.0000,0.0000,0.0000,0.0000,0.0000,0.0000,0.0000,0.0000,0.0000,0.0000,0.0000,0.0000,0.0000,0.0000,0.0000,0.0000,0.0000,0.0000,0.0000,0.0000,41.2800,0.0000,0.0000,0.0000,0.0000,0.0000,0.0000,0.0000,0.0000,0.0000,0.0000,0.0000,0.0000,0.0000,0.0000,0.0000,0.0000,0.0000,0.0000,0.0000,0.0000,0.0000,0.0000,0.0000,0.0000,0.0000,0.0000,0.0000,0.0000,801.5739,-328.81,0.00,9.9539,0.00,462.8100
6,BYPL,04DSBYPL2023/01/17,0.0000,0.0000,0.0000,0.0000,0.0000,0.0000,0.0000,0.0000,65.1800,0.0000,8.8400,26.0000,0.0000,0.0000,0.0000,0.0000,9.5600,19.1200,0.0000,0.0000,48.4339,0.0000,0.0000,0.0000,100.1500,0.0000,0.0000,0.0000,0.0000,0.0000,0.0000,0.0000,81.6100,0.0000,0.0000,0.0000,0.0000,28.3200,47.5300,210.9500,51.9100,1.3600,5.0500,3.1800,4.7800,9.5600,0.0000,0.0000,0.0000,0.0000,0.0000,0.0000,0.0000,0.0000,0.0000,0.0000,0.0000,0.0000,0.0000,13.6000,0.0000,0.0000,0.0000,0.0000,1.6100,2.5400,0.0000,0.0000,0.0000,0.0000,0.0000,0.0000,0.6200,0.1900,0.0000,0.0000,0.0000,0.0000,0.0000,0.0000,0.0000,0.0000,0.0000,0.0000,0.0000,0.0000,0.0000,0.0000,0.0000,0.0000,0.0000,20.7800,0.0000,0.0000,0.0000,0.0000,0.0000,0.0000,0.0000,0.0000,0.0000,0.0000,0.0000,0.0000,0.0000,0.0000,0.0000,0.0000,0.0000,0.0000,0.0000,0.0000,0.0000,0.0000,0.0000,0.0000,0.0000,41.7300,0.0000,0.0000,0.0000,0.0000,0.0000,0.0000,0.0000,0.0000,0.0000,0.0000,0.0000,0.0000,0.0000,0.0000,0.0000,0.0000,0.0000,0.0000,0.0000,0.0000,0.0000,0.0000,0.0000,0.0000,0.0000,0.0000,0.0000,0.0000,802.6039,-343.81,0.00,10.0950,0.00,448.6989
7,BYPL,04DSBYPL2023/01/17,0.0000,0.0000,0.0000,0.0000,0.0000,0.0000,0.0000,0.0000,65.1800,0.0000,8.8400,26.0000,0.0000,0.0000,0.0000,0.0000,9.5600,19.1200,0.0000,0.0000,48.4339,0.0000,0.0000,0.0000,100.1500,0.0000,0.0000,0.0000,0.0000,0.0000,0.0000,0.0000,81.6000,0.0000,0.0000,0.0000,0.0000,28.3200,47.5300,210.9500,51.9100,1.3600,5.0500,3.1800,4.7800,9.5600,0.0000,0.0000,0.0000,0.0000,0.0000,0.0000,0.0000,0.0000,0.0000,0.0000,0.0000,0.0000,0.0000,13.6000,0.0000,0.0000,0.0000,0.0000,1.6100,2.5400,0.0000,0.0000,0.0000,0.0000,0.0000,0.0000,0.6200,0.1900,0.0000,0.0000,0.0000,0.0000,0.0000,0.0000,0.0000,0.0000,0.0000,0.0000,0.0000,0.0000,0.0000,0.0000,0.0000,0.0000,0.0000,21.3000,0.0000,0.0000,0.0000,0.0000,0.0000,0.0000,0.0000,0.0000,0.0000,0.0000,0.0000,0.0000,0.0000,0.0000,0.0000,0.0000,0.0000,0.0000,0.0000,0.0000,0.0000,0.0000,0.0000,0.0000,0.0000,42.2000,0.0000,0.0000,0.0000,0.0000,0.0000,0.0000,0.0000,0.0000,0.0000,0.0000,0.0000,0.0000,0.0000,0.0000,0.0000,0.0000,0.0000,0.0000,0.0000,0.0000,0.0000,0.0000,0.0000,0.0000,0.0000,0.0000,0.0000,0.0000,803.5839,-358.81,0.00,10.2356,0.00,434.5383
8,BYPL,04DSBYPL2023/01/17,0.0000,0.0000,0.0000,0.0000,0.0000,0.0000,0.0000,0.0000,65.1800,0.0000,8.8400,26.0000,0.0000,0.0000,0.0000,0.0000,9.5600,19.1200,0.0000,0.0000,48.4339,0.0000,0.0000,0.0000,100.1500,0.0000,0.0000,0.0000,0.0000,0.0000,0.0000,0.0000,81.6100,0.0000,0.0000,0.0000,0.0000,28.3200,47.5300,210.9500,51.9100,1.3600,5.0500,3.1800,4.7800,9.5600,0.0000,0.0000,0.0000,0.0000,0.0000,0.0000,0.0000,0.0000,0.0000,0.0000,0.0000,0.0000,0.0000,13.6000,0.0000,0.0000,0.0000,0.0000,1.6100,2.5400,0.0000,0.0000,0.0000,0.0000,0.0000,0.0000,0.6200,0.1900,0.0000,0.0000,0.0000,0.0000,0.0000,0.0000,0.0000,0.0000,0.0000,0.0000,0.0000,0.0000,0.0000,0.0000,0.0000,0.0000,0.0000,21.8900,0.0000,0.0000,0.0000,0.0000,0.0000,0.0000,0.0000,0.0000,0.0000,0.0000,0.0000,0.0000,0.0000,0.0000,0.0000,0.0000,0.0000,0.0000,0.0000,0.0000,0.0000,0.0000,0.0000,0.0000,0.0000,42.7000,0.0000,0.0000,0.0000,0.0000,0.0000,0.0000,0.0000,0.0000,0.0000,0.0000,0.0000,0.0000,0.0000,0.0000,0.0000,0.0000,0.0000,0.0000,0.0000,0.0000,0.0000,0.0000,0.0000,0.0000,0.0000,0.0000,0.0000,0.0000,804.6839,-368.81,0.00,10.3333,0.00,425.5406
9,BYPL,04DSBYPL2023/01/17,0.0000,0.0000,0.0000,0.0000,0.0000,0.0000,0.0000,0.0000,28.6800,0.0000,8.8400,26.0000,0.0000,0.0000,0.0000,0.0000,9.5600,19.1200,0.0000,0.0000,48.4339,0.0000,0.0000,0.0000,100.1500,0.0000,0.0000,0.0000,0.0000,0.0000,0.0000,0.0000,81.6000,0.0000,0.0000,0.0000,0.0000,28.3200,47.5300,210.9500,51.9100,1.3600,5.0500,3.1800,4.7800,9.5600,0.0000,0.0000,0.0000,0.0000,0.0000,0.0000,0.0000,0.0000,0.0000,0.0000,0.0000,0.0000,0.0000,13.6000,0.0000,0.0000,0.0000,0.0000,1.6100,2.5400,0.0000,0.0000,0.0000,0.0000,0.0000,0.0000,0.6200,0.1900,0.0000,0.0000,0.0000,0.0000,0.0000,0.0000,0.0000,0.0000,0.0000,0.0000,0.0000,0.0000,0.0000,0.0000,0.0000,0.0000,0.0000,22.2400,0.0000,0.0000,0.0000,0.0000,0.0000,0.0000,0.0000,0.0000,0.0000,0.0000,0.0000,0.0000,0.0000,0.0000,0.0000,0.0000,0.0000,0.0000,0.0000,0.0000,0.0000,0.0000,0.0000,0.0000,0.0000,42.7300,0.0000,0.0000,0.0000,0.0000,0.0000,0.0000,0.0000,0.0000,0.0000,0.0000,0.0000,0.0000,0.0000,0.0000,0.0000,0.0000,0.0000,0.0000,0.0000,0.0000,0.0000,0.0000,0.0000,0.0000,0.0000,0.0000,0.0000,0.0000,768.5539,-378.81,0.00,10.1033,0.00,379.6406
10,BYPL,04DSBYPL2023/01/17,0.0000,0.0000,0.0000,0.0000,0.0000,0.0000,0.0000,0.0000,28.6800,0.0000,8.8400,26.0000,0.0000,0.0000,0.0000,0.0000,9.5600,19.1200,0.0000,0.0000,48.4339,0.0000,0.0000,0.0000,100.1500,0.0000,0.0000,0.0000,0.0000,0.0000,0.0000,0.0000,81.6100,0.0000,0.0000,0.0000,0.0000,28.3200,47.5300,210.9500,51.9100,1.3600,5.0500,3.1800,4.7800,9.5600,0.0000,0.0000,0.0000,0.0000,0.0000,0.0000,0.0000,0.0000,0.0000,0.0000,0.0000,0.0000,0.0000,13.6000,0.0000,0.0000,0.0000,0.0000,1.6100,2.5400,0.0000,0.0000,0.0000,0.0000,0.0000,0.0000,0.6200,0.1900,0.0000,0.0000,0.0000,0.0000,0.0000,0.0000,0.0000,0.0000,0.0000,0.0000,0.0000,0.0000,0.0000,0.0000,0.0000,0.0000,0.0000,22.5200,0.0000,0.0000,0.0000,0.0000,0.0000,0.0000,0.0000,0.0000,0.0000,0.0000,0.0000,0.0000,0.0000,0.0000,0.0000,0.0000,0.0000,0.0000,0.0000,0.0000,0.0000,0.0000,0.0000,0.0000,0.0000,42.7400,0.0000,0.0000,0.0000,0.0000,0.0000,0.0000,0.0000,0.0000,0.0000,0.0000,0.0000,0.0000,0.0000,0.0000,0.0000,0.0000,0.0000,0.0000,0.0000,0.0000,0.0000,0.0000,0.0000,0.0000,0.0000,0.0000,0.0000,0.0000,768.8539,-388.81,0.00,10.1940,0.00,369.8499
11,BYPL,04DSBYPL2023/01/17,0.0000,0.0000,0.0000,0.0000,0.0000,0.0000,0.0000,0.0000,28.6800,0.0000,8.8400,26.0000,0.0000,0.0000,0.0000,0.0000,9.5600,19.1200,0.0000,0.0000,48.4339,0.0000,0.0000,0.0000,100.1500,0.0000,0.0000,0.0000,0.0000,0.0000,0.0000,0.0000,81.6000,0.0000,0.0000,0.0000,0.0000,28.3200,47.5300,210.9500,51.9100,1.3600,5.0500,3.1800,4.7800,9.5600,0.0000,0.0000,0.0000,0.0000,0.0000,0.0000,0.0000,0.0000,0.0000,0.0000,0.0000,0.0000,0.0000,13.6000,0.0000,0.0000,0.0000,0.0000,1.6100,2.5400,0.0000,0.0000,0.0000,0.0000,0.0000,0.0000,0.6200,0.1900,0.0000,0.0000,0.0000,0.0000,0.0000,0.0000,0.0000,0.0000,0.0000,0.0000,0.0000,0.0000,0.0000,0.0000,0.0000,0.0000,0.0000,22.7400,0.0000,0.0000,0.0000,0.0000,0.0000,0.0000,0.0000,0.0000,0.0000,0.0000,0.0000,0.0000,0.0000,0.0000,0.0000,0.0000,0.0000,0.0000,0.0000,0.0000,0.0000,0.0000,0.0000,0.0000,0.0000,42.7300,0.0000,0.0000,0.0000,0.0000,0.0000,0.0000,0.0000,0.0000,0.0000,0.0000,0.0000,0.0000,0.0000,0.0000,0.0000,0.0000,0.0000,0.0000,0.0000,0.0000,0.0000,0.0000,0.0000,0.0000,0.0000,0.0000,0.0000,0.0000,769.0539,-393.81,0.00,10.2397,0.00,365.0042
12,BYPL,04DSBYPL2023/01/17,0.0000,0.0000,0.0000,0.0000,0.0000,0.0000,0.0000,0.0000,28.6800,0.0000,8.8400,26.0000,0.0000,0.0000,0.0000,0.0000,9.5600,19.1200,0.0000,0.0000,48.4339,0.0000,0.0000,0.0000,100.1500,0.0000,0.0000,0.0000,0.0000,0.0000,0.0000,0.0000,81.6100,0.0000,0.0000,0.0000,0.0000,28.3200,47.5300,210.9500,51.9100,1.3600,5.0500,3.1800,4.7800,9.5600,0.0000,0.0000,0.0000,0.0000,0.0000,0.0000,0.0000,0.0000,0.0000,0.0000,0.0000,0.0000,0.0000,13.6000,0.0000,0.0000,0.0000,0.0000,1.6100,2.5400,0.0000,0.0000,0.0000,0.0000,0.0000,0.0000,0.6200,0.1900,0.0000,0.0000,0.0000,0.0000,0.0000,0.0000,0.0000,0.0000,0.0000,0.0000,0.0000,0.0000,0.0000,0.0000,0.0000,0.0000,0.0000,22.9300,0.0000,0.0000,0.0000,0.0000,0.0000,0.0000,0.0000,0.0000,0.0000,0.0000,0.0000,0.0000,0.0000,0.0000,0.0000,0.0000,0.0000,0.0000,0.0000,0.0000,0.0000,0.0000,0.0000,0.0000,0.0000,42.6800,0.0000,0.0000,0.0000,0.0000,0.0000,0.0000,0.0000,0.0000,0.0000,0.0000,0.0000,0.0000,0.0000,0.0000,0.0000,0.0000,0.0000,0.0000,0.0000,0.0000,0.0000,0.0000,0.0000,0.0000,0.0000,0.0000,0.0000,0.0000,769.2039,-398.81,0.00,10.2850,0.00,360.1089
13,BYPL,04DSBYPL2023/01/17,0.0000,0.0000,0.0000,0.0000,0.0000,0.0000,0.0000,0.0000,28.6800,0.0000,8.8400,26.0000,0.0000,0.0000,0.0000,0.0000,9.5600,19.1200,0.0000,0.0000,48.4339,0.0000,0.0000,0.0000,100.1500,0.0000,0.0000,0.0000,0.0000,0.0000,0.0000,0.0000,81.6000,0.0000,0.0000,0.0000,0.0000,28.3200,47.5300,210.9500,51.9100,1.3600,5.0500,3.1800,4.7800,9.5600,0.0000,0.0000,0.0000,0.0000,0.0000,0.0000,0.0000,0.0000,0.0000,0.0000,0.0000,0.0000,0.0000,13.8000,0.0000,0.0000,0.0000,0.0000,1.6100,2.5400,0.0000,0.0000,0.0000,0.0000,0.0000,0.0000,0.6200,0.1900,0.0000,0.0000,0.0000,0.0000,0.0000,0.0000,0.0000,0.0000,0.0000,0.0000,0.0000,0.0000,0.0000,0.0000,0.0000,0.0000,0.0000,23.0300,0.0000,0.0000,0.0000,0.0000,0.0000,0.0000,0.0000,0.0000,0.0000,0.0000,0.0000,0.0000,0.0000,0.0000,0.0000,0.0000,0.0000,0.0000,0.0000,0.0000,0.0000,0.0000,0.0000,0.0000,0.0000,42.2700,0.0000,0.0000,0.0000,0.0000,0.0000,0.0000,0.0000,0.0000,0.0000,0.0000,0.0000,0.0000,0.0000,0.0000,0.0000,0.0000,0.0000,0.0000,0.0000,0.0000,0.0000,0.0000,0.0000,0.0000,0.0000,0.0000,0.0000,0.0000,769.0839,-403.81,0.00,10.3280,0.00,354.9459
14,BYPL,04DSBYPL2023/01/17,0.0000,0.0000,0.0000,0.0000,0.0000,0.0000,0.0000,0.0000,28.6800,0.0000,8.8400,26.0000,0.0000,0.0000,0.0000,0.0000,9.5600,19.1200,0.0000,0.0000,48.4339,0.0000,0.0000,0.0000,100.1500,0.0000,0.0000,0.0000,0.0000,0.0000,0.0000,0.0000,81.6100,0.0000,0.0000,0.0000,0.0000,28.3200,47.5300,210.9500,51.9100,1.3600,5.0500,3.1800,4.7800,9.5600,0.0000,0.0000,0.0000,0.0000,0.0000,0.0000,0.0000,0.0000,0.0000,0.0000,0.0000,0.0000,0.0000,13.8000,0.0000,0.0000,0.0000,0.0000,1.6100,2.5400,0.0000,0.0000,0.0000,0.0000,0.0000,0.0000,0.6200,0.1900,0.0000,0.0000,0.0000,0.0000,0.0000,0.0000,0.0000,0.0000,0.0000,0.0000,0.0000,0.0000,0.0000,0.0000,0.0000,0.0000,0.0000,23.0700,0.0000,0.0000,0.0000,0.0000,0.0000,0.0000,0.0000,0.0000,0.0000,0.0000,0.0000,0.0000,0.0000,0.0000,0.0000,0.0000,0.0000,0.0000,0.0000,0.0000,0.0000,0.0000,0.0000,0.0000,0.0000,41.8200,0.0000,0.0000,0.0000,0.0000,0.0000,0.0000,0.0000,0.0000,0.0000,0.0000,0.0000,0.0000,0.0000,0.0000,0.0000,0.0000,0.0000,0.0000,0.0000,0.0000,0.0000,0.0000,0.0000,0.0000,0.0000,0.0000,0.0000,0.0000,768.6839,-408.81,0.00,10.3685,0.00,349.5054
15,BYPL,04DSBYPL2023/01/17,0.0000,0.0000,0.0000,0.0000,0.0000,0.0000,0.0000,0.0000,28.6800,0.0000,8.8400,26.0000,0.0000,0.0000,0.0000,0.0000,9.5600,19.1200,0.0000,0.0000,48.4339,0.0000,0.0000,0.0000,100.1500,0.0000,0.0000,0.0000,0.0000,0.0000,0.0000,0.0000,81.6000,0.0000,0.0000,0.0000,0.0000,28.3200,47.5300,210.9500,51.9100,1.3600,5.0500,3.1800,4.7800,9.5600,0.0000,0.0000,0.0000,0.0000,0.0000,0.0000,0.0000,0.0000,0.0000,0.0000,0.0000,0.0000,0.0000,13.8000,0.0000,0.0000,0.0000,0.0000,1.6100,2.5400,0.0000,0.0000,0.0000,0.0000,0.0000,0.0000,0.6200,0.1900,0.0000,0.0000,0.0000,0.0000,0.0000,0.0000,0.0000,0.0000,0.0000,0.0000,0.0000,0.0000,0.0000,0.0000,0.0000,0.0000,0.0000,23.0900,0.0000,0.0000,0.0000,0.0000,0.0000,0.0000,0.0000,0.0000,0.0000,0.0000,0.0000,0.0000,0.0000,0.0000,0.0000,0.0000,0.0000,0.0000,0.0000,0.0000,0.0000,0.0000,0.0000,0.0000,0.0000,41.3100,0.0000,0.0000,0.0000,0.0000,0.0000,0.0000,0.0000,0.0000,0.0000,0.0000,0.0000,0.0000,0.0000,0.0000,0.0000,0.0000,0.0000,0.0000,0.0000,0.0000,0.0000,0.0000,0.0000,0.0000,0.0000,0.0000,0.0000,0.0000,768.1839,-413.81,0.00,10.4081,0.00,343.9658
16,BYPL,04DSBYPL2023/01/17,0.0000,0.0000,0.0000,0.0000,0.0000,0.0000,0.0000,0.0000,28.6800,0.0000,8.8400,26.0000,0.0000,0.0000,0.0000,0.0000,9.5600,19.1200,0.0000,0.0000,48.4339,0.0000,0.0000,0.0000,100.1500,0.0000,0.0000,0.0000,0.0000,0.0000,0.0000,0.0000,81.6100,0.0000,0.0000,0.0000,0.0000,28.3200,47.5300,210.9500,51.9100,1.3600,5.0500,3.1800,4.7800,9.5600,0.0000,0.0000,0.0000,0.0000,0.0000,0.0000,0.0000,0.0000,0.0000,0.0000,0.0000,0.0000,0.0000,13.8000,0.0000,0.0000,0.0000,0.0000,1.6100,2.5400,0.0000,0.0000,0.0000,0.0000,0.0000,0.0000,0.6200,0.1900,0.0000,0.0000,0.0000,0.0000,0.0000,0.0000,0.0000,0.0000,0.0000,0.0000,0.0000,0.0000,0.0000,0.0000,0.0000,0.0000,0.0000,23.0900,0.0000,0.0000,0.0000,0.0000,0.0000,0.0000,0.0000,0.0000,0.0000,0.0000,0.0000,0.0000,0.0000,0.0000,0.0000,0.0000,0.0000,0.0000,0.0000,0.0000,0.0000,0.0000,0.0000,0.0000,0.0000,40.7500,0.0000,0.0000,0.0000,0.0000,0.0000,0.0000,0.0000,0.0000,0.0000,0.0000,0.0000,0.0000,0.0000,0.0000,0.0000,0.0000,0.0000,0.0000,0.0000,0.0000,0.0000,0.0000,0.0000,0.0000,0.0000,0.0000,0.0000,0.0000,767.6339,-413.81,0.00,10.4032,0.00,343.4207
17,BYPL,04DSBYPL2023/01/17,0.0000,0.0000,0.0000,0.0000,0.0000,0.0000,0.0000,0.0000,65.1800,0.0000,8.7533,26.0000,0.0000,0.0000,0.0000,0.0000,9.5600,19.1200,0.0000,0.0000,48.4339,0.0000,0.0000,0.0000,100.1500,0.0000,0.0000,0.0000,0.0000,0.0000,0.0000,0.0000,81.6000,0.0000,0.0000,0.0000,0.0000,28.3200,47.5000,210.9500,51.9100,1.3600,5.0500,3.1800,4.7800,9.5600,0.0000,0.0000,0.0000,0.0000,0.0000,0.0000,0.0000,0.0000,0.0000,0.0000,0.0000,0.0000,0.0000,13.8000,0.0000,0.0000,0.0000,0.0000,1.6100,2.5400,0.0000,0.0000,0.0000,0.0000,0.0000,0.0000,0.6200,0.1900,0.0000,0.0000,0.0000,0.0000,0.0000,0.0000,0.0000,0.0000,0.0000,0.0000,0.0000,0.0000,0.0000,0.0000,0.0000,0.0000,0.0000,23.2900,0.0000,0.0000,0.0000,0.0000,0.0000,0.0000,0.0000,0.0000,0.0000,0.0000,0.0000,0.0000,0.0000,0.0000,0.0000,0.0000,0.0000,0.0000,0.0000,0.0000,0.0000,0.0000,0.0000,0.0000,0.0000,40.5500,0.0000,0.0000,0.0000,0.0000,0.0000,0.0000,0.0000,0.0000,0.0000,0.0000,0.0000,0.0000,0.0000,0.0000,0.0000,0.0000,0.0000,0.0000,0.0000,0.0000,0.0000,0.0000,0.0000,0.0000,0.0000,0.0000,0.0000,0.0000,804.0072,-408.81,0.00,10.6793,0.00,384.5179
18,BYPL,04DSBYPL2023/01/17,0.0000,0.0000,0.0000,0.0000,0.0000,0.0000,0.0000,0.0000,65.1800,0.0000,8.7533,26.0000,0.0000,0.0000,0.0000,0.0000,9.5600,19.1200,0.0000,0.0000,48.4339,0.0000,0.0000,0.0000,100.1500,0.0000,0.0000,0.0000,0.0000,0.0000,0.0000,0.0000,81.6100,0.0000,0.0000,0.0000,0.0000,27.7400,47.5300,210.9500,51.9100,1.3600,5.0500,3.1800,4.7800,9.5600,0.0000,0.0000,0.0000,0.0000,0.0000,0.0000,0.0000,0.0000,0.0000,0.0000,0.0000,0.0000,0.0000,13.8000,0.0000,0.0000,0.0000,0.0000,1.6100,2.5400,0.0000,0.0000,0.0000,0.0000,0.0000,0.0000,0.6200,0.1900,0.0000,0.0000,0.0000,0.0000,0.0000,0.0000,0.0000,0.0000,0.0000,0.0000,0.0000,0.0000,0.0000,0.0000,0.0000,0.0000,0.0000,23.5300,0.0000,0.0000,0.0000,0.0000,0.0000,0.0000,0.0000,0.0000,0.0000,0.0000,0.0000,0.0000,0.0000,0.0000,0.0000,0.0000,0.0000,0.0000,0.0000,0.0000,0.0000,0.0000,0.0000,0.0000,0.0000,40.3200,0.0000,0.0000,0.0000,0.0000,0.0000,0.0000,0.0000,0.0000,0.0000,0.0000,0.0000,0.0000,0.0000,0.0000,0.0000,0.0000,0.0000,0.0000,0.0000,0.0000,0.0000,0.0000,0.0000,0.0000,0.0000,0.0000,0.0000,0.0000,803.4772,-403.81,0.00,10.6306,0.00,389.0366
19,BYPL,04DSBYPL2023/01/17,0.0000,0.0000,0.0000,0.0000,0.0000,0.0000,0.0000,0.0000,65.1800,0.0000,8.7533,26.0000,0.0000,0.0000,0.0000,0.0000,9.5600,19.1200,0.0000,0.0000,47.3944,0.0000,0.0000,0.0000,100.1500,0.0000,0.0000,0.0000,0.0000,0.0000,0.0000,0.0000,81.1500,0.0000,0.0000,0.0000,0.0000,28.3200,47.5300,210.9500,51.9100,1.3600,5.0000,3.0000,4.7800,9.5600,0.0000,0.0000,0.0000,0.0000,0.0000,0.0000,0.0000,0.0000,0.0000,0.0000,0.0000,0.0000,0.0000,13.8000,0.0000,0.0000,0.0000,0.0000,1.6100,2.5400,0.0000,0.0000,0.0000,0.0000,0.0000,0.0000,0.6200,0.1900,0.0000,0.0000,0.0000,0.0000,0.0000,0.0000,0.0000,0.0000,0.0000,0.0000,0.0000,0.0000,0.0000,0.0000,0.0000,0.0000,0.0000,23.7900,0.0000,0.0000,0.0000,0.0000,0.0000,0.0000,0.0000,0.0000,0.0000,0.0000,0.0000,0.0000,0.0000,0.0000,0.0000,0.0000,0.0000,0.0000,0.0000,0.0000,0.0000,0.0000,0.0000,0.0000,0.0000,40.0700,0.0000,0.0000,0.0000,0.0000,0.0000,0.0000,0.0000,0.0000,0.0000,0.0000,0.0000,0.0000,0.0000,0.0000,0.0000,0.0000,0.0000,0.0000,0.0000,0.0000,0.0000,0.0000,0.0000,0.0000,0.0000,0.0000,0.0000,0.0000,802.3377,-388.81,0.00,10.4886,0.00,403.0391
20,BYPL,04DSBYPL2023/01/17,0.0000,0.0000,0.0000,0.0000,0.0000,0.0000,0.0000,0.0000,65.1800,0.0000,8.7533,26.0000,0.0000,0.0000,0.0000,0.0000,21.9000,19.1200,0.0000,0.0000,47.3944,0.0000,0.0000,0.0000,100.1500,0.0000,0.0000,0.0000,0.0000,0.0000,0.0000,0.0000,81.1600,0.0000,0.0000,0.0000,0.0000,28.3200,47.5300,210.9500,51.9100,1.3600,5.0000,3.0000,11.2700,35.8300,0.0000,0.0000,0.0000,0.0000,0.0000,0.0000,0.0000,0.0000,0.0000,0.0000,0.0000,0.0000,0.0000,13.8000,0.0000,0.0000,0.0000,0.0000,1.6100,2.5400,0.0000,0.0000,0.0000,0.0000,0.0000,0.0000,0.6200,0.1900,0.0000,0.0000,0.0000,0.0000,0.0000,0.0000,0.0000,0.0000,0.0000,0.0000,0.0000,0.0000,0.0000,0.0000,0.0000,0.0000,0.0000,24.1400,0.0000,0.0000,0.0000,0.0000,0.0000,0.0000,0.0000,0.0000,0.0000,0.0000,0.0000,0.0000,0.0000,0.0000,0.0000,0.0000,0.0000,0.0000,0.0000,0.0000,0.0000,0.0000,0.0000,0.0000,0.0000,39.8000,0.0000,0.0000,0.0000,0.0000,0.0000,0.0000,0.0000,0.0000,0.0000,0.0000,0.0000,0.0000,0.0000,0.0000,0.0000,0.0000,0.0000,0.0000,0.0000,0.0000,0.0000,0.0000,0.0000,0.0000,0.0000,0.0000,0.0000,0.0000,847.5277,-373.81,0.00,10.7543,0.00,462.9634
21,BYPL,04DSBYPL2023/01/17,0.0000,0.0000,0.0000,0.0000,0.0000,0.0000,0.0000,0.0000,65.1800,0.0000,8.7533,26.0000,0.0000,0.0000,0.0000,0.0000,21.9000,19.1200,0.0000,0.0000,46.0890,0.0000,0.0000,0.0000,100.1500,0.0000,0.0000,0.0000,0.0000,0.0000,0.0000,0.0000,78.8800,0.0000,0.0000,3.2300,0.0000,28.3200,47.5300,210.9500,51.9100,1.1400,4.7900,3.0000,11.2700,35.8200,0.0000,0.0000,0.0000,0.0000,0.0000,0.0000,0.0000,0.0000,0.0000,0.0000,0.0000,0.0000,0.0000,13.8000,0.0000,0.0000,0.0000,0.0000,1.6100,2.5400,0.0000,0.0000,0.0000,0.0000,0.0000,0.0000,0.6200,0.1900,0.0000,0.0000,0.0000,0.0000,0.0000,0.0000,0.0000,0.0000,0.0000,0.0000,0.0000,0.0000,0.0000,0.0000,0.0000,0.0000,0.0000,24.3900,0.0000,0.0000,0.0000,0.0000,0.0000,0.0000,0.0000,0.0000,0.0000,0.0000,0.0000,0.0000,0.0000,0.0000,0.0000,0.0000,0.0000,0.0000,0.0000,0.0000,0.0000,0.0000,0.0000,0.0000,0.0000,39.7000,0.0000,0.0000,0.0000,0.0000,0.0000,0.0000,0.0000,0.0000,0.0000,0.0000,0.0000,0.0000,0.0000,0.0000,0.0000,0.0000,0.0000,0.0000,0.0000,0.0000,0.0000,0.0000,0.0000,0.0000,0.0000,0.0000,0.0000,0.0000,846.8823,-448.81,0.00,11.4086,0.00,386.6637
22,BYPL,04DSBYPL2023/01/17,0.0000,0.0000,0.0000,0.0000,0.0000,0.0000,0.0000,0.0000,65.1800,0.0000,8.7533,26.0000,0.0000,0.0000,0.0000,0.0000,17.9500,19.1200,0.0000,0.0000,46.0890,0.0000,0.0000,0.0000,100.1500,0.0000,0.0000,0.0000,0.0000,0.0000,0.0000,0.0000,77.7600,0.0000,0.0000,4.4100,0.0000,28.3200,47.5300,210.9500,51.9100,0.9900,4.1900,2.8700,11.2700,35.8200,0.0000,0.0000,0.0000,0.0000,0.0000,0.0000,0.0000,0.0000,0.0000,0.0000,0.0000,0.0000,0.0000,13.8000,0.0000,0.0000,0.0000,0.0000,1.6100,2.5400,0.0000,0.0000,0.0000,0.0000,0.0000,0.0000,0.6200,0.1900,0.0000,0.0000,0.0000,0.0000,0.0000,0.0000,0.0000,0.0000,0.0000,0.0000,0.0000,0.0000,0.0000,0.0000,0.0000,0.0000,0.0000,24.6200,0.0000,0.0000,0.0000,0.0000,0.0000,0.0000,0.0000,0.0000,0.0000,0.0000,0.0000,0.0000,0.0000,0.0000,0.0000,0.0000,0.0000,0.0000,0.0000,0.0000,0.0000,0.0000,0.0000,0.0000,0.0000,39.5700,0.0000,0.0000,0.0000,0.0000,0.0000,0.0000,0.0000,0.0000,0.0000,0.0000,0.0000,0.0000,0.0000,0.0000,0.0000,0.0000,0.0000,0.0000,0.0000,0.0000,0.0000,0.0000,0.0000,0.0000,0.0000,0.0000,0.0000,0.0000,842.2123,-423.81,0.00,11.1475,0.00,407.2548
23,BYPL,04DSBYPL2023/01/17,0.0000,0.0000,0.0000,0.0000,0.0000,0.0000,0.0000,0.0000,65.1800,0.0000,8.7533,26.0000,0.0000,0.0000,0.0000,0.0000,21.9000,19.1200,0.0000,0.0000,46.0890,0.0000,0.0000,0.0000,100.1500,0.0000,0.0000,0.0000,0.0000,0.0000,0.0000,0.0000,136.1900,0.0000,0.0000,4.4100,0.0000,28.3200,47.5300,210.9500,51.9100,2.5700,10.1400,6.3200,11.2700,35.8200,0.0000,0.0000,0.0000,0.0000,0.0000,0.0000,0.0000,0.0000,0.0000,0.0000,0.0000,0.0000,0.0000,13.8000,0.0000,0.0000,0.0000,0.0000,1.6100,2.5400,0.0000,0.0000,0.0000,0.0000,0.0000,0.0000,0.6200,0.1900,0.0000,0.0000,0.0000,0.0000,0.0000,0.0000,0.0000,0.0000,0.0000,0.0000,0.0000,0.0000,0.0000,0.0000,0.0000,0.0000,0.0000,24.0200,0.0000,0.0000,0.0000,0.0000,0.0000,0.0000,0.0000,0.0000,0.0000,0.0000,0.0000,0.0000,0.0000,0.0000,0.0000,0.0000,0.0000,0.0000,0.0000,0.0000,0.0000,0.0000,0.0000,0.0000,0.0000,38.4700,0.0000,0.0000,0.0000,0.0000,0.0000,0.0000,0.0000,0.0000,0.0000,0.0000,0.0000,0.0000,0.0000,0.0000,0.0000,0.0000,0.0000,0.0000,0.0000,0.0000,0.0000,0.0000,0.0000,0.0000,0.0000,0.0000,0.0000,0.0000,913.8723,-419.81,0.00,11.7429,0.00,482.3194
24,BYPL,04DSBYPL2023/01/17,0.0000,0.0000,0.0000,0.0000,0.0000,0.0000,0.0000,0.0000,65.1800,0.0000,8.7533,26.0000,0.0000,0.0000,0.0000,0.0000,21.9000,59.6600,0.7000,0.0000,46.0890,0.0000,0.0000,0.0000,100.1500,0.0000,0.0000,0.0000,0.0000,0.0000,0.0000,0.0000,153.0000,0.0000,0.0000,4.4100,0.0000,28.3200,47.5300,210.9500,51.9100,2.5700,10.1400,6.3200,11.2700,35.8200,0.0000,0.0000,0.0000,0.0000,0.0000,0.0000,0.0000,0.0000,0.0000,0.0000,0.0000,0.0000,0.0000,13.8000,0.0000,0.0000,0.0000,0.0000,1.6100,2.5400,0.0000,0.0000,0.0000,0.0000,1.2600,0.0000,0.6200,0.1900,0.0000,0.0000,0.0000,0.0000,0.0000,0.0000,0.0000,0.0000,0.0000,0.0000,0.0000,0.0000,0.0000,0.0000,0.0000,0.0000,0.0000,24.1400,0.0000,0.0000,0.0000,0.0000,0.0000,0.0000,0.0000,0.0000,0.0000,0.0000,0.0000,0.0000,0.0000,0.0000,0.0000,0.0000,0.0000,0.0000,0.0000,0.0000,0.0000,0.0000,0.0000,0.0000,0.0000,37.9900,0.0000,0.0000,0.0000,0.0000,0.0000,0.0000,0.0000,0.0000,0.0000,0.0000,0.0000,0.0000,0.0000,0.0000,0.0000,0.0000,0.0000,0.0000,0.0000,0.0000,0.0000,0.0000,0.0000,0.0000,0.0000,0.0000,0.0000,0.0000,972.8223,-369.81,0.00,11.8217,0.00,591.1906
25,BYPL,04DSBYPL2023/01/17,0.0000,0.0000,0.0000,0.0000,0.0000,0.0000,0.0000,0.0000,65.1800,0.0000,8.7533,26.0000,0.0000,0.0000,0.0000,0.0000,21.9000,59.6600,4.8800,0.0000,45.0000,0.0000,0.0000,0.0000,100.1500,0.0000,0.0000,0.0000,0.0000,0.0000,0.0000,0.0000,157.4400,0.0000,0.0000,4.4100,0.0000,28.3200,47.5300,210.9500,51.9100,2.5700,10.1400,6.3200,11.2700,35.8200,0.0000,0.0000,0.0000,0.0000,0.0000,0.0000,0.0000,0.0000,0.0000,0.0000,0.0000,0.0000,0.0000,13.8000,0.0000,0.0000,0.0000,0.0000,1.6100,2.5400,0.0000,0.0000,0.0000,0.0000,4.0300,0.0000,0.6200,0.1900,0.2700,0.0000,0.0000,0.0000,0.0000,0.0000,0.0000,0.0000,0.0000,0.0000,0.0000,0.0000,0.0000,0.0000,0.0000,0.0000,0.0000,23.9900,0.0000,0.0000,0.0000,0.0000,0.0000,0.0000,0.0000,0.0000,0.0000,0.0000,0.0000,0.0000,0.0000,0.0000,0.0000,0.0000,0.0000,0.0000,0.0000,0.0000,0.0000,0.0000,0.0000,0.0000,0.0000,37.1600,0.0000,0.0000,0.0000,0.0000,0.0000,0.0000,0.0000,0.0000,0.0000,0.0000,0.0000,0.0000,0.0000,0.0000,0.0000,0.0000,0.0000,0.0000,0.0000,0.0000,0.0000,0.0000,0.0000,0.0000,0.0000,0.0000,0.0000,0.0000,982.4133,-306.10,-30.91,11.3454,0.00,634.0579
26,BYPL,04DSBYPL2023/01/17,0.0000,0.0000,0.0000,0.0000,0.0000,0.0000,0.0000,0.0000,65.1800,0.0000,8.7533,26.0000,0.0000,0.0000,0.0000,0.0000,21.9000,61.5600,10.4600,0.0000,45.0000,0.0000,0.0000,0.0000,100.1500,0.0000,0.0000,0.0000,0.0000,0.0000,0.0000,0.0000,157.4400,0.0000,0.0000,4.4100,0.0000,28.3200,47.5300,210.9500,51.9100,2.5700,10.1400,6.3200,11.2700,35.8200,0.0000,0.0000,0.0000,0.0000,0.0000,0.0000,0.0000,0.0000,0.0000,0.0000,0.0000,0.0000,0.0000,13.8000,0.0000,0.0000,0.0000,0.0000,1.6100,2.5400,0.0000,0.6600,0.0000,2.1400,4.0300,0.0000,0.6200,0.1900,1.5900,0.0000,0.0000,0.0000,0.0000,0.0000,0.0000,0.0000,0.0000,0.0500,0.0000,0.0000,0.0000,0.0000,0.0000,0.0000,0.0000,23.6100,0.0000,0.0000,0.0000,0.0000,0.0000,0.0000,0.0000,0.0000,0.0000,0.0000,0.0000,0.0000,0.0000,0.0000,0.0000,0.0000,0.0000,0.0000,0.0000,0.0000,0.0000,0.0000,0.0000,0.0000,0.0000,35.8500,0.0000,0.0000,0.0000,0.0000,0.0000,0.0000,0.0000,0.0000,0.0000,0.0000,0.0000,0.0000,0.0000,0.0000,0.0000,0.0000,0.0000,0.0000,0.0000,0.0000,0.0000,0.0000,0.0000,0.0000,0.0000,0.0000,0.0000,0.0000,992.3733,-276.10,-5.00,11.1686,0.00,700.1047
27,BYPL,04DSBYPL2023/01/17,0.0000,0.0000,0.0000,0.0000,0.0000,0.0000,0.0000,0.0000,65.1800,0.0000,8.7533,26.0000,0.0000,0.0000,0.0000,0.0000,21.9000,62.4800,16.6600,0.0000,45.0000,0.0000,0.0000,0.0000,100.1500,0.0000,0.0000,0.0000,0.0000,0.0000,0.0000,0.0000,157.4400,0.0000,0.0000,4.4100,0.0000,28.3200,47.5300,210.9500,51.9100,2.5700,10.1400,6.3200,11.2700,35.8200,0.0000,0.0000,0.0000,0.0000,0.0000,0.0000,0.0000,0.0000,0.0000,0.0000,0.0000,0.0000,0.0000,13.8000,0.0000,0.0000,0.0000,0.0000,1.6100,2.5400,0.0000,1.3100,0.0000,2.1400,8.0700,0.0000,0.6200,0.1900,3.2100,0.0000,0.0000,0.0000,0.0000,0.0000,0.0000,0.0000,0.0000,0.2574,0.0000,0.0000,0.0000,0.0000,0.0000,0.0000,0.0000,23.3600,0.0000,0.0000,0.0000,0.0000,0.0000,0.6700,0.0000,0.0000,0.0000,0.0000,0.0000,0.0000,0.0000,0.0000,0.0000,0.0000,0.0000,0.0000,0.0000,0.0000,0.0000,0.0000,0.0000,0.0000,0.0000,35.3900,0.0000,0.0000,0.0000,0.0000,0.0000,0.0000,0.0000,0.0000,0.0000,0.0000,0.0000,0.0000,0.0000,0.0000,0.0000,0.0000,0.0000,0.0000,0.0000,0.0000,0.0000,0.0000,0.0000,0.0000,0.0000,0.0000,0.0000,0.0000,1005.9707,-276.10,0.00,11.2865,0.00,718.5842
28,BYPL,04DSBYPL2023/01/17,0.0000,0.0000,0.0000,0.0000,0.0000,0.0000,0.0000,0.0000,65.1800,0.0000,8.7533,26.0000,0.0000,0.0000,0.0000,0.0000,21.9000,62.4800,22.9600,0.0000,55.0000,0.0000,0.0000,0.0000,100.1500,0.0000,0.0000,0.0000,0.0000,0.0000,0.0000,0.0000,157.4400,0.0000,0.0000,4.4100,0.0000,28.3200,47.5300,210.9500,51.9100,2.5700,10.1400,6.3200,11.2700,35.8200,0.0000,0.0000,0.0000,0.0000,0.0000,0.0000,0.0000,1.2800,0.0000,0.0000,0.0000,0.0000,0.0000,13.8000,0.0000,0.0000,0.0000,0.0000,1.6100,2.4900,0.9200,1.9700,0.0000,4.4800,12.2500,0.9400,0.6200,0.1900,3.2100,0.0000,0.0000,0.0000,0.0000,0.0000,0.0000,0.0000,0.0000,1.6800,0.0000,0.0000,0.0000,0.0000,0.0000,0.0000,0.0000,22.8400,0.0000,0.0000,0.0000,0.0000,0.0000,2.6700,0.0000,0.0000,0.0000,0.0000,0.0000,0.0000,0.0000,0.0000,0.0000,0.0000,0.0000,0.0000,0.0000,0.0000,0.0000,0.0000,0.0000,0.0000,0.0000,34.4000,0.0000,0.0000,0.0000,0.0000,0.0000,0.0000,0.0000,0.0000,0.0000,0.0000,0.0000,0.0000,0.0000,0.0000,0.0000,0.0000,0.0000,0.0000,0.0000,0.0000,0.0000,0.0000,0.0000,0.0000,0.0000,0.0000,0.0000,0.0000,1034.4533,-242.64,0.00,11.8190,0.00,779.9943
29,BYPL,04DSBYPL2023/01/17,0.0000,0.0000,0.0000,0.0000,0.0000,0.0000,0.0000,0.0000,65.1800,0.0000,8.7533,26.0000,0.0000,0.0000,0.0000,0.0000,21.9000,62.4800,28.3400,0.0000,55.0000,0.0000,0.0000,0.0000,100.1500,0.0000,0.0000,0.0000,0.0000,0.0000,0.0000,0.0000,157.4400,0.0000,0.0000,4.4100,0.0000,28.3200,47.5300,210.9500,51.9100,2.5700,10.1400,6.3200,11.2700,35.8200,0.0000,0.0000,0.0000,0.0000,0.0000,0.0000,0.0000,2.5800,0.0000,0.0000,0.0000,0.0000,0.0000,13.7200,0.0000,0.0000,0.0000,0.0000,6.7000,2.4900,4.3300,6.7600,0.0000,6.7200,12.2500,4.0600,3.1100,0.1900,3.2100,0.0000,0.0000,0.0000,0.0000,0.0000,0.0000,0.0000,0.0000,5.7800,0.0000,0.0000,0.0000,0.0000,0.0000,0.0000,0.0000,21.8700,0.0000,0.0000,0.0000,0.0000,0.0000,2.6700,0.0000,0.0000,0.0000,0.0000,0.0000,0.0000,0.0000,0.0000,0.0000,0.0000,0.0000,0.0000,0.0000,0.0000,0.0000,0.0000,0.0000,0.0000,0.0000,32.4400,0.0000,0.0000,0.0000,0.0000,0.0000,0.0000,0.0000,0.0000,0.0000,0.0000,0.0000,0.0000,0.0000,0.0000,0.0000,0.0000,0.0000,0.0000,0.0000,0.0000,0.0000,0.0000,0.0000,0.0000,0.0000,0.0000,0.0000,0.0000,1063.3633,-218.73,0.00,12.2478,0.00,832.3855
30,BYPL,04DSBYPL2023/01/17,0.0000,0.0000,0.0000,0.0000,0.0000,0.0000,0.0000,0.0000,65.1800,0.0000,8.7533,26.0000,0.0000,0.0000,0.0000,0.0000,21.9000,62.4800,28.6900,0.0000,55.0000,0.0000,0.0000,0.0000,100.1500,0.0000,0.0000,0.0000,0.0000,0.0000,0.0000,0.0000,157.4400,0.0000,0.0000,4.4100,0.0000,28.3200,47.5300,210.9500,51.9100,2.5700,10.1400,6.3200,11.2700,35.8200,0.0000,0.0000,0.0000,0.0000,0.0000,0.0000,0.0000,3.9200,0.0000,0.0000,0.0000,0.0000,0.0000,13.7200,0.0000,0.0000,0.0000,0.0000,6.7000,2.4900,7.1400,10.1700,0.0000,6.7200,12.2500,4.0600,12.9900,0.1900,3.2100,0.0000,0.0000,0.0000,0.0000,0.0000,0.0000,0.0000,0.0000,12.2898,0.0000,0.0000,0.0000,0.0000,0.0000,0.0000,0.0000,21.1700,0.0000,0.0000,0.0300,0.0000,0.0000,3.6700,0.0000,0.0000,0.0000,0.0000,0.0000,0.0000,0.0000,0.0000,0.0000,0.0000,0.0000,0.0000,0.0000,0.0000,0.0000,0.0000,0.0000,0.0000,0.0000,31.3000,0.0000,0.0000,0.0000,0.0000,0.0000,0.0000,0.0000,0.0000,0.0000,0.0000,0.0000,0.0000,0.0000,0.0000,0.0000,0.0000,0.0000,0.0000,0.0000,0.0000,0.0000,0.0000,0.0000,0.0000,0.0000,0.0000,0.0000,0.0000,1086.8531,-185.27,0.00,12.6917,0.00,888.8914
31,BYPL,04DSBYPL2023/01/17,0.0000,0.0000,0.0000,0.0000,0.0000,0.0000,0.0000,0.0000,65.1800,0.0000,8.7533,26.0000,0.0000,0.0000,0.0000,0.0000,21.9000,62.4800,28.6900,0.0000,55.0000,0.0000,0.0000,0.0000,100.1500,0.0000,0.0300,0.0000,0.0000,0.0000,0.0000,0.0000,157.4400,0.0000,0.0000,4.4100,0.0000,28.3200,47.5300,210.9500,51.9100,2.5700,10.1400,6.3200,11.2700,35.8200,0.0000,0.0000,0.0000,0.0000,0.0000,0.0000,0.0000,3.9200,0.0000,0.0000,0.0000,0.0000,0.0000,13.7200,0.0000,0.0000,0.0000,0.0000,2.6800,4.0500,7.1400,10.1700,0.0000,6.7200,12.2500,4.2500,12.9900,0.1900,3.2100,0.0000,0.0000,0.0000,0.0000,0.0000,0.0000,0.0000,0.0000,19.3499,0.0000,0.0000,0.0000,0.0000,0.0000,0.0000,0.0000,20.4500,0.0000,0.0000,0.0900,0.0000,0.7300,3.6700,0.0000,0.0000,0.0000,0.0000,0.0000,0.0000,0.0000,0.0000,0.0000,0.0000,0.0000,0.0000,0.0000,0.0000,0.0000,0.0000,0.0000,0.0000,0.0000,30.1500,0.0000,0.0000,0.0000,0.0000,0.0000,0.0000,0.0000,0.0000,0.0000,0.0000,0.0000,0.0000,0.0000,0.0000,0.0000,0.0000,0.0000,0.0000,0.0000,0.0000,0.0000,0.0000,0.0000,0.0000,0.0000,0.0000,0.0000,0.0000,1090.5932,-156.59,0.00,12.9146,0.00,921.0886
32,BYPL,04DSBYPL2023/01/17,0.0000,0.0000,0.0000,0.0000,0.0000,0.0000,0.0000,0.0000,65.1800,0.0000,8.7533,26.0000,0.0000,0.0000,0.0000,0.0000,21.9000,62.4800,28.6900,0.0000,55.0000,0.0000,0.0000,0.0000,100.1500,0.0000,0.3200,0.0000,0.0000,0.0000,0.0000,0.0000,157.4400,0.0000,0.0000,4.4100,0.0000,28.3200,47.5300,210.9500,51.9100,2.5700,10.1400,6.3200,11.2700,35.8200,0.0000,0.0000,0.0000,0.0000,0.0000,0.0000,0.0000,3.9200,0.0000,0.0000,0.0000,0.0000,0.0000,13.7200,0.0000,0.0000,0.0000,0.0000,2.1400,4.0500,7.1400,10.1700,0.0000,6.7200,12.2500,4.2500,12.9900,0.1900,3.2100,0.0000,0.0000,0.0000,0.0000,0.0000,0.0000,0.0000,0.0000,21.3499,0.0000,0.0000,0.0000,0.0000,0.0000,0.0000,0.0000,19.7600,0.0000,0.0000,1.6900,0.0000,4.2300,5.3300,0.0000,0.0000,0.0000,0.0000,0.0000,0.0000,0.0000,0.0000,0.0000,0.0000,0.0000,0.0000,0.0000,0.0000,0.0000,0.0000,0.0000,0.0000,0.0000,29.0800,0.0000,0.0000,0.0000,0.0000,0.0000,0.0000,0.0000,0.0000,0.0000,0.0000,0.0000,0.0000,0.0000,0.0000,0.0000,0.0000,0.0000,0.0000,0.0000,0.0000,0.0000,0.0000,0.0000,0.0000,0.0000,0.0000,0.0000,0.0000,1097.3432,-147.03,0.00,13.0379,0.00,937.2753
33,BYPL,04DSBYPL2023/01/17,0.0000,0.0000,0.0000,0.0000,0.0000,0.0000,0.0000,0.0000,65.1800,0.0000,8.7533,26.0000,0.0000,0.0000,0.0000,0.0000,21.9000,62.4800,28.6900,0.0000,55.0000,0.0000,0.0000,0.0000,100.1500,0.0000,1.1700,0.0000,0.0000,0.0000,0.0000,0.0000,157.4400,0.0000,0.0000,4.4100,0.0000,28.3200,47.5300,210.9500,51.9100,2.5700,10.1400,6.3200,11.2700,35.8200,0.0000,0.0000,0.0000,0.0000,0.0000,0.0000,0.0000,2.5800,0.0000,0.0000,0.0000,0.0000,0.0000,13.7200,0.0000,0.0000,0.0000,0.0000,2.1400,4.0500,7.1400,10.1700,0.0000,6.7200,12.2500,4.2500,12.9900,0.1900,3.1900,0.0000,0.0000,0.0000,0.0000,0.0000,0.0000,0.0000,0.0000,21.3497,0.0000,0.0000,0.0000,0.0000,0.0000,0.0000,0.0000,19.1600,0.0000,0.0000,3.8800,0.0000,9.2700,4.6700,0.0000,0.0000,0.0000,0.0000,0.0000,0.0000,0.0000,0.0000,0.0000,0.0000,0.0000,0.0000,0.0000,0.0000,0.0000,0.0000,0.0000,0.0000,0.0000,27.1700,0.0000,0.0000,0.0000,0.0000,0.0000,0.0000,0.0000,0.0000,0.0000,0.0000,0.0000,0.0000,0.0000,0.0000,0.0000,0.0000,0.0000,0.0000,0.0000,0.0000,0.0000,0.0000,0.0000,0.0000,0.0000,0.0000,0.0000,0.0000,1100.8930,-137.38,0.00,13.1466,0.00,950.3664
34,BYPL,04DSBYPL2023/01/17,0.0000,0.0000,0.0000,0.0000,0.0000,0.0000,0.0000,0.0000,65.1800,0.0000,8.7533,26.0000,0.0000,0.0000,0.0000,0.0000,21.9000,62.4800,28.3400,0.0000,55.0000,0.0000,0.0000,0.0000,100.1500,0.0000,2.6100,0.0000,0.0000,0.0000,0.0000,0.0000,157.4400,0.0000,0.0000,4.4100,0.0000,28.3200,47.5300,210.9500,51.9100,2.5700,10.1400,6.3200,11.2700,35.8200,0.0000,0.0000,0.0000,0.0000,0.0000,0.0000,0.0000,1.3000,0.0000,0.0000,0.0000,0.0000,0.0000,13.7200,0.0000,0.0000,0.0000,0.0000,2.6800,4.0500,4.3200,6.7600,0.0000,6.7200,12.2500,4.2500,3.1100,0.1900,3.1900,0.0000,0.0000,0.0000,0.0000,0.0000,0.0000,0.0000,0.0000,21.3497,0.0000,0.0000,0.0000,0.0000,0.0000,0.0000,0.0000,18.5700,0.0000,0.0000,8.8800,0.0000,14.8100,8.3300,0.0000,0.0000,0.0000,0.0000,0.0000,0.0000,0.0000,0.0000,0.0000,0.0000,0.0000,0.0000,0.0000,0.0000,0.0000,0.0000,0.0000,0.0000,0.0000,25.3800,0.0000,0.0000,0.0000,0.0000,0.0000,0.0000,0.0000,0.0000,0.0000,0.0000,0.0000,0.0000,0.0000,0.0000,0.0000,0.0000,0.0000,0.0000,0.0000,0.0000,0.0000,0.0000,0.0000,0.0000,0.0000,0.0000,0.0000,0.0000,1096.9530,-127.81,0.00,13.1835,0.00,955.9595
35,BYPL,04DSBYPL2023/01/17,0.0000,0.0000,0.0000,0.0000,0.0000,0.0000,0.0000,0.0000,65.1800,0.0000,8.7533,26.0000,0.0000,0.0000,0.0000,0.0000,21.9000,62.4800,22.9600,0.0000,55.0000,0.0000,0.0000,0.0000,100.1500,0.0000,4.0200,0.0000,0.0000,0.0000,0.0000,0.0000,157.4400,0.0000,0.0000,4.4100,0.0000,28.3200,47.5300,210.9500,51.9100,2.5700,10.1400,6.3200,11.2700,35.8200,0.0000,0.0000,0.0000,0.0000,0.0000,0.0000,0.0000,0.0000,0.0000,0.0000,0.0000,0.0000,0.0000,13.7200,0.0000,0.0000,0.0000,0.0000,6.7000,2.5400,0.9200,1.3100,0.0000,6.7200,8.0700,0.9800,0.6200,0.1900,1.5800,0.0000,0.0000,0.0000,0.0000,0.0000,0.0000,0.0000,0.0000,21.3497,0.0000,0.0000,0.0000,0.0000,0.0000,0.0000,0.0000,17.9500,0.0000,0.0000,14.7400,0.0000,19.5400,17.6600,0.0000,0.0000,0.0000,0.0000,0.0000,0.0000,0.0000,0.0000,0.0000,0.0000,0.0000,0.0000,0.0000,0.0000,0.0000,0.0000,0.0000,0.0000,0.0000,23.6600,0.0000,0.0000,0.0000,0.0000,0.0000,0.0000,0.0000,0.0000,0.0000,0.0000,0.0000,0.0000,0.0000,0.0000,0.0000,0.0000,0.0000,0.0000,0.0000,0.0000,0.0000,0.0000,0.0000,0.0000,0.0000,0.0000,0.0000,0.0000,1091.3730,-108.69,0.00,13.2902,0.00,969.3928
36,BYPL,04DSBYPL2023/01/17,0.0000,0.0000,0.0000,0.0000,0.0000,0.0000,0.0000,0.0000,65.1800,0.0000,8.7533,26.0000,0.0000,0.0000,0.0000,0.0000,21.9000,62.4800,17.2200,0.0000,55.0000,0.0000,0.0000,0.0000,100.1500,0.0000,5.9500,0.0000,0.0000,0.0000,0.0000,0.0000,157.4400,0.0000,0.0000,4.4100,0.0000,28.3200,47.5300,210.9500,51.9100,2.5700,10.1400,6.3200,11.2700,35.8200,0.0000,0.0000,0.0000,0.0000,0.0000,0.0000,0.0000,0.0000,0.0000,0.0000,0.0000,0.0000,0.0000,13.7200,0.0000,0.0000,0.0000,0.0000,6.7000,2.5400,0.0000,0.6600,0.0000,4.4800,8.0700,0.0000,0.6200,0.1900,1.5800,0.0000,0.0000,0.0000,0.0000,0.0000,0.0000,0.0000,0.0000,21.3497,0.0000,0.0000,0.0000,0.0000,0.0000,0.0000,0.0000,17.4200,0.0000,0.0000,20.3800,0.0000,24.0900,24.3300,0.0000,0.0000,0.0000,0.0000,0.0000,0.0000,0.0000,0.0000,0.0000,0.0000,0.0000,0.0000,0.0000,0.0000,0.0000,0.0000,0.0000,0.0000,0.0000,21.8900,0.0000,0.0000,0.0000,0.0000,0.0000,0.0000,0.0000,0.0000,0.0000,0.0000,0.0000,0.0000,0.0000,0.0000,0.0000,0.0000,0.0000,0.0000,0.0000,0.0000,0.0000,0.0000,0.0000,0.0000,0.0000,0.0000,0.0000,0.0000,1097.3330,-108.69,0.00,13.3257,0.00,975.3173
37,BYPL,04DSBYPL2023/01/17,0.0000,0.0000,0.0000,0.0000,0.0000,0.0000,0.0000,0.0000,65.1800,0.0000,8.7533,26.0000,0.0000,0.0000,0.0000,0.0000,21.9000,62.4800,15.1000,0.0000,55.0000,0.0000,0.0000,0.0000,100.1500,0.0000,7.7600,0.0000,0.0000,0.0000,0.0000,0.0000,157.4400,0.0000,0.0000,4.4100,0.0000,28.3200,47.5300,210.9500,51.9100,2.5700,10.1400,6.3200,11.2700,35.8200,0.0000,0.0000,0.0000,0.0000,0.0000,0.0000,0.0000,0.0000,0.0000,0.0000,0.0000,0.0000,0.0000,13.7200,0.0000,0.0000,0.0000,0.0000,2.6800,2.5400,0.0000,0.0000,0.0000,2.2400,8.0700,0.0000,0.6200,0.1900,1.5800,0.0000,0.0000,0.0000,0.0000,0.0000,0.0000,0.0000,0.0000,21.3497,0.0000,0.0000,0.0000,0.0000,0.0000,0.0000,0.0000,15.7000,0.0000,0.0000,25.0500,0.0000,28.3500,26.0000,0.0000,0.0000,0.0000,0.0000,0.0000,0.0000,0.0000,0.0000,0.0000,0.0000,0.0000,0.0000,0.0000,0.0000,0.0000,0.0000,0.0000,0.0000,0.0000,18.4300,0.0000,0.0000,0.0000,0.0000,0.0000,0.0000,0.0000,0.0000,0.0000,0.0000,0.0000,0.0000,0.0000,0.0000,0.0000,0.0000,0.0000,0.0000,0.0000,0.0000,0.0000,0.0000,0.0000,0.0000,0.0000,0.0000,0.0000,0.0000,1095.5230,-108.69,0.00,13.2938,0.00,973.5392
38,BYPL,04DSBYPL2023/01/17,0.0000,0.0000,0.0000,0.0000,0.0000,0.0000,0.0000,0.0000,65.1800,0.0000,8.7533,26.0000,0.0000,0.0000,0.0000,0.0000,21.9000,62.4800,9.7500,0.0000,55.0000,0.0000,0.0000,0.0000,100.1500,0.0000,8.9900,0.0000,0.0000,0.0000,0.0000,0.0000,157.4400,0.0000,0.0000,4.4100,0.0000,28.3200,47.5300,210.9500,51.9100,2.5700,10.1400,6.3200,11.2700,35.8200,0.0000,0.0000,0.0000,0.0000,0.0000,0.0000,0.0000,0.0000,0.0000,0.0000,0.0000,0.0000,0.0000,13.7200,0.0000,0.0000,0.0000,0.0000,2.1400,2.5400,0.0000,0.0000,0.0000,2.2400,8.0700,0.0000,0.6200,0.1900,0.2700,0.0000,0.0000,0.0000,0.0000,0.0000,0.0000,0.0000,0.0000,21.3497,0.0000,0.0000,0.0000,0.0000,0.0000,0.0000,0.0000,13.5900,0.0000,0.0000,29.4500,0.0000,32.3000,30.6600,0.0000,0.0000,0.0000,0.0000,0.0000,0.0000,0.0000,0.0000,0.0000,0.0000,0.0000,0.0000,0.0000,0.0000,0.0000,0.0000,0.0000,0.0000,0.0000,15.2800,0.0000,0.0000,0.0000,0.0000,0.0000,0.0000,0.0000,0.0000,0.0000,0.0000,0.0000,0.0000,0.0000,0.0000,0.0000,0.0000,0.0000,0.0000,0.0000,0.0000,0.0000,0.0000,0.0000,0.0000,0.0000,0.0000,0.0000,0.0000,1097.3030,-103.91,0.00,13.3407,0.00,980.0523
39,BYPL,04DSBYPL2023/01/17,0.0000,0.0000,0.0000,0.0000,0.0000,0.0000,0.0000,0.0000,65.1800,0.0000,8.7533,26.0000,0.0000,0.0000,0.0000,0.0000,21.9000,62.4800,4.8800,0.0000,55.0000,0.0000,0.0000,0.0000,100.1500,0.0000,10.1400,0.0000,0.0000,0.0000,0.0000,0.0000,157.4400,0.0000,0.0000,4.4100,0.0000,28.3200,47.5300,210.9500,51.9100,2.5700,10.1400,6.3200,11.2700,35.8200,0.0000,0.0000,0.0000,0.0000,0.0000,0.0000,0.0000,0.0000,0.0000,0.0000,0.0000,0.0000,0.0000,13.7200,0.0000,0.0000,0.0000,0.0000,2.1400,2.5400,0.0000,0.0000,0.0000,0.0000,8.0700,0.0000,0.6200,0.1900,0.0000,0.0000,0.0000,0.0000,0.0000,0.0000,0.0000,0.0000,0.0000,21.3497,0.0000,0.0000,0.0000,0.0000,0.0000,0.0000,0.0000,11.5800,0.0000,0.0000,33.8100,0.0000,35.6600,33.6600,0.0000,0.0000,0.0000,0.0000,0.0000,0.0000,0.0000,0.0000,0.0000,0.0000,0.0000,0.0000,0.0000,0.0000,0.0000,0.0000,0.0000,0.0000,0.0000,13.2600,0.0000,0.0000,0.0000,0.0000,0.0000,0.0000,0.0000,0.0000,0.0000,0.0000,0.0000,0.0000,0.0000,0.0000,0.0000,0.0000,0.0000,0.0000,0.0000,0.0000,0.0000,0.0000,0.0000,0.0000,0.0000,0.0000,0.0000,0.0000,1097.7630,-94.35,0.00,13.4188,0.00,989.9942
40,BYPL,04DSBYPL2023/01/17,0.0000,0.0000,0.0000,0.0000,0.0000,0.0000,0.0000,0.0000,65.1800,0.0000,8.7533,26.0000,0.0000,0.0000,0.0000,0.0000,21.9000,62.4800,4.8800,0.0000,55.0000,0.0000,0.0000,0.0000,100.1500,0.0000,11.7700,0.0000,0.0000,0.0000,0.0000,0.0000,157.4400,0.0000,0.0000,4.4100,0.0000,28.3200,47.5300,210.9500,51.9100,2.5700,10.1400,6.3200,11.2700,35.8200,0.0000,0.0000,0.0000,0.0000,0.0000,0.0000,0.0000,0.0000,0.0000,0.0000,0.0000,0.0000,0.0000,13.7200,0.0000,0.0000,0.0000,0.0000,2.1400,2.5400,0.0000,0.0000,0.0000,0.0000,5.4200,0.0000,0.6200,0.1900,0.0000,0.0000,0.0000,0.0000,0.0000,0.0000,0.0000,0.0000,0.0000,21.3497,0.0000,0.0000,0.0000,0.0000,0.0000,0.0000,0.0000,9.9400,0.0000,0.0000,42.8300,0.0000,38.7700,36.6600,0.0000,0.0000,0.0000,0.0000,0.0000,0.0000,0.0000,0.0000,0.0000,0.0000,0.0000,0.0000,0.0000,0.0000,0.0000,0.0000,0.0000,0.0000,0.0000,11.6900,0.0000,0.0000,0.0000,0.0000,0.0000,0.0000,0.0000,0.0000,0.0000,0.0000,0.0000,0.0000,0.0000,0.0000,0.0000,0.0000,0.0000,0.0000,0.0000,0.0000,0.0000,0.0000,0.0000,0.0000,0.0000,0.0000,0.0000,0.0000,1108.6630,-94.35,0.00,13.5004,0.00,1000.8126
41,BYPL,04DSBYPL2023/01/17,0.0000,0.0000,0.0000,0.0000,0.0000,0.0000,0.0000,0.0000,65.1800,0.0000,8.7533,26.0000,0.0000,0.0000,0.0000,0.0000,21.9000,62.4800,0.7000,0.0000,55.0000,0.0000,0.0000,0.0000,100.1500,0.0000,12.7300,0.0000,0.0000,0.0000,0.0000,0.0000,157.4400,0.0000,0.0000,4.4100,0.0000,28.3200,47.5300,210.9500,51.9100,2.5700,10.1400,6.3200,11.2700,35.8200,0.0000,0.0000,0.0000,0.0000,0.0000,0.0000,0.0000,0.0000,0.0000,0.0000,0.0000,0.0000,0.0000,13.7200,0.0000,0.0000,0.0000,0.0000,2.6800,4.0500,0.0000,0.0000,0.0000,0.0000,4.0300,0.0000,0.6200,0.1900,0.0000,0.0000,0.0000,0.0000,0.0000,0.0000,0.0000,0.0000,0.0000,21.3497,0.0000,0.0000,0.0000,0.0000,0.0000,0.0000,0.0000,9.3800,0.0000,0.0000,46.8200,0.0000,41.3400,39.3300,0.0000,0.0000,0.0000,0.0000,0.0000,0.0000,0.0000,0.0000,0.0000,0.0000,0.0000,0.0000,0.0000,0.0000,0.0000,0.0000,0.0000,0.0000,0.0000,11.5900,0.0000,0.0000,0.0000,0.0000,0.0000,0.0000,0.0000,0.0000,0.0000,0.0000,0.0000,0.0000,0.0000,0.0000,0.0000,0.0000,0.0000,0.0000,0.0000,0.0000,0.0000,0.0000,0.0000,0.0000,0.0000,0.0000,0.0000,0.0000,1114.6730,-84.81,0.00,13.6288,0.00,1016.2342
42,BYPL,04DSBYPL2023/01/17,0.0000,0.0000,0.0000,0.0000,0.0000,0.0000,0.0000,0.0000,65.1800,0.0000,8.7533,26.0000,0.0000,0.0000,0.0000,0.0000,21.9000,62.4800,0.0000,0.0000,55.0000,0.0000,0.0000,0.0000,100.1500,0.0000,13.5300,0.0000,0.0000,0.0000,0.0000,0.0000,157.4400,0.0000,0.0000,4.4100,0.0000,28.3200,47.5300,210.9500,51.9100,2.5700,10.1400,6.3200,11.2700,35.8200,0.0000,0.0000,0.0000,0.0000,0.0000,0.0000,0.0000,0.0000,0.0000,0.0000,0.0000,0.0000,0.0000,13.7200,0.0000,0.0000,0.0000,0.0000,6.7000,4.0500,0.0000,0.0000,0.0000,0.0000,0.0000,0.0000,0.6200,0.1900,0.0000,0.0000,0.0000,0.0000,0.0000,0.0000,0.0000,0.0000,0.0000,21.3497,0.0000,0.0000,0.0000,0.0000,0.0000,0.0000,0.0000,9.0300,0.0000,0.0000,49.8900,0.0000,43.3800,41.6600,0.0000,0.0000,0.0000,0.0000,0.0000,0.0000,0.0000,0.0000,0.0000,0.0000,0.0000,0.0000,0.0000,0.0000,0.0000,0.0000,0.0000,0.0000,0.0000,11.6500,0.0000,0.0000,0.0000,0.0000,0.0000,0.0000,0.0000,0.0000,0.0000,0.0000,0.0000,0.0000,0.0000,0.0000,0.0000,0.0000,0.0000,0.0000,0.0000,0.0000,0.0000,0.0000,0.0000,0.0000,0.0000,0.0000,0.0000,0.0000,1121.9130,-75.25,0.00,13.7696,0.00,1032.8934
43,BYPL,04DSBYPL2023/01/17,0.0000,0.0000,0.0000,0.0000,0.0000,0.0000,0.0000,0.0000,65.1800,0.0000,8.7533,26.0000,0.0000,0.0000,0.0000,0.0000,21.9000,62.4800,0.0000,0.0000,55.0000,0.0000,0.0000,0.0000,100.1500,0.0000,14.2900,0.0000,0.0000,0.0000,0.0000,0.0000,157.4400,0.0000,0.0000,4.4100,0.0000,28.3200,47.5300,210.9500,51.9100,2.5700,10.1400,6.3200,11.2700,35.8200,0.0000,0.0000,0.0000,0.0000,0.0000,0.0000,0.0000,0.0000,0.0000,0.0000,0.0000,0.0000,0.0000,13.7200,0.0000,0.0000,0.0000,0.0000,6.7000,4.0500,0.0000,0.0000,0.0000,0.0000,0.0000,0.0000,0.6200,0.1900,0.0000,0.0000,0.0000,0.0000,0.0000,0.0000,0.0000,0.0000,0.0000,21.3497,0.0000,0.0000,0.0000,0.0000,0.0000,0.0000,0.0000,8.7900,0.0000,0.0000,50.0000,0.0000,45.0500,46.3300,0.0000,0.0000,0.0000,0.0000,0.0000,0.0000,0.0000,0.0000,0.0000,0.0000,0.0000,0.0000,0.0000,0.0000,0.0000,0.0000,0.0000,0.0000,0.0000,11.6800,0.0000,0.0000,0.0000,0.0000,0.0000,0.0000,0.0000,0.0000,0.0000,0.0000,0.0000,0.0000,0.0000,0.0000,0.0000,0.0000,0.0000,0.0000,0.0000,0.0000,0.0000,0.0000,0.0000,0.0000,0.0000,0.0000,0.0000,0.0000,1128.9130,-80.63,0.00,13.7771,0.00,1034.5059
44,BYPL,04DSBYPL2023/01/17,0.0000,0.0000,0.0000,0.0000,0.0000,0.0000,0.0000,0.0000,65.1800,0.0000,8.7533,26.0000,0.0000,0.0000,0.0000,0.0000,21.9000,62.4800,0.0000,0.0000,55.0000,0.0000,0.0000,0.0000,100.1500,0.0000,14.8700,0.0000,0.0000,0.0000,0.0000,0.0000,157.4400,0.0000,0.0000,4.4100,0.0000,28.3200,47.5300,210.9500,51.9100,2.5700,10.1400,6.3200,11.2700,35.8200,0.0000,0.0000,0.0000,0.0000,0.0000,0.0000,0.0000,0.0000,0.0000,0.0000,0.0000,0.0000,0.0000,13.7200,0.0000,0.0000,0.0000,0.0000,2.1400,4.0500,0.0000,0.0000,0.0000,0.0000,0.0000,0.0000,0.6200,0.1900,0.0000,0.0000,0.0000,0.0000,0.0000,0.0000,0.0000,0.0000,0.0000,21.3497,0.0000,0.0000,0.0000,0.0000,0.0000,0.0000,0.0000,8.6300,0.0000,0.0000,50.0000,0.0000,46.5100,48.3300,0.0000,0.0000,0.0000,0.0000,0.0000,0.0000,0.0000,0.0000,0.0000,0.0000,0.0000,0.0000,0.0000,0.0000,0.0000,0.0000,0.0000,0.0000,0.0000,11.8800,0.0000,0.0000,0.0000,0.0000,0.0000,0.0000,0.0000,0.0000,0.0000,0.0000,0.0000,0.0000,0.0000,0.0000,0.0000,0.0000,0.0000,0.0000,0.0000,0.0000,0.0000,0.0000,0.0000,0.0000,0.0000,0.0000,0.0000,0.0000,1128.4330,-84.82,0.00,13.7309,0.00,1029.8821
45,BYPL,04DSBYPL2023/01/17,0.0000,0.0000,0.0000,0.0000,0.0000,0.0000,0.0000,0.0000,65.1800,0.0000,8.7533,26.0000,0.0000,0.0000,0.0000,0.0000,21.9000,62.4800,0.0000,0.0000,55.0000,0.0000,0.0000,0.0000,100.1500,0.0000,15.3500,0.0000,0.0000,0.0000,0.0000,0.0000,157.4400,0.0000,0.0000,4.4100,0.0000,28.3200,47.5300,210.9500,51.9100,2.5700,10.1400,6.3200,11.2700,35.8200,0.0000,0.0000,0.0000,0.0000,0.0000,0.0000,0.0000,0.0000,0.0000,0.0000,0.0000,0.0000,0.0000,13.7200,0.0000,0.0000,0.0000,0.0000,1.6100,4.0500,0.0000,0.0000,0.0000,0.0000,0.0000,0.0000,0.6200,1.4300,0.0000,0.0000,0.0000,0.0000,0.0000,0.0000,0.0000,0.0000,0.0000,21.3497,0.0000,0.0000,0.0000,0.0000,0.0000,0.0000,0.0000,8.7900,0.0000,0.0000,50.0000,0.0000,47.7700,48.0000,0.0000,0.0000,0.0000,0.0000,0.0000,0.0000,0.0000,0.0000,0.0000,0.0000,0.0000,0.0000,0.0000,0.0000,0.0000,0.0000,0.0000,0.0000,0.0000,12.2600,0.0000,0.0000,0.0000,0.0000,0.0000,0.0000,0.0000,0.0000,0.0000,0.0000,0.0000,0.0000,0.0000,0.0000,0.0000,0.0000,0.0000,0.0000,0.0000,0.0000,0.0000,0.0000,0.0000,0.0000,0.0000,0.0000,0.0000,0.0000,1131.0930,-84.82,0.00,13.7501,0.00,1032.5229
46,BYPL,04DSBYPL2023/01/17,0.0000,0.0000,0.0000,0.0000,0.0000,0.0000,0.0000,0.0000,65.1800,0.0000,8.7533,26.0000,0.0000,0.0000,0.0000,0.0000,21.9000,62.4800,0.0000,0.0000,55.0000,0.0000,0.0000,0.0000,100.1500,0.0000,15.7600,0.0000,0.0000,0.0000,0.0000,0.0000,157.4400,0.0000,0.0000,4.4100,0.0000,28.3200,47.5300,210.9500,51.9100,2.5700,10.1400,6.3200,11.2700,35.8200,0.0000,0.0000,0.0000,0.0000,0.0000,0.0000,0.0000,0.0000,0.0000,0.0000,0.0000,0.0000,0.0000,13.7200,0.0000,0.0000,0.0000,0.0000,1.6100,2.5400,0.0000,0.0000,0.0000,0.0000,0.0000,0.0000,0.6200,1.4300,0.0000,0.0000,0.0000,0.0000,0.0000,0.0000,0.0000,0.0000,0.0000,21.3497,0.0000,0.0000,0.0000,0.0000,0.0000,0.0000,0.0000,8.8800,0.0000,0.0000,50.0000,0.0000,48.8600,48.6600,0.0000,0.0000,0.0000,0.0000,0.0000,0.0000,0.0000,0.0000,0.0000,0.0000,0.0000,0.0000,0.0000,0.0000,0.0000,0.0000,0.0000,0.0000,0.0000,12.6400,0.0000,0.0000,0.0000,0.0000,0.0000,0.0000,0.0000,0.0000,0.0000,0.0000,0.0000,0.0000,0.0000,0.0000,0.0000,0.0000,0.0000,0.0000,0.0000,0.0000,0.0000,0.0000,0.0000,0.0000,0.0000,0.0000,0.0000,0.0000,1132.2130,-94.38,0.00,13.6722,0.00,1024.1608
47,BYPL,04DSBYPL2023/01/17,0.0000,0.0000,0.0000,0.0000,0.0000,0.0000,0.0000,0.0000,65.1800,0.0000,8.7533,23.3015,0.0000,0.0000,0.0000,0.0000,21.9000,62.4800,0.0000,0.0000,55.0000,0.0000,0.0000,0.0000,100.1500,0.0000,16.0700,0.0000,0.0000,0.0000,0.0000,0.0000,157.4400,0.0000,0.0000,4.4100,0.0000,28.3200,47.5300,210.9500,51.9100,2.5700,10.1400,6.3200,11.2700,35.8200,0.0000,0.0000,0.0000,0.0000,0.0000,0.0000,0.0000,0.0000,0.0000,0.0000,0.0000,0.0000,0.0000,13.7200,0.0000,0.0000,0.0000,0.0000,1.6100,2.5400,0.0000,0.0000,0.0000,0.0000,0.0000,0.0000,0.6200,0.3700,0.0000,0.0000,0.0000,0.0000,0.0000,0.0000,0.0000,0.0000,0.0000,21.3497,0.0000,0.0000,0.0000,0.0000,0.0000,0.0000,0.0000,9.0100,0.0000,0.0000,50.0000,0.0000,49.7600,48.3300,0.0000,0.0000,0.0000,0.0000,0.0000,0.0000,0.0000,0.0000,0.0000,0.0000,0.0000,0.0000,0.0000,0.0000,0.0000,0.0000,0.0000,0.0000,0.0000,13.0000,0.0000,0.0000,0.0000,0.0000,0.0000,0.0000,0.0000,0.0000,0.0000,0.0000,0.0000,0.0000,0.0000,0.0000,0.0000,0.0000,0.0000,0.0000,0.0000,0.0000,0.0000,0.0000,0.0000,0.0000,0.0000,0.0000,0.0000,0.0000,1129.8245,-103.94,0.00,13.5644,0.00,1012.3201
48,BYPL,04DSBYPL2023/01/17,0.0000,0.0000,0.0000,0.0000,0.0000,0.0000,0.0000,0.0000,65.1800,0.0000,8.7533,23.3015,0.0000,0.0000,0.0000,0.0000,21.9000,62.4800,0.0000,0.0000,55.0000,0.0000,0.0000,0.0000,100.1500,0.0000,16.3600,0.0000,0.0000,0.0000,0.0000,0.0000,157.4400,0.0000,0.0000,4.4100,0.0000,28.3200,47.5300,210.9500,51.9100,2.5700,10.1400,6.3200,11.2700,35.8200,0.0000,0.0000,0.0000,0.0000,0.0000,0.0000,0.0000,0.0000,0.0000,0.0000,0.0000,0.0000,0.0000,13.7200,0.0000,0.0000,0.0000,0.0000,1.6100,2.5400,0.0000,0.0000,0.0000,0.0000,0.0000,0.0000,0.6200,0.3700,0.0000,0.0000,0.0000,0.0000,0.0000,0.0000,0.0000,0.0000,0.0000,21.3497,0.0000,0.0000,0.0000,0.0000,0.0000,0.0000,0.0000,9.1800,0.0000,0.0000,50.0000,0.0000,50.0000,48.3300,0.0000,0.0000,0.0000,0.0000,0.0000,0.0000,0.0000,0.0000,0.0000,0.0000,0.0000,0.0000,0.0000,0.0000,0.0000,0.0000,0.0000,0.0000,0.0000,13.3900,0.0000,0.0000,0.0000,0.0000,0.0000,0.0000,0.0000,0.0000,0.0000,0.0000,0.0000,0.0000,0.0000,0.0000,0.0000,0.0000,0.0000,0.0000,0.0000,0.0000,0.0000,0.0000,0.0000,0.0000,0.0000,0.0000,0.0000,0.0000,1130.9145,-118.28,0.00,13.4452,0.00,999.1893
49,BYPL,04DSBYPL2023/01/17,0.0000,0.0000,0.0000,0.0000,0.0000,0.0000,0.0000,0.0000,65.1800,0.0000,8.7533,23.3015,0.0000,0.0000,0.0000,0.0000,21.9000,62.4800,0.0000,0.0000,55.0000,0.0000,0.0000,0.0000,100.1500,0.0000,16.5600,0.0000,0.0000,0.0000,0.0000,0.0000,157.4400,0.0000,0.0000,4.4100,0.0000,28.3200,47.5300,210.9500,51.9100,2.5700,10.1400,6.3200,11.2700,35.8200,0.0000,0.0000,0.0000,0.0000,0.0000,0.0000,0.0000,0.0000,0.0000,0.0000,0.0000,0.0000,0.0000,13.7200,0.0000,0.0000,0.0000,0.0000,1.6100,2.5400,0.0000,0.0000,0.0000,0.0000,0.0000,0.0000,0.6200,0.3700,0.0000,0.0000,0.0000,0.0000,0.0000,0.0000,0.0000,0.0000,0.0000,21.3497,0.0000,0.0000,0.0000,0.0000,0.0000,0.0000,0.0000,9.4900,0.0000,0.0000,50.0000,0.0000,50.0000,48.3300,0.0000,0.0000,0.0000,0.0000,0.0000,0.0000,0.0000,0.0000,0.0000,0.0000,0.0000,0.0000,0.0000,0.0000,0.0000,0.0000,0.0000,0.0000,0.0000,14.2600,0.0000,0.0000,0.0000,0.0000,0.0000,0.0000,0.0000,0.0000,0.0000,0.0000,0.0000,0.0000,0.0000,0.0000,0.0000,0.0000,0.0000,0.0000,0.0000,0.0000,0.0000,0.0000,0.0000,0.0000,0.0000,0.0000,0.0000,0.0000,1132.2945,-132.62,0.00,13.3294,0.00,986.3451
50,BYPL,04DSBYPL2023/01/17,0.0000,0.0000,0.0000,0.0000,0.0000,0.0000,0.0000,0.0000,65.1800,0.0000,8.7533,23.3015,0.0000,0.0000,0.0000,0.0000,21.9000,62.4800,0.0000,0.0000,55.0000,0.0000,0.0000,0.0000,100.1500,0.0000,16.7200,0.0000,0.0000,0.0000,0.0000,0.0000,157.4400,0.0000,0.0000,4.4100,0.0000,28.3200,47.5300,210.9500,51.9100,2.5700,10.1400,6.3200,11.2700,35.8200,0.0000,0.0000,0.0000,0.0000,0.0000,0.0000,0.0000,0.0000,0.0000,0.0000,0.0000,0.0000,0.0000,13.7200,0.0000,0.0000,0.0000,0.0000,1.6100,2.5400,0.0000,0.0000,0.0000,0.0000,0.0000,0.0000,0.6200,0.3700,0.0000,0.0000,0.0000,0.0000,0.0000,0.0000,0.0000,0.0000,0.0000,21.3497,0.0000,0.0000,0.0000,0.0000,0.0000,0.0000,0.0000,9.8600,0.0000,0.0000,50.0000,0.0000,50.0000,48.3300,0.0000,0.0000,0.0000,0.0000,0.0000,0.0000,0.0000,0.0000,0.0000,0.0000,0.0000,0.0000,0.0000,0.0000,0.0000,0.0000,0.0000,0.0000,0.0000,15.2800,0.0000,0.0000,0.0000,0.0000,0.0000,0.0000,0.0000,0.0000,0.0000,0.0000,0.0000,0.0000,0.0000,0.0000,0.0000,0.0000,0.0000,0.0000,0.0000,0.0000,0.0000,0.0000,0.0000,0.0000,0.0000,0.0000,0.0000,0.0000,1133.8445,-151.74,0.00,13.1734,0.00,968.9311
51,BYPL,04DSBYPL2023/01/17,0.0000,0.0000,0.0000,0.0000,0.0000,0.0000,0.0000,0.0000,65.1800,0.0000,8.7533,23.3015,0.0000,0.0000,0.0000,0.0000,21.9000,62.4800,0.0000,0.0000,45.0000,0.0000,0.0000,0.0000,100.1500,0.0000,16.7600,0.0000,0.0000,0.0000,0.0000,0.0000,157.4400,0.0000,0.0000,4.4100,0.0000,28.3200,47.5300,210.9500,51.9100,2.5700,10.1400,6.3200,11.2700,35.8200,0.0000,0.0000,0.0000,0.0000,0.0000,0.0000,0.0000,0.0000,0.0000,0.0000,0.0000,0.0000,0.0000,13.7200,0.0000,0.0000,0.0000,0.0000,1.6100,2.5400,0.0000,0.0000,0.0000,0.0000,0.0000,0.0000,0.6200,0.3700,0.0000,0.0000,0.0000,0.0000,0.0000,0.0000,0.0000,0.0000,0.0000,21.3497,0.0000,0.0000,0.0000,0.0000,0.0000,0.0000,0.0000,10.3900,0.0000,0.0000,50.0000,0.0000,50.0000,48.3300,0.0000,0.0000,0.0000,0.0000,0.0000,0.0000,0.0000,0.0000,0.0000,0.0000,0.0000,0.0000,0.0000,0.0000,0.0000,0.0000,0.0000,0.0000,0.0000,16.9200,0.0000,0.0000,0.0000,0.0000,0.0000,0.0000,0.0000,0.0000,0.0000,0.0000,0.0000,0.0000,0.0000,0.0000,0.0000,0.0000,0.0000,0.0000,0.0000,0.0000,0.0000,0.0000,0.0000,0.0000,0.0000,0.0000,0.0000,0.0000,1126.0545,-166.08,0.00,12.9783,0.00,946.9962
52,BYPL,04DSBYPL2023/01/17,0.0000,0.0000,0.0000,0.0000,0.0000,0.0000,0.0000,0.0000,65.1800,0.0000,8.7533,26.0000,0.0000,0.0000,0.0000,0.0000,21.9000,62.4800,0.0000,0.0000,45.0000,0.0000,0.0000,0.0000,100.1500,0.0000,16.7600,0.0000,0.0000,0.0000,0.0000,0.0000,157.4400,0.0000,0.0000,4.4100,0.0000,28.3200,47.5300,210.9500,51.9100,2.5700,10.1400,6.3200,11.2700,35.8200,0.0000,0.0000,0.0000,0.0000,0.0000,0.0000,0.0000,0.0000,0.0000,0.0000,0.0000,0.0000,0.0000,13.7200,0.0000,0.0000,0.0000,0.0000,1.6100,2.5400,0.0000,0.0000,0.0000,0.0000,0.0000,0.0000,0.6200,0.3700,0.0000,0.0000,0.0000,0.0000,0.0000,0.0000,0.0000,0.0000,0.0000,21.3497,0.0000,0.0000,0.0000,0.0000,0.0000,0.0000,0.0000,11.4400,0.0000,0.0000,50.0000,0.0000,50.0000,48.3300,0.0000,0.0000,0.0000,0.0000,0.0000,0.0000,0.0000,0.0000,0.0000,0.0000,0.0000,0.0000,0.0000,0.0000,0.0000,0.0000,0.0000,0.0000,0.0000,19.2600,0.0000,0.0000,0.0000,0.0000,0.0000,0.0000,0.0000,0.0000,0.0000,0.0000,0.0000,0.0000,0.0000,0.0000,0.0000,0.0000,0.0000,0.0000,0.0000,0.0000,0.0000,0.0000,0.0000,0.0000,0.0000,0.0000,0.0000,0.0000,1132.1430,-189.98,0.00,12.8215,0.00,929.3415
53,BYPL,04DSBYPL2023/01/17,0.0000,0.0000,0.0000,0.0000,0.0000,0.0000,0.0000,0.0000,65.1800,0.0000,8.7533,26.0000,0.0000,0.0000,0.0000,0.0000,21.9000,59.6600,0.0000,0.0000,45.0000,0.0000,0.0000,0.0000,100.1500,0.0000,16.6900,0.0000,0.0000,0.0000,0.0000,0.0000,157.4400,0.0000,0.0000,4.4100,0.0000,28.3200,47.5300,210.9500,51.9100,2.5700,10.1400,6.3200,11.2700,35.8200,0.0000,0.0000,0.0000,0.0000,0.0000,0.0000,0.0000,0.0000,0.0000,0.0000,0.0000,0.0000,0.0000,13.7200,0.0000,0.0000,0.0000,0.0000,1.6100,2.5400,0.0000,0.0000,0.0000,0.0000,0.0000,0.0000,0.6200,0.3700,0.0000,0.0000,0.0000,0.0000,0.0000,0.0000,0.0000,0.0000,0.0000,21.3497,0.0000,0.0000,0.0000,0.0000,0.0000,0.0000,0.0000,11.8800,0.0000,0.0000,50.0000,0.0000,50.0000,48.3300,0.0000,0.0000,0.0000,0.0000,0.0000,0.0000,0.0000,0.0000,0.0000,0.0000,0.0000,0.0000,0.0000,0.0000,0.0000,0.0000,0.0000,0.0000,0.0000,19.7300,0.0000,0.0000,0.0000,0.0000,0.0000,0.0000,0.0000,0.0000,0.0000,0.0000,0.0000,0.0000,0.0000,0.0000,0.0000,0.0000,0.0000,0.0000,0.0000,0.0000,0.0000,0.0000,0.0000,0.0000,0.0000,0.0000,0.0000,0.0000,1130.1630,-213.88,0.00,12.5944,0.00,903.6886
54,BYPL,04DSBYPL2023/01/17,0.0000,0.0000,0.0000,0.0000,0.0000,0.0000,0.0000,0.0000,65.1800,0.0000,8.7533,26.0000,0.0000,0.0000,0.0000,0.0000,21.9000,59.6600,0.0000,0.0000,45.0000,0.0000,0.0000,0.0000,100.1500,0.0000,16.4600,0.0000,0.0000,0.0000,0.0000,0.0000,157.4400,0.0000,0.0000,4.4100,0.0000,28.3200,47.5300,210.9500,51.9100,2.5700,10.1400,6.3200,11.2700,35.8200,0.0000,0.0000,0.0000,0.0000,0.0000,0.0000,0.0000,0.0000,0.0000,0.0000,0.0000,0.0000,0.0000,13.7200,0.0000,0.0000,0.0000,0.0000,1.6100,2.5400,0.0000,0.0000,0.0000,0.0000,0.0000,0.0000,0.6200,0.3700,0.0000,0.0000,0.0000,0.0000,0.0000,0.0000,0.0000,0.0000,0.0000,21.3497,0.0000,0.0000,0.0000,0.0000,0.0000,0.0000,0.0000,12.0500,0.0000,0.0000,50.0000,0.0000,50.0000,47.6600,0.0000,0.0000,0.0000,0.0000,0.0000,0.0000,0.0000,0.0000,0.0000,0.0000,0.0000,0.0000,0.0000,0.0000,0.0000,0.0000,0.0000,0.0000,0.0000,20.1800,0.0000,0.0000,0.0000,0.0000,0.0000,0.0000,0.0000,0.0000,0.0000,0.0000,0.0000,0.0000,0.0000,0.0000,0.0000,0.0000,0.0000,0.0000,0.0000,0.0000,0.0000,0.0000,0.0000,0.0000,0.0000,0.0000,0.0000,0.0000,1129.8830,-242.57,0.00,12.3415,0.00,874.9715
55,BYPL,04DSBYPL2023/01/17,0.0000,0.0000,0.0000,0.0000,0.0000,0.0000,0.0000,0.0000,65.1800,0.0000,8.7533,26.0000,0.0000,0.0000,0.0000,0.0000,21.9000,59.6600,0.0000,0.0000,45.0000,0.0000,0.0000,0.0000,100.1500,0.0000,16.3200,0.0000,0.0000,0.0000,0.0000,0.0000,157.4400,0.0000,0.0000,4.4100,0.0000,28.3200,47.5300,210.9500,51.9100,2.5700,10.1400,6.3200,11.2700,35.8200,0.0000,0.0000,0.0000,0.0000,0.0000,0.0000,0.0000,0.0000,0.0000,0.0000,0.0000,0.0000,0.0000,13.7200,0.0000,0.0000,0.0000,0.0000,1.6100,2.5400,0.0000,0.0000,0.0000,0.0000,0.0000,0.0000,0.6200,0.3700,0.0000,0.0000,0.0000,0.0000,0.0000,0.0000,0.0000,0.0000,0.0000,21.3497,0.0000,0.0000,0.0000,0.0000,0.0000,0.0000,0.0000,12.1200,0.0000,0.0000,50.0000,0.0000,50.0000,47.3300,0.0000,0.0000,0.0000,0.0000,0.0000,0.0000,0.0000,0.0000,0.0000,0.0000,0.0000,0.0000,0.0000,0.0000,0.0000,0.0000,0.0000,0.0000,0.0000,20.4800,0.0000,0.0000,0.0000,0.0000,0.0000,0.0000,0.0000,0.0000,0.0000,0.0000,0.0000,0.0000,0.0000,0.0000,0.0000,0.0000,0.0000,0.0000,0.0000,0.0000,0.0000,0.0000,0.0000,0.0000,0.0000,0.0000,0.0000,0.0000,1129.7830,-261.69,0.00,12.1736,0.00,855.9194
56,BYPL,04DSBYPL2023/01/17,0.0000,0.0000,0.0000,0.0000,0.0000,0.0000,0.0000,0.0000,65.1800,0.0000,8.7533,26.0000,0.0000,0.0000,0.0000,0.0000,21.9000,59.6600,0.0000,0.0000,45.0000,0.0000,0.0000,0.0000,100.1500,0.0000,16.0400,0.0000,0.0000,0.0000,0.0000,0.0000,157.4400,0.0000,0.0000,4.4100,0.0000,28.3200,47.5300,210.9500,51.9100,2.5700,10.1400,6.3200,11.2700,35.8200,0.0000,0.0000,0.0000,0.0000,0.0000,0.0000,0.0000,0.0000,0.0000,0.0000,0.0000,0.0000,0.0000,13.7200,0.0000,0.0000,0.0000,0.0000,1.6100,2.5400,0.0000,0.0000,0.0000,0.0000,0.0000,0.0000,0.6200,0.3700,0.0000,0.0000,0.0000,0.0000,0.0000,0.0000,0.0000,0.0000,0.0000,21.3497,0.0000,0.0000,0.0000,0.0000,0.0000,0.0000,0.0000,12.2100,0.0000,0.0000,50.0000,0.0000,49.9100,46.0000,0.0000,0.0000,0.0000,0.0000,0.0000,0.0000,0.0000,0.0000,0.0000,0.0000,0.0000,0.0000,0.0000,0.0000,0.0000,0.0000,0.0000,0.0000,0.0000,20.8300,0.0000,0.0000,0.0000,0.0000,0.0000,0.0000,0.0000,0.0000,0.0000,0.0000,0.0000,0.0000,0.0000,0.0000,0.0000,0.0000,0.0000,0.0000,0.0000,0.0000,0.0000,0.0000,0.0000,0.0000,0.0000,0.0000,0.0000,0.0000,1128.5230,-276.03,0.00,12.0388,0.00,840.4542
57,BYPL,04DSBYPL2023/01/17,0.0000,0.0000,0.0000,0.0000,0.0000,0.0000,0.0000,0.0000,65.1800,0.0000,8.7533,26.0000,0.0000,0.0000,0.0000,0.0000,21.9000,62.1700,0.0000,0.0000,45.0000,0.0000,0.0000,0.0000,100.1500,0.0000,15.6700,0.0000,0.0000,0.0000,0.0000,0.0000,157.4400,0.0000,0.0000,4.4100,0.0000,28.3200,47.5300,210.9500,51.9100,2.5700,10.1400,6.3200,11.2700,35.8200,0.0000,0.0000,0.0000,0.0000,0.0000,0.0000,0.0000,0.0000,0.0000,0.0000,0.0000,0.0000,0.0000,13.7200,0.0000,0.0000,0.0000,0.0000,1.6100,2.5400,0.0000,0.0000,0.0000,0.0000,0.0000,0.0000,0.6200,0.3700,0.0000,0.0000,0.0000,0.0000,0.0000,0.0000,0.0000,0.0000,0.0000,21.3497,0.0000,0.0000,0.0000,0.0000,0.0000,0.0000,0.0000,12.3300,0.0000,0.0000,50.0000,0.0000,48.9400,44.6600,0.0000,0.0000,0.0000,0.0000,0.0000,0.0000,0.0000,0.0000,0.0000,0.0000,0.0000,0.0000,0.0000,0.0000,0.0000,0.0000,0.0000,0.0000,0.0000,21.1100,0.0000,0.0000,0.0000,0.0000,0.0000,0.0000,0.0000,0.0000,0.0000,0.0000,0.0000,0.0000,0.0000,0.0000,0.0000,0.0000,0.0000,0.0000,0.0000,0.0000,0.0000,0.0000,0.0000,0.0000,0.0000,0.0000,0.0000,0.0000,1128.7530,-276.03,0.00,12.0441,0.00,840.6789
58,BYPL,04DSBYPL2023/01/17,0.0000,0.0000,0.0000,0.0000,0.0000,0.0000,0.0000,0.0000,65.1800,0.0000,8.7533,26.0000,0.0000,0.0000,0.0000,0.0000,21.9000,62.4800,0.0000,0.0000,45.0000,0.0000,0.0000,0.0000,100.1500,0.0000,15.2000,0.0000,0.0000,0.0000,0.0000,0.0000,157.4400,0.0000,0.0000,4.4100,0.0000,28.3200,47.5300,210.9500,51.9100,2.5700,10.1400,6.3200,11.2700,35.8200,0.0000,0.0000,0.0000,0.0000,0.0000,0.0000,0.0000,0.0000,0.0000,0.0000,0.0000,0.0000,0.0000,13.7200,0.0000,0.0000,0.0000,0.0000,1.6100,2.5400,0.0000,0.0000,0.0000,0.0000,0.0000,0.0000,0.6200,0.3700,0.0000,0.0000,0.0000,0.0000,0.0000,0.0000,0.0000,0.0000,0.0000,21.3497,0.0000,0.0000,0.0000,0.0000,0.0000,0.0000,0.0000,12.4900,0.0000,0.0000,50.0000,0.0000,47.8100,41.6600,0.0000,0.0000,0.0000,0.0000,0.0000,0.0000,0.0000,0.0000,0.0000,0.0000,0.0000,0.0000,0.0000,0.0000,0.0000,0.0000,0.0000,0.0000,0.0000,22.0800,0.0000,0.0000,0.0000,0.0000,0.0000,0.0000,0.0000,0.0000,0.0000,0.0000,0.0000,0.0000,0.0000,0.0000,0.0000,0.0000,0.0000,0.0000,0.0000,0.0000,0.0000,0.0000,0.0000,0.0000,0.0000,0.0000,0.0000,0.0000,1125.5930,-276.03,0.00,12.0204,0.00,837.5426
59,BYPL,04DSBYPL2023/01/17,0.0000,0.0000,0.0000,0.0000,0.0000,0.0000,0.0000,0.0000,65.1800,0.0000,8.7533,26.0000,0.0000,0.0000,0.0000,0.0000,21.9000,62.4800,0.0000,0.0000,45.0000,0.0000,0.0000,0.0000,100.1500,0.0000,14.6900,0.0000,0.0000,0.0000,0.0000,0.0000,157.4400,0.0000,0.0000,4.4100,0.0000,28.3200,47.5300,210.9500,51.9100,2.5700,10.1400,6.3200,11.2700,35.8200,0.0000,0.0000,0.0000,0.0000,0.0000,0.0000,0.0000,0.0000,0.0000,0.0000,0.0000,0.0000,0.0000,13.7200,0.0000,0.0000,0.0000,0.0000,1.6100,2.5400,0.0000,0.0000,0.0000,0.0000,0.0000,0.0000,0.6200,0.3700,0.0000,0.0000,0.0000,0.0000,0.0000,0.0000,0.0000,0.0000,0.0000,21.3497,0.0000,0.0000,0.0000,0.0000,0.0000,0.0000,0.0000,12.5700,0.0000,0.0000,50.0000,0.0000,46.4500,38.6600,0.0000,0.0000,0.0000,0.0000,0.0000,0.0000,0.0000,0.0000,0.0000,0.0000,0.0000,0.0000,0.0000,0.0000,0.0000,0.0000,0.0000,0.0000,0.0000,21.2300,0.0000,0.0000,0.0000,0.0000,0.0000,0.0000,0.0000,0.0000,0.0000,0.0000,0.0000,0.0000,0.0000,0.0000,0.0000,0.0000,0.0000,0.0000,0.0000,0.0000,0.0000,0.0000,0.0000,0.0000,0.0000,0.0000,0.0000,0.0000,1119.9530,-276.03,0.00,11.9752,0.00,831.9478
60,BYPL,04DSBYPL2023/01/17,0.0000,0.0000,0.0000,0.0000,0.0000,0.0000,0.0000,0.0000,65.1800,0.0000,8.7533,26.0000,0.0000,0.0000,0.0000,0.0000,21.9000,62.4800,0.0000,0.0000,45.0000,0.0000,0.0000,0.0000,100.1500,0.0000,14.1400,0.0000,0.0000,0.0000,0.0000,0.0000,157.4400,0.0000,0.0000,4.4100,0.0000,28.3200,47.5300,210.9500,51.9100,2.5700,10.1400,6.3200,11.2700,35.8200,0.0000,0.0000,0.0000,0.0000,0.0000,0.0000,0.0000,0.0000,0.0000,0.0000,0.0000,0.0000,0.0000,13.7200,0.0000,0.0000,0.0000,0.0000,1.6100,2.5400,0.0000,0.0000,0.0000,0.0000,0.0000,0.0000,3.1100,0.3700,0.0000,0.0000,0.0000,0.0000,0.0000,0.0000,0.0000,0.0000,0.0000,21.3497,0.0000,0.0000,0.0000,0.0000,0.0000,0.0000,0.0000,12.7800,0.0000,0.0000,49.9100,0.0000,44.9700,35.6600,0.0000,0.0000,0.0000,0.0000,0.0000,0.0000,0.0000,0.0000,0.0000,0.0000,0.0000,0.0000,0.0000,0.0000,0.0000,0.0000,0.0000,0.0000,0.0000,22.2000,0.0000,0.0000,0.0000,0.0000,0.0000,0.0000,0.0000,0.0000,0.0000,0.0000,0.0000,0.0000,0.0000,0.0000,0.0000,0.0000,0.0000,0.0000,0.0000,0.0000,0.0000,0.0000,0.0000,0.0000,0.0000,0.0000,0.0000,0.0000,1118.5030,-276.03,0.00,11.9673,0.00,830.5057
61,BYPL,04DSBYPL2023/01/17,0.0000,0.0000,0.0000,0.0000,0.0000,0.0000,0.0000,0.0000,65.1800,0.0000,8.7533,26.0000,0.0000,0.0000,0.0000,0.0000,21.9000,62.4800,0.0000,0.0000,45.0000,0.0000,0.0000,0.0000,100.1500,0.0000,13.4000,0.0000,0.0000,0.0000,0.0000,0.0000,157.4400,0.0000,0.0000,4.4100,0.0000,28.3200,47.5300,210.9500,51.9100,2.5700,10.1400,6.3200,11.2700,35.8200,0.0000,0.0000,0.0000,0.0000,0.0000,0.0000,0.0000,0.0000,0.0000,0.0000,0.0000,0.0000,0.0000,13.7200,0.0000,0.0000,0.0000,0.0000,1.6100,2.5400,0.0000,0.0000,0.0000,0.0000,0.0000,0.0000,12.9900,0.3700,0.0000,0.0000,0.0000,0.0000,0.0000,0.0000,0.0000,0.0000,0.0000,21.3497,0.0000,0.0000,0.0000,0.0000,0.0000,0.0000,0.0000,12.7900,0.0000,0.0000,46.2900,0.0000,43.2600,33.6600,0.0000,0.0000,0.0000,0.0000,0.0000,0.0000,0.0000,0.0000,0.0000,0.0000,0.0000,0.0000,0.0000,0.0000,0.0000,0.0000,0.0000,0.0000,0.0000,21.7200,0.0000,0.0000,0.0000,0.0000,0.0000,0.0000,0.0000,0.0000,0.0000,0.0000,0.0000,0.0000,0.0000,0.0000,0.0000,0.0000,0.0000,0.0000,0.0000,0.0000,0.0000,0.0000,0.0000,0.0000,0.0000,0.0000,0.0000,0.0000,1119.8430,-276.03,0.00,11.9856,0.00,831.8274
62,BYPL,04DSBYPL2023/01/17,0.0000,0.0000,0.0000,0.0000,0.0000,0.0000,0.0000,0.0000,65.1800,0.0000,8.7533,26.0000,0.0000,0.0000,0.0000,0.0000,21.9000,62.4800,0.0000,0.0000,45.0000,0.0000,0.0000,0.0000,100.1500,0.0000,12.6200,0.0000,0.0000,0.0000,0.0000,0.0000,157.4400,0.0000,0.0000,4.4100,0.0000,28.3200,47.5300,210.9500,51.9100,2.5700,10.1400,6.3200,11.2700,35.8200,0.0000,0.0000,0.0000,0.0000,0.0000,0.0000,0.0000,0.0000,0.0000,0.0000,0.0000,0.0000,0.0000,13.7200,0.0000,0.0000,0.0000,0.0000,1.6100,2.5400,0.0000,0.0000,0.0000,0.0000,0.0000,0.0000,12.9900,0.3700,0.0000,0.0000,0.0000,0.0000,0.0000,0.0000,0.0000,0.0000,0.0000,21.3497,0.0000,0.0000,0.0000,0.0000,0.0000,0.0000,0.0000,12.7300,0.0000,0.0000,42.6800,0.0000,41.3700,31.0000,0.0000,0.0000,0.0000,0.0000,0.0000,0.0000,0.0000,0.0000,0.0000,0.0000,0.0000,0.0000,0.0000,0.0000,0.0000,0.0000,0.0000,0.0000,0.0000,20.4200,0.0000,0.0000,0.0000,0.0000,0.0000,0.0000,0.0000,0.0000,0.0000,0.0000,0.0000,0.0000,0.0000,0.0000,0.0000,0.0000,0.0000,0.0000,0.0000,0.0000,0.0000,0.0000,0.0000,0.0000,0.0000,0.0000,0.0000,0.0000,1109.5430,-279.03,0.00,11.9283,0.00,818.5847
63,BYPL,04DSBYPL2023/01/17,0.0000,0.0000,0.0000,0.0000,0.0000,0.0000,0.0000,0.0000,65.1800,0.0000,8.7533,26.0000,0.0000,0.0000,0.0000,0.0000,21.9000,62.4800,0.0000,0.0000,45.0000,0.0000,0.0000,0.0000,100.1500,0.0000,11.7600,0.0000,0.0000,0.0000,0.0000,0.0000,157.4400,0.0000,0.0000,4.4100,0.0000,28.3200,47.5300,210.9500,51.9100,2.5700,10.1400,6.3200,11.2700,35.8200,0.0000,0.0000,0.0000,0.0000,0.0000,0.0000,0.0000,0.0000,0.0000,0.0000,0.0000,0.0000,0.0000,13.7200,0.0000,0.0000,0.0000,0.0000,1.6100,2.5400,0.0000,0.0000,0.0000,0.0000,0.0000,0.0000,12.9900,0.3700,0.0000,0.0000,0.0000,0.0000,0.0000,0.0000,0.0000,0.0000,0.0000,21.3497,0.0000,0.0000,0.0000,0.0000,0.0000,0.0000,0.0000,12.6400,0.0000,0.0000,39.0600,0.0000,39.0200,26.6600,0.0000,0.0000,0.0000,0.0000,0.0000,0.0000,0.0000,0.0000,0.0000,0.0000,0.0000,0.0000,0.0000,0.0000,0.0000,0.0000,0.0000,0.0000,0.0000,19.7600,0.0000,0.0000,0.0000,0.0000,0.0000,0.0000,0.0000,0.0000,0.0000,0.0000,0.0000,0.0000,0.0000,0.0000,0.0000,0.0000,0.0000,0.0000,0.0000,0.0000,0.0000,0.0000,0.0000,0.0000,0.0000,0.0000,0.0000,0.0000,1097.6230,-276.03,0.00,11.8045,0.00,809.7885
64,BYPL,04DSBYPL2023/01/17,0.0000,0.0000,0.0000,0.0000,0.0000,0.0000,0.0000,0.0000,65.1800,0.0000,8.7533,26.0000,0.0000,0.0000,0.0000,0.0000,21.9000,62.4800,0.0000,0.0000,45.0000,0.0000,0.0000,0.0000,100.1500,0.0000,10.7100,0.0000,0.0000,0.0000,0.0000,0.0000,157.4400,0.0000,0.0000,4.4100,0.0000,28.3200,47.5300,210.9500,51.9100,2.5700,10.1400,6.3200,11.2700,35.8200,0.0000,0.0000,0.0000,0.0000,0.0000,0.0000,0.0000,0.0000,0.0000,0.0000,0.0000,0.0000,0.0000,13.7200,0.0000,0.0000,0.0000,0.0000,1.6100,2.5400,0.0000,0.0000,0.0000,0.0000,0.0000,0.0000,12.9900,0.3700,0.0000,0.0000,0.0000,0.0000,0.0000,0.0000,0.0000,0.0000,0.0000,21.3497,0.0000,0.0000,0.0000,0.0000,0.0000,0.0000,0.0000,12.5200,0.0000,0.0000,35.4500,0.0000,36.4500,23.6600,0.0000,0.0000,0.0000,0.0000,0.0000,0.0000,0.0000,0.0000,0.0000,0.0000,0.0000,0.0000,0.0000,0.0000,0.0000,0.0000,0.0000,0.0000,0.0000,19.1700,0.0000,0.0000,0.0000,0.0000,0.0000,0.0000,0.0000,0.0000,0.0000,0.0000,0.0000,0.0000,0.0000,0.0000,0.0000,0.0000,0.0000,0.0000,0.0000,0.0000,0.0000,0.0000,0.0000,0.0000,0.0000,0.0000,0.0000,0.0000,1086.6830,-276.03,-15.00,11.7175,0.00,783.9355
65,BYPL,04DSBYPL2023/01/17,0.0000,0.0000,0.0000,0.0000,0.0000,0.0000,0.0000,0.0000,65.1800,0.0000,8.7533,26.0000,0.0000,0.0000,0.0000,0.0000,21.9000,62.4800,0.7000,0.0000,45.0000,0.0000,0.0000,0.0000,100.1500,0.0000,9.7000,0.0000,0.0000,0.0000,0.0000,0.0000,157.4400,0.0000,0.0000,4.4100,0.0000,28.3200,47.5300,210.9500,51.9100,2.5700,10.1400,6.3200,11.2700,35.8200,0.0000,0.0000,0.0000,0.0000,0.0000,0.0000,0.0000,0.0000,0.0000,0.0000,0.0000,0.0000,0.0000,13.7200,0.0000,0.0000,0.0000,0.0000,1.6100,1.3100,0.0000,0.0000,0.0000,0.0000,0.0000,0.0000,3.1100,1.4300,0.0000,0.0000,0.0000,0.0000,0.0000,0.0000,0.0000,0.0000,0.0000,21.3497,0.0000,0.0000,0.0000,0.0000,0.0000,0.0000,0.0000,11.9900,0.0000,0.0000,31.0100,0.0000,33.3800,19.3300,0.0000,0.0000,0.0000,0.0000,0.0000,0.0000,0.0000,0.0000,0.0000,0.0000,0.0000,0.0000,0.0000,0.0000,0.0000,0.0000,0.0000,0.0000,0.0000,17.5200,0.0000,0.0000,0.0000,0.0000,0.0000,0.0000,0.0000,0.0000,0.0000,0.0000,0.0000,0.0000,0.0000,0.0000,0.0000,0.0000,0.0000,0.0000,0.0000,0.0000,0.0000,0.0000,0.0000,0.0000,0.0000,0.0000,0.0000,0.0000,1062.3030,-276.03,-10.00,11.5118,0.00,764.7612
66,BYPL,04DSBYPL2023/01/17,0.0000,0.0000,0.0000,0.0000,0.0000,0.0000,0.0000,0.0000,65.1800,0.0000,8.7533,26.0000,0.0000,0.0000,0.0000,0.0000,21.9000,62.4800,4.8800,0.0000,45.0000,0.0000,0.0000,0.0000,100.1500,0.0000,8.4300,0.0000,0.0000,0.0000,0.0000,0.0000,157.4400,0.0000,0.0000,4.4100,0.0000,28.3200,47.5300,210.9500,51.9100,2.5700,10.1400,6.3200,11.2700,35.8200,0.0000,0.0000,0.0000,0.0000,0.0000,0.0000,0.0000,0.0000,0.0000,0.0000,0.0000,0.0000,0.0000,13.7200,0.0000,0.0000,0.0000,0.0000,1.6100,1.3100,0.0000,0.0000,0.0000,0.0000,0.0000,0.0000,0.6200,1.4300,0.0000,0.0000,0.0000,0.0000,0.0000,0.0000,0.0000,0.0000,0.0000,21.3497,0.0000,0.0000,0.0000,0.0000,0.0000,0.0000,0.0000,11.2100,0.0000,0.0000,26.5700,0.0000,29.7800,16.3300,0.0000,0.0000,0.0000,0.0000,0.0000,0.0000,0.0000,0.0000,0.0000,0.0000,0.0000,0.0000,0.0000,0.0000,0.0000,0.0000,0.0000,0.0000,0.0000,15.7400,0.0000,0.0000,0.0000,0.0000,0.0000,0.0000,0.0000,0.0000,0.0000,0.0000,0.0000,0.0000,0.0000,0.0000,0.0000,0.0000,0.0000,0.0000,0.0000,0.0000,0.0000,0.0000,0.0000,0.0000,0.0000,0.0000,0.0000,0.0000,1049.1230,-276.03,0.00,11.4070,0.00,761.6860
67,BYPL,04DSBYPL2023/01/17,0.0000,0.0000,0.0000,0.0000,0.0000,0.0000,0.0000,0.0000,65.1800,0.0000,8.7533,26.0000,0.0000,0.0000,0.0000,0.0000,21.9000,62.4800,11.4800,0.0000,45.0000,0.0000,0.0000,0.0000,100.1500,0.0000,7.1200,0.0000,0.0000,0.0000,0.0000,0.0000,157.4400,0.0000,0.0000,4.4100,0.0000,28.3200,47.5300,210.9500,51.9100,2.5700,10.1400,6.3200,11.2700,35.8200,0.0000,0.0000,0.0000,0.0000,0.0000,0.0000,0.0000,0.0000,0.0000,0.0000,0.0000,0.0000,0.0000,13.7200,0.0000,0.0000,0.0000,0.0000,1.6100,1.3100,0.0000,1.6800,0.0000,1.9500,0.0000,0.0000,0.6200,1.4300,0.0000,0.0000,0.0000,0.0000,0.0000,0.0000,0.0000,0.0000,0.0000,19.1603,0.0000,0.0000,0.0000,0.0000,0.0000,0.0000,0.0000,10.7300,0.0000,0.0000,22.1300,0.0000,25.5300,14.3300,0.0000,0.0000,0.0000,0.0000,0.0000,0.0000,0.0000,0.0000,0.0000,0.0000,0.0000,0.0000,0.0000,0.0000,0.0000,0.0000,0.0000,0.0000,0.0000,14.9400,0.0000,0.0000,0.0000,0.0000,0.0000,0.0000,0.0000,0.0000,0.0000,0.0000,0.0000,0.0000,0.0000,0.0000,0.0000,0.0000,0.0000,0.0000,0.0000,0.0000,0.0000,0.0000,0.0000,0.0000,0.0000,0.0000,0.0000,0.0000,1043.8836,-276.03,0.00,11.3917,0.00,756.4619
68,BYPL,04DSBYPL2023/01/17,0.0000,0.0000,0.0000,0.0000,0.0000,0.0000,0.0000,0.0000,65.1800,0.0000,8.7533,26.0000,0.0000,0.0000,0.0000,0.0000,21.9000,62.4800,15.1000,0.0000,45.0000,0.0000,0.0000,0.0000,100.1500,0.0000,5.5800,0.0000,0.0000,0.0000,0.0000,0.0000,157.4400,0.0000,0.0000,4.4100,0.0000,28.3200,47.5300,210.9500,51.9100,2.5700,10.1400,6.3200,11.2700,35.8200,0.0000,0.0000,0.0000,0.0000,0.0000,0.0000,0.0000,0.0000,0.0000,0.0000,0.0000,0.0000,0.0000,13.7200,0.0000,0.0000,0.0000,0.0000,1.6100,1.6300,0.0000,3.2500,0.0000,2.2400,4.0300,0.0000,0.6200,1.4300,0.0000,0.0000,0.0000,0.0000,0.0000,0.0000,0.0000,0.0000,0.0000,8.8601,0.0000,0.0000,0.0000,0.0000,0.0000,0.0000,0.0000,10.2200,0.0000,0.0000,17.6900,0.0000,21.2400,9.3300,0.0000,0.0000,0.0000,0.0000,0.0000,0.0000,0.0000,0.0000,0.0000,0.0000,0.0000,0.0000,0.0000,0.0000,0.0000,0.0000,0.0000,0.0000,0.0000,14.0100,0.0000,0.0000,0.0000,0.0000,0.0000,0.0000,0.0000,0.0000,0.0000,0.0000,0.0000,0.0000,0.0000,0.0000,0.0000,0.0000,0.0000,0.0000,0.0000,0.0000,0.0000,0.0000,0.0000,0.0000,0.0000,0.0000,0.0000,0.0000,1026.7034,-261.69,0.00,11.4709,0.00,753.5425
69,BYPL,04DSBYPL2023/01/17,0.0000,0.0000,0.0000,0.0000,0.0000,0.0000,0.0000,0.0000,65.1800,0.0000,8.7533,26.0000,0.0000,0.0000,0.0000,0.0000,21.9000,62.4800,17.2200,0.0000,45.0000,0.0000,0.0000,0.0000,100.1500,0.0000,3.5100,0.0000,0.0000,0.0000,0.0000,0.0000,157.4400,0.0000,0.0000,4.4100,0.0000,28.3200,47.5300,210.9500,51.9100,2.5700,10.1400,6.3200,11.2700,35.8200,0.0000,0.0000,0.0000,0.0000,0.0000,0.0000,0.0000,0.6500,0.0000,0.0000,0.0000,0.0000,0.0000,13.7200,0.0000,0.0000,0.0000,0.0000,1.6100,1.6300,0.9200,6.7600,0.0000,4.5100,8.0700,0.0000,0.6200,1.4300,1.4400,0.0000,0.0000,0.0000,0.0000,0.0000,0.0000,0.0000,0.0000,4.4700,0.0000,0.0000,0.0000,0.0000,0.0000,0.0000,0.0000,10.0600,0.0000,0.0000,13.8300,0.0000,16.7900,7.0000,0.0000,0.0000,0.0000,0.0000,0.0000,0.0000,0.0000,0.0000,0.0000,0.0000,0.0000,0.0000,0.0000,0.0000,0.0000,0.0000,0.0000,0.0000,0.0000,13.4300,0.0000,0.0000,0.0000,0.0000,0.0000,0.0000,0.0000,0.0000,0.0000,0.0000,0.0000,0.0000,0.0000,0.0000,0.0000,0.0000,0.0000,0.0000,0.0000,0.0000,0.0000,0.0000,0.0000,0.0000,0.0000,0.0000,0.0000,0.0000,1023.8133,-242.57,0.00,11.6706,0.00,769.5727
70,BYPL,04DSBYPL2023/01/17,0.0000,0.0000,0.0000,0.0000,0.0000,0.0000,0.0000,0.0000,65.1800,0.0000,8.7533,26.0000,0.0000,0.0000,0.0000,0.0000,21.9000,62.4800,22.9600,0.0000,45.0000,0.0000,0.0000,0.0000,100.1500,0.0000,2.0700,0.0000,0.0000,0.0000,0.0000,0.0000,157.4400,0.0000,0.0000,4.4100,0.0000,28.3200,47.5300,210.9500,51.9100,2.5700,10.1400,6.3200,11.2700,35.8200,0.0000,0.0000,0.0000,0.0000,0.0000,0.0000,0.0000,1.2200,0.0000,0.0000,0.0000,0.0000,0.0000,13.7200,0.0000,0.0000,0.0000,0.0000,1.6100,1.6300,4.3200,6.7600,0.0000,7.0300,8.0700,0.9800,0.6200,1.4300,1.5900,0.0000,0.0000,0.0000,0.0000,0.0000,0.0000,0.0000,0.0000,1.7800,0.0000,0.0000,0.0000,0.0000,0.0000,0.0000,0.0000,9.3600,0.0000,0.0000,9.9800,0.0000,12.3900,3.0000,0.0000,0.0000,0.0000,0.0000,0.0000,0.0000,0.0000,0.0000,0.0000,0.0000,0.0000,0.0000,0.0000,0.0000,0.0000,0.0000,0.0000,0.0000,0.0000,12.2000,0.0000,0.0000,0.0000,0.0000,0.0000,0.0000,0.0000,0.0000,0.0000,0.0000,0.0000,0.0000,0.0000,0.0000,0.0000,0.0000,0.0000,0.0000,0.0000,0.0000,0.0000,0.0000,0.0000,0.0000,0.0000,0.0000,0.0000,0.0000,1018.8633,-223.44,0.00,11.8317,0.00,783.5916
71,BYPL,04DSBYPL2023/01/17,0.0000,0.0000,0.0000,0.0000,0.0000,0.0000,0.0000,0.0000,65.1800,0.0000,8.8400,26.0000,0.0000,0.0000,0.0000,0.0000,21.9000,62.4800,28.6900,0.0000,55.0000,0.0000,0.0000,0.0000,100.1500,0.0000,0.8300,0.0000,0.0000,0.0000,0.0000,0.0000,157.4400,0.0000,0.0000,4.4100,0.0000,28.3200,47.5300,210.9500,51.9100,2.5700,10.1400,6.3200,11.2700,35.8200,0.0000,0.0000,0.0000,0.0000,0.0000,0.0000,0.0000,2.3000,0.0000,0.0000,0.0000,0.0000,0.0000,13.7200,0.0000,0.0000,0.0000,0.0000,1.6100,1.6300,6.8300,10.1700,0.0000,6.7800,12.2400,4.2500,0.6200,0.5600,3.2100,0.0000,0.0000,0.0000,0.0000,0.0000,0.0000,0.0000,0.0000,0.2400,0.0000,0.0000,0.0000,0.0000,0.0000,0.0000,0.0000,8.9700,0.0000,0.0000,6.1200,0.0000,7.1700,1.6700,0.0000,0.0000,0.0000,0.0000,0.0000,0.0000,0.0000,0.0000,0.0000,0.0000,0.0000,0.0000,0.0000,0.0000,0.0000,0.0000,0.0000,0.0000,0.0000,11.4500,0.0000,0.0000,0.0000,0.0000,0.0000,0.0000,0.0000,0.0000,0.0000,0.0000,0.0000,0.0000,0.0000,0.0000,0.0000,0.0000,0.0000,0.0000,0.0000,0.0000,0.0000,0.0000,0.0000,0.0000,0.0000,0.0000,0.0000,0.0000,1035.2900,-223.44,0.00,12.0007,0.00,799.8493
72,BYPL,04DSBYPL2023/01/17,0.0000,0.0000,0.0000,0.0000,0.0000,0.0000,0.0000,0.0000,65.1800,0.0000,8.8400,26.0000,0.0000,0.0000,0.0000,0.0000,21.9000,62.4800,36.0100,0.0000,55.0000,0.0000,0.0000,0.0000,100.1500,0.0000,0.2300,0.0000,0.0000,0.0000,0.0000,0.0000,157.4400,0.0000,0.0000,4.4100,0.0000,28.3200,47.5300,210.9500,51.9100,2.5700,10.1400,6.3200,11.2700,35.8200,0.0000,0.0000,0.0000,0.0000,0.0000,0.0000,0.0000,3.9200,0.0000,0.0000,0.0000,0.0000,0.0000,13.7200,0.0000,0.0000,0.0000,0.0000,1.6100,1.9600,6.8300,10.1700,0.0000,6.7800,12.2500,4.2500,0.6200,0.5600,3.2100,0.0000,0.0000,0.0000,0.0000,0.0000,0.0000,0.0000,0.0000,0.0000,0.0000,0.0000,0.0000,0.0000,0.0000,0.0000,0.0000,8.4400,0.0000,0.0000,2.2600,0.0000,2.1100,0.6700,0.0000,0.0000,0.0000,0.0000,0.0000,0.0000,0.0000,0.0000,0.0000,0.0000,0.0000,0.0000,0.0000,0.0000,0.0000,0.0000,0.0000,0.0000,0.0000,10.6300,0.0000,0.0000,0.0000,0.0000,0.0000,0.0000,0.0000,0.0000,0.0000,0.0000,0.0000,0.0000,0.0000,0.0000,0.0000,0.0000,0.0000,0.0000,0.0000,0.0000,0.0000,0.0000,0.0000,0.0000,0.0000,0.0000,0.0000,0.0000,1032.4600,-204.32,0.00,12.1515,0.00,815.9885
73,BYPL,04DSBYPL2023/01/17,0.0000,0.0000,0.0000,0.0000,0.0000,0.0000,0.0000,0.0000,65.1800,0.0000,8.8400,26.0000,0.0000,0.0000,0.0000,0.0000,21.9000,62.4800,36.0100,0.0000,55.0000,0.0000,0.0000,0.0000,100.1500,0.0000,0.0000,0.0000,0.0000,0.0000,0.0000,0.0000,157.4400,0.0000,0.0000,4.4100,0.0000,28.3200,47.5300,210.9500,51.9100,2.5700,10.1400,6.3200,11.2700,35.8200,0.0000,0.0000,0.0000,0.0000,0.0000,0.0000,0.0000,3.9200,0.0000,0.0000,0.0000,0.0000,0.0000,13.7200,0.0000,0.0000,0.0000,0.0000,1.6100,1.9600,6.8300,10.1700,0.0000,6.7800,12.2500,4.2500,0.6200,0.5600,3.2100,0.0000,0.0000,0.0000,0.0000,0.0000,0.0000,0.0000,0.0000,0.0000,0.0000,0.0000,0.0000,0.0000,0.0000,0.0000,0.0000,8.1200,0.0000,0.0000,1.7000,0.0000,0.0000,0.0000,0.0000,0.0000,0.0000,0.0000,0.0000,0.0000,0.0000,0.0000,0.0000,0.0000,0.0000,0.0000,0.0000,0.0000,0.0000,0.0000,0.0000,0.0000,0.0000,10.4600,0.0000,0.0000,0.0000,0.0000,0.0000,0.0000,0.0000,0.0000,0.0000,0.0000,0.0000,0.0000,0.0000,0.0000,0.0000,0.0000,0.0000,0.0000,0.0000,0.0000,0.0000,0.0000,0.0000,0.0000,0.0000,0.0000,0.0000,0.0000,1028.4000,-187.19,0.00,10.8730,0.00,830.3370
74,BYPL,04DSBYPL2023/01/17,0.0000,0.0000,0.0000,0.0000,0.0000,0.0000,0.0000,0.0000,65.1800,0.0000,8.8400,26.0000,0.0000,0.0000,0.0000,0.0000,21.9000,62.4800,36.0100,0.0000,55.0000,0.0000,0.0000,0.0000,100.1500,0.0000,0.0000,0.0000,0.0000,0.0000,0.0000,0.0000,157.4400,0.0000,0.0000,4.4100,0.0000,28.3200,47.5300,210.9500,51.9100,2.5700,10.1400,6.3200,11.2700,35.8200,0.0000,0.0000,0.0000,0.0000,0.0000,0.0000,0.0000,3.9200,0.0000,0.0000,0.0000,0.0000,0.0000,13.7200,0.0000,0.0000,0.0000,0.0000,1.6100,1.9600,6.8300,6.7600,0.0000,6.7800,12.2500,4.2500,0.6200,0.3700,3.2100,0.0000,0.0000,0.0000,0.0000,0.0000,0.0000,0.0000,0.0000,0.0000,0.0000,0.0000,0.0000,0.0000,0.0000,0.0000,0.0000,7.8100,0.0000,0.0000,1.1300,0.0000,0.0000,0.0000,0.0000,0.0000,0.0000,0.0000,0.0000,0.0000,0.0000,0.0000,0.0000,0.0000,0.0000,0.0000,0.0000,0.0000,0.0000,0.0000,0.0000,0.0000,0.0000,10.2500,0.0000,0.0000,0.0000,0.0000,0.0000,0.0000,0.0000,0.0000,0.0000,0.0000,0.0000,0.0000,0.0000,0.0000,0.0000,0.0000,0.0000,0.0000,0.0000,0.0000,0.0000,0.0000,0.0000,0.0000,0.0000,0.0000,0.0000,0.0000,1023.7100,-172.85,0.00,10.9579,0.00,839.9021
75,BYPL,04DSBYPL2023/01/17,0.0000,0.0000,0.0000,0.0000,0.0000,0.0000,0.0000,0.0000,65.1800,0.0000,8.8400,26.0000,0.0000,0.0000,0.0000,0.0000,21.9000,62.4800,28.9100,0.0000,55.0000,0.0000,0.0000,0.0000,100.1500,0.0000,0.0000,0.0000,0.0000,0.0000,0.0000,0.0000,157.4400,0.0000,0.0000,4.4100,0.0000,28.3200,47.5300,210.9500,51.9100,2.5700,10.1400,6.3200,11.2700,35.8200,0.0000,0.0000,0.0000,0.0000,0.0000,0.0000,0.0000,3.9200,0.0000,0.0000,0.0000,0.0000,0.0000,13.7200,0.0000,0.0000,0.0000,0.0000,1.6100,1.9600,6.8300,6.7600,0.0000,6.7800,12.2500,4.2500,0.6200,0.3800,3.2100,0.0000,0.0000,0.0000,0.0000,0.0000,0.0000,0.0000,0.0000,0.0000,0.0000,0.0000,0.0000,0.0000,0.0000,0.0000,0.0000,7.5700,0.0000,0.0000,0.5700,0.0000,0.0000,0.0000,0.0000,0.0000,0.0000,0.0000,0.0000,0.0000,0.0000,0.0000,0.0000,0.0000,0.0000,0.0000,0.0000,0.0000,0.0000,0.0000,0.0000,0.0000,0.0000,10.0900,0.0000,0.0000,0.0000,0.0000,0.0000,0.0000,0.0000,0.0000,0.0000,0.0000,0.0000,0.0000,0.0000,0.0000,0.0000,0.0000,0.0000,0.0000,0.0000,0.0000,0.0000,0.0000,0.0000,0.0000,0.0000,0.0000,0.0000,0.0000,1015.6600,-168.07,0.00,10.9292,0.00,836.6608
76,BYPL,04DSBYPL2023/01/17,0.0000,0.0000,0.0000,0.0000,0.0000,0.0000,0.0000,0.0000,65.1800,0.0000,8.8400,26.0000,0.0000,0.0000,0.0000,0.0000,21.9000,62.4800,22.9600,0.0000,55.0000,0.0000,0.0000,0.0000,100.1500,0.0000,0.0000,0.0000,0.0000,0.0000,0.0000,0.0000,157.4400,0.0000,0.0000,4.4100,0.0000,28.3200,47.5300,210.9500,51.9100,2.5700,10.1400,6.3200,11.2700,35.8200,0.0000,0.0000,0.0000,0.0000,0.0000,0.0000,0.0000,3.9200,0.0000,0.0000,0.0000,0.0000,0.0000,13.7200,0.0000,0.0000,0.0000,0.0000,2.1400,1.9600,4.3200,3.2500,0.0000,6.7200,12.2500,4.2500,0.6200,0.4300,2.8300,0.0000,0.0000,0.0000,0.0000,0.0000,0.0000,0.0000,0.0000,0.0000,0.0000,0.0000,0.0000,0.0000,0.0000,0.0000,0.0000,7.3200,0.0000,0.0000,0.0000,0.0000,0.0000,0.0000,0.0000,0.0000,0.0000,0.0000,0.0000,0.0000,0.0000,0.0000,0.0000,0.0000,0.0000,0.0000,0.0000,0.0000,0.0000,0.0000,0.0000,0.0000,0.0000,9.9400,0.0000,0.0000,0.0000,0.0000,0.0000,0.0000,0.0000,0.0000,0.0000,0.0000,0.0000,0.0000,0.0000,0.0000,0.0000,0.0000,0.0000,0.0000,0.0000,0.0000,0.0000,0.0000,0.0000,0.0000,0.0000,0.0000,0.0000,0.0000,1002.8600,-163.29,0.00,10.8586,0.00,828.7114
77,BYPL,04DSBYPL2023/01/17,0.0000,0.0000,0.0000,0.0000,0.0000,0.0000,0.0000,0.0000,65.1800,0.0000,8.8400,26.0000,0.0000,0.0000,0.0000,0.0000,21.9000,62.4800,17.2200,0.0000,55.0000,0.0000,0.0000,0.0000,100.1500,0.0000,0.0000,0.0000,0.0000,0.0000,0.0000,0.0000,157.4400,0.0000,0.0000,4.4100,0.0000,28.3200,47.5300,210.9500,51.9100,2.5700,10.1400,6.3200,11.2700,35.8200,0.0000,0.0000,0.0000,0.0000,0.0000,0.0000,0.0000,2.5900,0.0000,0.0000,0.0000,0.0000,0.0000,13.7200,0.0000,0.0000,0.0000,0.0000,6.7000,1.9600,2.8000,0.0000,0.0000,4.4800,8.0700,0.9400,0.6200,0.5400,1.5800,0.0000,0.0000,0.0000,0.0000,0.0000,0.0000,0.0000,0.0000,0.0000,0.0000,0.0000,0.0000,0.0000,0.0000,0.0000,0.0000,7.2900,0.0000,0.0000,0.0000,0.0000,0.0000,0.0000,0.0000,0.0000,0.0000,0.0000,0.0000,0.0000,0.0000,0.0000,0.0000,0.0000,0.0000,0.0000,0.0000,0.0000,0.0000,0.0000,0.0000,0.0000,0.0000,10.6700,0.0000,0.0000,0.0000,0.0000,0.0000,0.0000,0.0000,0.0000,0.0000,0.0000,0.0000,0.0000,0.0000,0.0000,0.0000,0.0000,0.0000,0.0000,0.0000,0.0000,0.0000,0.0000,0.0000,0.0000,0.0000,0.0000,0.0000,0.0000,985.4100,-158.51,0.00,10.7471,0.00,816.1529
78,BYPL,04DSBYPL2023/01/17,0.0000,0.0000,0.0000,0.0000,0.0000,0.0000,0.0000,0.0000,65.1800,0.0000,8.8400,26.0000,0.0000,0.0000,0.0000,0.0000,21.9000,62.4800,11.4800,0.0000,55.0000,0.0000,0.0000,0.0000,100.1500,0.0000,0.0000,0.0000,0.0000,0.0000,0.0000,0.0000,157.4400,0.0000,0.0000,4.4100,0.0000,28.3200,47.5300,210.9500,51.9100,2.5700,10.1400,6.3200,11.2700,35.8200,0.0000,0.0000,0.0000,0.0000,0.0000,0.0000,0.0000,1.3000,0.0000,0.0000,0.0000,0.0000,0.0000,13.7200,0.0000,0.0000,0.0000,0.0000,6.7000,1.9600,0.9200,0.0000,0.0000,2.2400,7.5700,0.0000,0.6200,0.4200,0.0000,0.0000,0.0000,0.0000,0.0000,0.0000,0.0000,0.0000,0.0000,0.0000,0.0000,0.0000,0.0000,0.0000,0.0000,0.0000,0.0000,7.3400,0.0000,0.0000,0.0000,0.0000,0.0000,0.0000,0.0000,0.0000,0.0000,0.0000,0.0000,0.0000,0.0000,0.0000,0.0000,0.0000,0.0000,0.0000,0.0000,0.0000,0.0000,0.0000,0.0000,0.0000,0.0000,11.5000,0.0000,0.0000,0.0000,0.0000,0.0000,0.0000,0.0000,0.0000,0.0000,0.0000,0.0000,0.0000,0.0000,0.0000,0.0000,0.0000,0.0000,0.0000,0.0000,0.0000,0.0000,0.0000,0.0000,0.0000,0.0000,0.0000,0.0000,0.0000,972.0000,-153.73,0.00,10.6711,0.00,807.5989
79,BYPL,04DSBYPL2023/01/17,0.0000,0.0000,0.0000,0.0000,0.0000,0.0000,0.0000,0.0000,65.1800,0.0000,8.8400,26.0000,0.0000,0.0000,0.0000,0.0000,21.9000,62.4800,10.4600,0.0000,55.0000,0.0000,0.0000,0.0000,100.1500,0.0000,0.0000,0.0000,0.0000,0.0000,0.0000,0.0000,157.4400,0.0000,0.0000,4.4100,0.0000,28.3200,47.5300,210.9500,51.9100,2.5700,10.1400,6.3200,11.2700,35.8200,0.0000,0.0000,0.0000,0.0000,0.0000,0.0000,0.0000,0.2300,0.0000,0.0000,0.0000,0.0000,0.0000,13.7200,0.0000,0.0000,0.0000,0.0000,2.1400,1.9600,0.0000,0.0000,0.0000,2.2400,3.7900,0.0000,0.6200,0.5600,0.0000,0.0000,0.0000,0.0000,0.0000,0.0000,0.0000,0.0000,0.0000,0.0000,0.0000,0.0000,0.0000,0.0000,0.0000,0.0000,0.0000,7.3700,0.0000,0.0000,0.0000,0.0000,0.0000,0.0000,0.0000,0.0000,0.0000,0.0000,0.0000,0.0000,0.0000,0.0000,0.0000,0.0000,0.0000,0.0000,0.0000,0.0000,0.0000,0.0000,0.0000,0.0000,0.0000,12.6000,0.0000,0.0000,0.0000,0.0000,0.0000,0.0000,0.0000,0.0000,0.0000,0.0000,0.0000,0.0000,0.0000,0.0000,0.0000,0.0000,0.0000,0.0000,0.0000,0.0000,0.0000,0.0000,0.0000,0.0000,0.0000,0.0000,0.0000,0.0000,961.9200,-153.73,0.00,10.5824,0.00,797.6076
80,BYPL,04DSBYPL2023/01/17,0.0000,0.0000,0.0000,0.0000,0.0000,0.0000,0.0000,0.0000,65.1800,0.0000,8.8400,26.0000,0.0000,0.0000,0.0000,0.0000,21.9000,62.4800,4.8800,0.0000,55.0000,0.0000,0.0000,0.0000,100.1500,0.0000,0.0000,0.0000,0.0000,0.0000,0.0000,0.0000,157.4400,0.0000,0.0000,4.4100,0.0000,28.3200,47.5300,210.9500,51.9100,2.5700,10.1400,6.3200,11.2700,35.8200,0.0000,0.0000,0.0000,0.0000,0.0000,0.0000,0.0000,0.0000,0.0000,0.0000,0.0000,0.0000,0.0000,13.7200,0.0000,0.0000,0.0000,0.0000,2.1400,1.9600,0.0000,0.0000,0.0000,0.0000,0.0000,0.0000,0.6200,0.3700,0.0000,0.0000,0.0000,0.0000,0.0000,0.0000,0.0000,0.0000,0.0000,0.0000,0.0000,0.0000,0.0000,0.0000,0.0000,0.0000,0.0000,7.5200,0.0000,0.0000,0.0000,0.0000,0.0000,0.0000,0.0000,0.0000,0.0000,0.0000,0.0000,0.0000,0.0000,0.0000,0.0000,0.0000,0.0000,0.0000,0.0000,0.0000,0.0000,0.0000,0.0000,0.0000,0.0000,14.0400,0.0000,0.0000,0.0000,0.0000,0.0000,0.0000,0.0000,0.0000,0.0000,0.0000,0.0000,0.0000,0.0000,0.0000,0.0000,0.0000,0.0000,0.0000,0.0000,0.0000,0.0000,0.0000,0.0000,0.0000,0.0000,0.0000,0.0000,0.0000,951.4800,-163.29,0.00,10.4064,0.00,777.7836
81,BYPL,04DSBYPL2023/01/17,0.0000,0.0000,0.0000,0.0000,0.0000,0.0000,0.0000,0.0000,65.1800,0.0000,8.8400,26.0000,0.0000,0.0000,0.0000,0.0000,21.9000,62.4800,1.4800,0.0000,55.0000,0.0000,0.0000,0.0000,100.1500,0.0000,0.0000,0.0000,0.0000,0.0000,0.0000,0.0000,157.4400,0.0000,0.0000,4.4100,0.0000,28.3200,47.5300,210.9500,51.9100,2.5700,10.1400,6.3200,11.2700,35.8200,0.0000,0.0000,0.0000,0.0000,0.0000,0.0000,0.0000,0.0000,0.0000,0.0000,0.0000,0.0000,0.0000,13.7200,0.0000,0.0000,0.0000,0.0000,2.1400,1.9600,0.0000,0.0000,0.0000,0.0000,0.0000,0.0000,0.6200,0.3700,0.0000,0.0000,0.0000,0.0000,0.0000,0.0000,0.0000,0.0000,0.0000,0.0000,0.0000,0.0000,0.0000,0.0000,0.0000,0.0000,0.0000,7.8400,0.0000,0.0000,0.0000,0.0000,0.0000,0.0000,0.0000,0.0000,0.0000,0.0000,0.0000,0.0000,0.0000,0.0000,0.0000,0.0000,0.0000,0.0000,0.0000,0.0000,0.0000,0.0000,0.0000,0.0000,0.0000,16.6600,0.0000,0.0000,0.0000,0.0000,0.0000,0.0000,0.0000,0.0000,0.0000,0.0000,0.0000,0.0000,0.0000,0.0000,0.0000,0.0000,0.0000,0.0000,0.0000,0.0000,0.0000,0.0000,0.0000,0.0000,0.0000,0.0000,0.0000,0.0000,951.0200,-177.63,0.00,10.2762,0.00,763.1138
82,BYPL,04DSBYPL2023/01/17,0.0000,0.0000,0.0000,0.0000,0.0000,0.0000,0.0000,0.0000,65.1800,0.0000,8.8400,26.0000,0.0000,0.0000,0.0000,0.0000,21.9000,62.4800,0.0000,0.0000,55.0000,0.0000,0.0000,0.0000,100.1500,0.0000,0.0000,0.0000,0.0000,0.0000,0.0000,0.0000,157.4400,0.0000,0.0000,4.4100,0.0000,28.3200,47.5300,210.9500,51.9100,2.5700,10.1400,6.3200,11.2700,35.8200,0.0000,0.0000,0.0000,0.0000,0.0000,0.0000,0.0000,0.0000,0.0000,0.0000,0.0000,0.0000,0.0000,13.7200,0.0000,0.0000,0.0000,0.0000,2.1400,1.9600,0.0000,0.0000,0.0000,0.0000,0.0000,0.0000,0.6200,0.3700,0.0000,0.0000,0.0000,0.0000,0.0000,0.0000,0.0000,0.0000,0.0000,0.0000,0.0000,0.0000,0.0000,0.0000,0.0000,0.0000,0.0000,8.2400,0.0000,0.0000,0.0000,0.0000,0.0000,0.0000,0.0000,0.0000,0.0000,0.0000,0.0000,0.0000,0.0000,0.0000,0.0000,0.0000,0.0000,0.0000,0.0000,0.0000,0.0000,0.0000,0.0000,0.0000,0.0000,20.0900,0.0000,0.0000,0.0000,0.0000,0.0000,0.0000,0.0000,0.0000,0.0000,0.0000,0.0000,0.0000,0.0000,0.0000,0.0000,0.0000,0.0000,0.0000,0.0000,0.0000,0.0000,0.0000,0.0000,0.0000,0.0000,0.0000,0.0000,0.0000,953.3700,-187.19,0.00,10.2128,0.00,755.9672
83,BYPL,04DSBYPL2023/01/17,0.0000,0.0000,0.0000,0.0000,0.0000,0.0000,0.0000,0.0000,65.1800,0.0000,8.8400,26.0000,0.0000,0.0000,0.0000,0.0000,21.9000,62.4800,0.0000,0.0000,45.0000,0.0000,0.0000,0.0000,100.1500,0.0000,0.0000,0.0000,0.0000,0.0000,0.0000,0.0000,157.4400,0.0000,0.0000,4.4100,0.0000,28.3200,47.5300,210.9500,51.9100,2.5700,10.1400,6.3200,11.2700,35.8200,0.0000,0.0000,0.0000,0.0000,0.0000,0.0000,0.0000,0.0000,0.0000,0.0000,0.0000,0.0000,0.0000,13.7200,0.0000,0.0000,0.0000,0.0000,2.1400,1.9600,0.0000,0.0000,0.0000,0.0000,0.0000,0.0000,0.6200,0.3700,0.0000,0.0000,0.0000,0.0000,0.0000,0.0000,0.0000,0.0000,0.0000,0.0000,0.0000,0.0000,0.0000,0.0000,0.0000,0.0000,0.0000,8.7400,0.0000,0.0000,0.0000,0.0000,0.0000,0.0000,0.0000,0.0000,0.0000,0.0000,0.0000,0.0000,0.0000,0.0000,0.0000,0.0000,0.0000,0.0000,0.0000,0.0000,0.0000,0.0000,0.0000,0.0000,0.0000,23.3300,0.0000,0.0000,0.0000,0.0000,0.0000,0.0000,0.0000,0.0000,0.0000,0.0000,0.0000,0.0000,0.0000,0.0000,0.0000,0.0000,0.0000,0.0000,0.0000,0.0000,0.0000,0.0000,0.0000,0.0000,0.0000,0.0000,0.0000,0.0000,947.1100,-196.75,0.00,10.0735,0.00,740.2865
84,BYPL,04DSBYPL2023/01/17,0.0000,0.0000,0.0000,0.0000,0.0000,0.0000,0.0000,0.0000,65.1800,0.0000,8.8400,26.0000,0.0000,0.0000,0.0000,0.0000,21.9000,62.4800,0.0000,0.0000,45.0000,0.0000,0.0000,0.0000,100.1500,0.0000,0.0000,0.0000,0.0000,0.0000,0.0000,0.0000,157.4400,0.0000,0.0000,4.4100,0.0000,28.3200,47.5300,210.9500,51.9100,2.5700,10.1400,6.3200,11.2700,35.8200,0.0000,0.0000,0.0000,0.0000,0.0000,0.0000,0.0000,0.0000,0.0000,0.0000,0.0000,0.0000,0.0000,13.7200,0.0000,0.0000,0.0000,0.0000,2.1400,1.9600,0.0000,0.0000,0.0000,0.0000,0.0000,0.0000,0.6200,0.3700,0.0000,0.0000,0.0000,0.0000,0.0000,0.0000,0.0000,0.0000,0.0000,0.0000,0.0000,0.0000,0.0000,0.0000,0.0000,0.0000,0.0000,9.3700,0.0000,0.0000,0.0000,0.0000,0.0000,0.0000,0.0000,0.0000,0.0000,0.0000,0.0000,0.0000,0.0000,0.0000,0.0000,0.0000,0.0000,0.0000,0.0000,0.0000,0.0000,0.0000,0.0000,0.0000,0.0000,27.1000,0.0000,0.0000,0.0000,0.0000,0.0000,0.0000,0.0000,0.0000,0.0000,0.0000,0.0000,0.0000,0.0000,0.0000,0.0000,0.0000,0.0000,0.0000,0.0000,0.0000,0.0000,0.0000,0.0000,0.0000,0.0000,0.0000,0.0000,0.0000,951.5100,-196.75,0.00,10.1123,0.00,744.6477
85,BYPL,04DSBYPL2023/01/17,0.0000,0.0000,0.0000,0.0000,0.0000,0.0000,0.0000,0.0000,65.1800,0.0000,8.8400,26.0000,0.0000,0.0000,0.0000,0.0000,21.9000,62.4800,0.0000,0.0000,45.0000,0.0000,0.0000,0.0000,100.1500,0.0000,0.0000,0.0000,0.0000,0.0000,0.0000,0.0000,157.4400,0.0000,0.0000,4.4100,0.0000,28.3200,47.5300,210.9500,51.9100,2.5700,10.1400,6.3200,11.2700,35.8200,0.0000,0.0000,0.0000,0.0000,0.0000,0.0000,0.0000,0.0000,0.0000,0.0000,0.0000,0.0000,0.0000,13.7200,0.0000,0.0000,0.0000,0.0000,2.1400,1.9600,0.0000,0.0000,0.0000,0.0000,0.0000,0.0000,0.6200,0.3700,0.0000,0.0000,0.0000,0.0000,0.0000,0.0000,0.0000,0.0000,0.0000,0.0000,0.0000,0.0000,0.0000,0.0000,0.0000,0.0000,0.0000,10.2900,0.0000,0.0000,0.0000,0.0000,0.0000,0.0000,0.0000,0.0000,0.0000,0.0000,0.0000,0.0000,0.0000,0.0000,0.0000,0.0000,0.0000,0.0000,0.0000,0.0000,0.0000,0.0000,0.0000,0.0000,0.0000,28.9100,0.0000,0.0000,0.0000,0.0000,0.0000,0.0000,0.0000,0.0000,0.0000,0.0000,0.0000,0.0000,0.0000,0.0000,0.0000,0.0000,0.0000,0.0000,0.0000,0.0000,0.0000,0.0000,0.0000,0.0000,0.0000,0.0000,0.0000,0.0000,954.2400,-196.83,0.00,10.1356,0.00,747.2744
86,BYPL,04DSBYPL2023/01/17,0.0000,0.0000,0.0000,0.0000,0.0000,0.0000,0.0000,0.0000,65.1800,0.0000,8.8400,26.0000,0.0000,0.0000,0.0000,0.0000,21.9000,62.4800,0.0000,0.0000,45.0000,0.0000,0.0000,0.0000,100.1500,0.0000,0.0000,0.0000,0.0000,0.0000,0.0000,0.0000,157.4400,0.0000,0.0000,4.4100,0.0000,28.3200,47.5300,210.9500,51.9100,2.5700,10.1400,6.3200,11.2700,35.8200,0.0000,0.0000,0.0000,0.0000,0.0000,0.0000,0.0000,0.0000,0.0000,0.0000,0.0000,0.0000,0.0000,13.7200,0.0000,0.0000,0.0000,0.0000,2.1400,1.9600,0.0000,0.0000,0.0000,0.0000,0.0000,0.0000,0.6200,0.3700,0.0000,0.0000,0.0000,0.0000,0.0000,0.0000,0.0000,0.0000,0.0000,0.0000,0.0000,0.0000,0.0000,0.0000,0.0000,0.0000,0.0000,11.8300,0.0000,0.0000,0.0000,0.0000,0.0000,0.0000,0.0000,0.0000,0.0000,0.0000,0.0000,0.0000,0.0000,0.0000,0.0000,0.0000,0.0000,0.0000,0.0000,0.0000,0.0000,0.0000,0.0000,0.0000,0.0000,31.1500,0.0000,0.0000,0.0000,0.0000,0.0000,0.0000,0.0000,0.0000,0.0000,0.0000,0.0000,0.0000,0.0000,0.0000,0.0000,0.0000,0.0000,0.0000,0.0000,0.0000,0.0000,0.0000,0.0000,0.0000,0.0000,0.0000,0.0000,0.0000,958.0200,-196.83,0.00,10.1688,0.00,751.0212
87,BYPL,04DSBYPL2023/01/17,0.0000,0.0000,0.0000,0.0000,0.0000,0.0000,0.0000,0.0000,65.1800,0.0000,8.8400,26.0000,0.0000,0.0000,0.0000,0.0000,21.9000,62.4800,0.0000,0.0000,45.0000,0.0000,0.0000,0.0000,100.1500,0.0000,0.0000,0.0000,0.0000,0.0000,0.0000,0.0000,157.4400,0.0000,0.0000,4.4100,0.0000,28.3200,47.5300,210.9500,51.9100,2.5700,10.1400,6.3200,11.2700,35.8200,0.0000,0.0000,0.0000,0.0000,0.0000,0.0000,0.0000,0.0000,0.0000,0.0000,0.0000,0.0000,0.0000,13.7200,0.0000,0.0000,0.0000,0.0000,2.1400,1.9600,0.0000,0.0000,0.0000,0.0000,0.0000,0.0000,0.6200,0.3700,0.0000,0.0000,0.0000,0.0000,0.0000,0.0000,0.0000,0.0000,0.0000,0.0000,0.0000,0.0000,0.0000,0.0000,0.0000,0.0000,0.0000,13.7000,0.0000,0.0000,0.0000,0.0000,0.0000,0.0000,0.0000,0.0000,0.0000,0.0000,0.0000,0.0000,0.0000,0.0000,0.0000,0.0000,0.0000,0.0000,0.0000,0.0000,0.0000,0.0000,0.0000,0.0000,0.0000,33.5400,0.0000,0.0000,0.0000,0.0000,0.0000,0.0000,0.0000,0.0000,0.0000,0.0000,0.0000,0.0000,0.0000,0.0000,0.0000,0.0000,0.0000,0.0000,0.0000,0.0000,0.0000,0.0000,0.0000,0.0000,0.0000,0.0000,0.0000,0.0000,962.2800,-196.83,0.00,10.2063,0.00,755.2437
88,BYPL,04DSBYPL2023/01/17,0.0000,0.0000,0.0000,0.0000,0.0000,0.0000,0.0000,0.0000,65.1800,0.0000,8.8400,26.0000,0.0000,0.0000,0.0000,0.0000,21.9000,62.4800,0.0000,0.0000,45.0000,0.0000,0.0000,0.0000,100.1500,0.0000,0.0000,0.0000,0.0000,0.0000,0.0000,0.0000,157.4400,0.0000,0.0000,4.4100,0.0000,28.3200,47.5300,210.9500,51.9100,2.5700,10.1400,6.3200,11.2700,35.8200,0.0000,0.0000,0.0000,0.0000,0.0000,0.0000,0.0000,0.0000,0.0000,0.0000,0.0000,0.0000,0.0000,13.7200,0.0000,0.0000,0.0000,0.0000,2.1400,1.9600,0.0000,0.0000,0.0000,0.0000,0.0000,0.0000,0.6200,0.3700,0.0000,0.0000,0.0000,0.0000,0.0000,0.0000,0.0000,0.0000,0.0000,0.0000,0.0000,0.0000,0.0000,0.0000,0.0000,0.0000,0.0000,15.9600,0.0000,0.0000,0.0000,0.0000,0.0000,0.0000,0.0000,0.0000,0.0000,0.0000,0.0000,0.0000,0.0000,0.0000,0.0000,0.0000,0.0000,0.0000,0.0000,0.0000,0.0000,0.0000,0.0000,0.0000,0.0000,36.3000,0.0000,0.0000,0.0000,0.0000,0.0000,0.0000,0.0000,0.0000,0.0000,0.0000,0.0000,0.0000,0.0000,0.0000,0.0000,0.0000,0.0000,0.0000,0.0000,0.0000,0.0000,0.0000,0.0000,0.0000,0.0000,0.0000,0.0000,0.0000,967.3000,-196.83,0.00,10.2505,0.00,760.2195
89,BYPL,04DSBYPL2023/01/17,0.0000,0.0000,0.0000,0.0000,0.0000,0.0000,0.0000,0.0000,65.1800,0.0000,8.8400,26.0000,0.0000,0.0000,0.0000,0.0000,21.9000,59.6600,0.0000,0.0000,45.0000,0.0000,0.0000,0.0000,100.1500,0.0000,0.0000,0.0000,0.0000,0.0000,0.0000,0.0000,157.4400,0.0000,0.0000,4.4100,0.0000,28.3200,47.5300,210.9500,51.9100,2.5700,10.1400,6.3200,11.2700,35.8200,0.0000,0.0000,0.0000,0.0000,0.0000,0.0000,0.0000,0.0000,0.0000,0.0000,0.0000,0.0000,0.0000,13.7200,0.0000,0.0000,0.0000,0.0000,2.1400,1.9600,0.0000,0.0000,0.0000,0.0000,0.0000,0.0000,0.6200,0.3700,0.0000,0.0000,0.0000,0.0000,0.0000,0.0000,0.0000,0.0000,0.0000,0.0000,0.0000,0.0000,0.0000,0.0000,0.0000,0.0000,0.0000,17.3000,0.0000,0.0000,0.0000,0.0000,0.0000,0.0000,0.0000,0.0000,0.0000,0.0000,0.0000,0.0000,0.0000,0.0000,0.0000,0.0000,0.0000,0.0000,0.0000,0.0000,0.0000,0.0000,0.0000,0.0000,0.0000,36.7700,0.0000,0.0000,0.0000,0.0000,0.0000,0.0000,0.0000,0.0000,0.0000,0.0000,0.0000,0.0000,0.0000,0.0000,0.0000,0.0000,0.0000,0.0000,0.0000,0.0000,0.0000,0.0000,0.0000,0.0000,0.0000,0.0000,0.0000,0.0000,966.2900,-196.83,0.00,10.2416,0.00,759.2184
90,BYPL,04DSBYPL2023/01/17,0.0000,0.0000,0.0000,0.0000,0.0000,0.0000,0.0000,0.0000,65.1800,0.0000,8.8400,26.0000,0.0000,0.0000,0.0000,0.0000,21.9000,59.6600,0.0000,0.0000,45.0000,0.0000,0.0000,0.0000,100.1500,0.0000,0.0000,0.0000,0.0000,0.0000,0.0000,0.0000,157.4400,0.0000,0.0000,4.4100,0.0000,28.3200,47.5300,210.9500,51.9100,2.5700,10.1400,6.3200,11.2700,35.8200,0.0000,0.0000,0.0000,0.0000,0.0000,0.0000,0.0000,0.0000,0.0000,0.0000,0.0000,0.0000,0.0000,13.7200,0.0000,0.0000,0.0000,0.0000,2.1400,1.9600,0.0000,0.0000,0.0000,0.0000,0.0000,0.0000,0.6200,0.3700,0.0000,0.0000,0.0000,0.0000,0.0000,0.0000,0.0000,0.0000,0.0000,0.0000,0.0000,0.0000,0.0000,0.0000,0.0000,0.0000,0.0000,18.2400,0.0000,0.0000,0.0000,0.0000,0.0000,0.0000,0.0000,0.0000,0.0000,0.0000,0.0000,0.0000,0.0000,0.0000,0.0000,0.0000,0.0000,0.0000,0.0000,0.0000,0.0000,0.0000,0.0000,0.0000,0.0000,37.0300,0.0000,0.0000,0.0000,0.0000,0.0000,0.0000,0.0000,0.0000,0.0000,0.0000,0.0000,0.0000,0.0000,0.0000,0.0000,0.0000,0.0000,0.0000,0.0000,0.0000,0.0000,0.0000,0.0000,0.0000,0.0000,0.0000,0.0000,0.0000,967.4900,-196.83,-43.00,10.2522,0.00,717.4078
91,BYPL,04DSBYPL2023/01/17,0.0000,0.0000,0.0000,0.0000,0.0000,0.0000,0.0000,0.0000,65.1800,0.0000,8.8400,26.0000,0.0000,0.0000,0.0000,0.0000,21.9000,19.1200,0.0000,0.0000,45.0000,0.0000,0.0000,0.0000,100.1500,0.0000,0.0000,0.0000,0.0000,0.0000,0.0000,0.0000,157.4400,0.0000,0.0000,4.4100,0.0000,28.3200,47.5300,210.9500,51.9100,2.5700,10.1400,6.3200,11.2700,35.8200,0.0000,0.0000,0.0000,0.0000,0.0000,0.0000,0.0000,0.0000,0.0000,0.0000,0.0000,0.0000,0.0000,13.7200,0.0000,0.0000,0.0000,0.0000,2.1400,1.9600,0.0000,0.0000,0.0000,0.0000,0.0000,0.0000,3.1100,0.3700,0.0000,0.0000,0.0000,0.0000,0.0000,0.0000,0.0000,0.0000,0.0000,0.0000,0.0000,0.0000,0.0000,0.0000,0.0000,0.0000,0.0000,18.9500,0.0000,0.0000,0.0000,0.0000,0.0000,0.0000,0.0000,0.0000,0.0000,0.0000,0.0000,0.0000,0.0000,0.0000,0.0000,0.0000,0.0000,0.0000,0.0000,0.0000,0.0000,0.0000,0.0000,0.0000,0.0000,38.2100,0.0000,0.0000,0.0000,0.0000,0.0000,0.0000,0.0000,0.0000,0.0000,0.0000,0.0000,0.0000,0.0000,0.0000,0.0000,0.0000,0.0000,0.0000,0.0000,0.0000,0.0000,0.0000,0.0000,0.0000,0.0000,0.0000,0.0000,0.0000,931.3300,-196.83,-2.00,9.9340,0.00,722.5660
92,BYPL,04DSBYPL2023/01/17,0.0000,0.0000,0.0000,0.0000,0.0000,0.0000,0.0000,0.0000,65.1800,0.0000,8.8400,26.0000,0.0000,0.0000,0.0000,0.0000,21.9000,19.1200,0.0000,0.0000,45.0000,0.0000,0.0000,0.0000,100.1500,0.0000,0.0000,0.0000,0.0000,0.0000,0.0000,0.0000,157.4400,0.0000,0.0000,4.4100,0.0000,28.3200,47.5300,210.9500,51.9100,2.5700,10.1400,6.3200,11.2700,35.8200,0.0000,0.0000,0.0000,0.0000,0.0000,0.0000,0.0000,0.0000,0.0000,0.0000,0.0000,0.0000,0.0000,13.7200,0.0000,0.0000,0.0000,0.0000,2.1400,1.9600,0.0000,0.0000,0.0000,0.0000,0.0000,0.0000,12.9900,0.3700,0.0000,0.0000,0.0000,0.0000,0.0000,0.0000,0.0000,0.0000,0.0000,0.0000,0.0000,0.0000,0.0000,0.0000,0.0000,0.0000,0.0000,20.2600,0.0000,0.0000,0.0000,0.0000,0.0000,0.0000,0.0000,0.0000,0.0000,0.0000,0.0000,0.0000,0.0000,0.0000,0.0000,0.0000,0.0000,0.0000,0.0000,0.0000,0.0000,0.0000,0.0000,0.0000,0.0000,38.3200,0.0000,0.0000,0.0000,0.0000,0.0000,0.0000,0.0000,0.0000,0.0000,0.0000,0.0000,0.0000,0.0000,0.0000,0.0000,0.0000,0.0000,0.0000,0.0000,0.0000,0.0000,0.0000,0.0000,0.0000,0.0000,0.0000,0.0000,0.0000,942.6300,-218.83,-10.00,10.2270,0.00,703.5730
93,BYPL,04DSBYPL2023/01/17,0.0000,0.0000,0.0000,0.0000,0.0000,0.0000,0.0000,0.0000,65.1800,0.0000,8.8400,26.0000,0.0000,0.0000,0.0000,0.0000,21.9000,19.1200,0.0000,0.0000,46.0890,0.0000,0.0000,0.0000,100.1500,0.0000,0.0000,0.0000,0.0000,0.0000,0.0000,0.0000,77.6900,0.0000,0.0000,4.4100,0.0000,28.3200,47.5300,210.9500,51.9100,0.9900,4.7800,2.8700,11.2700,35.8200,0.0000,0.0000,0.0000,0.0000,0.0000,0.0000,0.0000,0.0000,0.0000,0.0000,0.0000,0.0000,0.0000,13.7200,0.0000,0.0000,0.0000,0.0000,1.6100,1.9600,0.0000,0.0000,0.0000,0.0000,0.0000,0.0000,12.9900,0.3700,0.0000,0.0000,0.0000,0.0000,0.0000,0.0000,0.0000,0.0000,0.0000,0.0000,0.0000,0.0000,0.0000,0.0000,0.0000,0.0000,0.0000,20.6900,0.0000,0.0000,0.0000,0.0000,0.0000,0.0000,0.0000,0.0000,0.0000,0.0000,0.0000,0.0000,0.0000,0.0000,0.0000,0.0000,0.0000,0.0000,0.0000,0.0000,0.0000,0.0000,0.0000,0.0000,0.0000,38.2900,0.0000,0.0000,0.0000,0.0000,0.0000,0.0000,0.0000,0.0000,0.0000,0.0000,0.0000,0.0000,0.0000,0.0000,0.0000,0.0000,0.0000,0.0000,0.0000,0.0000,0.0000,0.0000,0.0000,0.0000,0.0000,0.0000,0.0000,0.0000,853.4490,-253.83,0.00,9.7502,0.00,589.8688
94,BYPL,04DSBYPL2023/01/17,0.0000,0.0000,0.0000,0.0000,0.0000,0.0000,0.0000,0.0000,65.1800,0.0000,8.8400,26.0000,0.0000,0.0000,0.0000,0.0000,21.9000,19.1200,0.0000,0.0000,46.0890,0.0000,0.0000,0.0000,100.1500,0.0000,0.0000,0.0000,0.0000,0.0000,0.0000,0.0000,76.4900,0.0000,0.0000,0.0000,0.0000,28.3200,47.5300,210.9500,51.9100,0.9900,4.7800,2.8700,11.2700,35.8200,0.0000,0.0000,0.0000,0.0000,0.0000,0.0000,0.0000,0.0000,0.0000,0.0000,0.0000,0.0000,0.0000,13.7200,0.0000,0.0000,0.0000,0.0000,1.6100,1.9600,0.0000,0.0000,0.0000,0.0000,0.0000,0.0000,12.9900,0.3700,0.0000,0.0000,0.0000,0.0000,0.0000,0.0000,0.0000,0.0000,0.0000,0.0000,0.0000,0.0000,0.0000,0.0000,0.0000,0.0000,0.0000,20.9700,0.0000,0.0000,0.0000,0.0000,0.0000,0.0000,0.0000,0.0000,0.0000,0.0000,0.0000,0.0000,0.0000,0.0000,0.0000,0.0000,0.0000,0.0000,0.0000,0.0000,0.0000,0.0000,0.0000,0.0000,0.0000,38.2600,0.0000,0.0000,0.0000,0.0000,0.0000,0.0000,0.0000,0.0000,0.0000,0.0000,0.0000,0.0000,0.0000,0.0000,0.0000,0.0000,0.0000,0.0000,0.0000,0.0000,0.0000,0.0000,0.0000,0.0000,0.0000,0.0000,0.0000,0.0000,848.0890,-288.83,0.00,10.0110,0.00,549.2480
95,BYPL,04DSBYPL2023/01/17,0.0000,0.0000,0.0000,0.0000,0.0000,0.0000,0.0000,0.0000,65.1800,0.0000,8.8400,26.0000,0.0000,0.0000,0.0000,0.0000,21.9000,19.1200,0.0000,0.0000,46.0890,0.0000,0.0000,0.0000,100.1500,0.0000,0.0000,0.0000,0.0000,0.0000,0.0000,0.0000,76.4900,0.0000,0.0000,0.0000,0.0000,28.3200,47.5300,210.9500,51.9100,1.0000,4.7800,3.0000,11.2700,35.8200,0.0000,0.0000,0.0000,0.0000,0.0000,0.0000,0.0000,0.0000,0.0000,0.0000,0.0000,0.0000,0.0000,13.7200,0.0000,0.0000,0.0000,0.0000,1.6100,1.9600,0.0000,0.0000,0.0000,0.0000,0.0000,0.0000,12.9900,0.3700,0.0000,0.0000,0.0000,0.0000,0.0000,0.0000,0.0000,0.0000,0.0000,0.0000,0.0000,0.0000,0.0000,0.0000,0.0000,0.0000,0.0000,21.2200,0.0000,0.0000,0.0000,0.0000,0.0000,0.0000,0.0000,0.0000,0.0000,0.0000,0.0000,0.0000,0.0000,0.0000,0.0000,0.0000,0.0000,0.0000,0.0000,0.0000,0.0000,0.0000,0.0000,0.0000,0.0000,38.2200,0.0000,0.0000,0.0000,0.0000,0.0000,0.0000,0.0000,0.0000,0.0000,0.0000,0.0000,0.0000,0.0000,0.0000,0.0000,0.0000,0.0000,0.0000,0.0000,0.0000,0.0000,0.0000,0.0000,0.0000,0.0000,0.0000,0.0000,0.0000,848.4390,-297.83,0.00,10.0933,0.00,540.5157
96,BYPL,04DSBYPL2023/01/17,0.0000,0.0000,0.0000,0.0000,0.0000,0.0000,0.0000,0.0000,65.1800,0.0000,8.8400,26.0000,0.0000,0.0000,0.0000,0.0000,21.9100,19.1200,0.0000,0.0000,46.0890,0.0000,0.0000,0.0000,100.1500,0.0000,0.0000,0.0000,0.0000,0.0000,0.0000,0.0000,76.4900,0.0000,0.0000,0.0000,0.0000,28.3200,47.5300,210.9500,51.9100,1.0000,4.7800,2.8700,11.2700,35.8200,0.0000,0.0000,0.0000,0.0000,0.0000,0.0000,0.0000,0.0000,0.0000,0.0000,0.0000,0.0000,0.0000,13.7200,0.0000,0.0000,0.0000,0.0000,1.6100,1.9600,0.0000,0.0000,0.0000,0.0000,0.0000,0.0000,3.1100,0.3700,0.0000,0.0000,0.0000,0.0000,0.0000,0.0000,0.0000,0.0000,0.0000,0.0000,0.0000,0.0000,0.0000,0.0000,0.0000,0.0000,0.0000,21.4900,0.0000,0.0000,0.0000,0.0000,0.0000,0.0000,0.0000,0.0000,0.0000,0.0000,0.0000,0.0000,0.0000,0.0000,0.0000,0.0000,0.0000,0.0000,0.0000,0.0000,0.0000,0.0000,0.0000,0.0000,0.0000,38.1900,0.0000,0.0000,0.0000,0.0000,0.0000,0.0000,0.0000,0.0000,0.0000,0.0000,0.0000,0.0000,0.0000,0.0000,0.0000,0.0000,0.0000,0.0000,0.0000,0.0000,0.0000,0.0000,0.0000,0.0000,0.0000,0.0000,0.0000,0.0000,838.6790,-293.83,0.00,9.9722,0.00,534.8768
,,,,,,,,,,,,,,,,,,,,,,,,,,,,,,,,,,,,,,,,,,,,,,,,,,,,,,,,,,,,,,,,,,,,,,,,,,,,,,,,,,,,,,,,,,,,,,,,,,,,,,,,,,,,,,,,,,,,,,,,,,,,,,,,,,,,,,,,,,,,,,,,,,,,,815.4784,-298.81,0.00,9.8122,0.00,506.8562
,,,,,,,,,,,,,,,,,,,,,,,,,,,,,,,,,,,,,,,,,,,,,,,,,,,,,,,,,,,,,,,,,,,,,,,,,,,,,,,,,,,,,,,,,,,,,,,,,,,,,,,,,,,,,,,,,,,,,,,,,,,,,,,,,,,,,,,,,,,,,,,,,,,,,812.4484,-323.81,0.00,10.0056,0.00,478.6328
,,,,,,,,,,,,,,,,,,,,,,,,,,,,,,,,,,,,,,,,,,,,,,,,,,,,,,,,,,,,,,,,,,,,,,,,,,,,,,,,,,,,,,,,,,,,,,,,,,,,,,,,,,,,,,,,,,,,,,,,,,,,,,,,,,,,,,,,,,,,,,,,,,,,,802.9839,-343.81,0.00,10.0983,0.00,449.0756
,,,,,,,,,,,,,,,,,,,,,,,,,,,,,,,,,,,,,,,,,,,,,,,,,,,,,,,,,,,,,,,,,,,,,,,,,,,,,,,,,,,,,,,,,,,,,,,,,,,,,,,,,,,,,,,,,,,,,,,,,,,,,,,,,,,,,,,,,,,,,,,,,,,,,801.9439,-363.81,0.00,10.2651,0.00,427.8688
,,,,,,,,,,,,,,,,,,,,,,,,,,,,,,,,,,,,,,,,,,,,,,,,,,,,,,,,,,,,,,,,,,,,,,,,,,,,,,,,,,,,,,,,,,,,,,,,,,,,,,,,,,,,,,,,,,,,,,,,,,,,,,,,,,,,,,,,,,,,,,,,,,,,,801.5739,-328.81,0.00,9.9539,0.00,462.8100
,,,,,,,,,,,,,,,,,,,,,,,,,,,,,,,,,,,,,,,,,,,,,,,,,,,,,,,,,,,,,,,,,,,,,,,,,,,,,,,,,,,,,,,,,,,,,,,,,,,,,,,,,,,,,,,,,,,,,,,,,,,,,,,,,,,,,,,,,,,,,,,,,,,,,802.6039,-343.81,0.00,10.0950,0.00,448.6989
,,,,,,,,,,,,,,,,,,,,,,,,,,,,,,,,,,,,,,,,,,,,,,,,,,,,,,,,,,,,,,,,,,,,,,,,,,,,,,,,,,,,,,,,,,,,,,,,,,,,,,,,,,,,,,,,,,,,,,,,,,,,,,,,,,,,,,,,,,,,,,,,,,,,,803.5839,-358.81,0.00,10.2356,0.00,434.5383
,,,,,,,,,,,,,,,,,,,,,,,,,,,,,,,,,,,,,,,,,,,,,,,,,,,,,,,,,,,,,,,,,,,,,,,,,,,,,,,,,,,,,,,,,,,,,,,,,,,,,,,,,,,,,,,,,,,,,,,,,,,,,,,,,,,,,,,,,,,,,,,,,,,,,804.6839,-368.81,0.00,10.3333,0.00,425.5406
,,,,,,,,,,,,,,,,,,,,,,,,,,,,,,,,,,,,,,,,,,,,,,,,,,,,,,,,,,,,,,,,,,,,,,,,,,,,,,,,,,,,,,,,,,,,,,,,,,,,,,,,,,,,,,,,,,,,,,,,,,,,,,,,,,,,,,,,,,,,,,,,,,,,,768.5539,-378.81,0.00,10.1033,0.00,379.6406
,,,,,,,,,,,,,,,,,,,,,,,,,,,,,,,,,,,,,,,,,,,,,,,,,,,,,,,,,,,,,,,,,,,,,,,,,,,,,,,,,,,,,,,,,,,,,,,,,,,,,,,,,,,,,,,,,,,,,,,,,,,,,,,,,,,,,,,,,,,,,,,,,,,,,768.8539,-388.81,0.00,10.1940,0.00,369.8499
,,,,,,,,,,,,,,,,,,,,,,,,,,,,,,,,,,,,,,,,,,,,,,,,,,,,,,,,,,,,,,,,,,,,,,,,,,,,,,,,,,,,,,,,,,,,,,,,,,,,,,,,,,,,,,,,,,,,,,,,,,,,,,,,,,,,,,,,,,,,,,,,,,,,,769.0539,-393.81,0.00,10.2397,0.00,365.0042
,,,,,,,,,,,,,,,,,,,,,,,,,,,,,,,,,,,,,,,,,,,,,,,,,,,,,,,,,,,,,,,,,,,,,,,,,,,,,,,,,,,,,,,,,,,,,,,,,,,,,,,,,,,,,,,,,,,,,,,,,,,,,,,,,,,,,,,,,,,,,,,,,,,,,769.2039,-398.81,0.00,10.2850,0.00,360.1089
,,,,,,,,,,,,,,,,,,,,,,,,,,,,,,,,,,,,,,,,,,,,,,,,,,,,,,,,,,,,,,,,,,,,,,,,,,,,,,,,,,,,,,,,,,,,,,,,,,,,,,,,,,,,,,,,,,,,,,,,,,,,,,,,,,,,,,,,,,,,,,,,,,,,,769.0839,-403.81,0.00,10.3280,0.00,354.9459
,,,,,,,,,,,,,,,,,,,,,,,,,,,,,,,,,,,,,,,,,,,,,,,,,,,,,,,,,,,,,,,,,,,,,,,,,,,,,,,,,,,,,,,,,,,,,,,,,,,,,,,,,,,,,,,,,,,,,,,,,,,,,,,,,,,,,,,,,,,,,,,,,,,,,768.6839,-408.81,0.00,10.3685,0.00,349.5054
,,,,,,,,,,,,,,,,,,,,,,,,,,,,,,,,,,,,,,,,,,,,,,,,,,,,,,,,,,,,,,,,,,,,,,,,,,,,,,,,,,,,,,,,,,,,,,,,,,,,,,,,,,,,,,,,,,,,,,,,,,,,,,,,,,,,,,,,,,,,,,,,,,,,,768.1839,-413.81,0.00,10.4081,0.00,343.9658
,,,,,,,,,,,,,,,,,,,,,,,,,,,,,,,,,,,,,,,,,,,,,,,,,,,,,,,,,,,,,,,,,,,,,,,,,,,,,,,,,,,,,,,,,,,,,,,,,,,,,,,,,,,,,,,,,,,,,,,,,,,,,,,,,,,,,,,,,,,,,,,,,,,,,767.6339,-413.81,0.00,10.4032,0.00,343.4207
,,,,,,,,,,,,,,,,,,,,,,,,,,,,,,,,,,,,,,,,,,,,,,,,,,,,,,,,,,,,,,,,,,,,,,,,,,,,,,,,,,,,,,,,,,,,,,,,,,,,,,,,,,,,,,,,,,,,,,,,,,,,,,,,,,,,,,,,,,,,,,,,,,,,,804.0072,-408.81,0.00,10.6793,0.00,384.5179
,,,,,,,,,,,,,,,,,,,,,,,,,,,,,,,,,,,,,,,,,,,,,,,,,,,,,,,,,,,,,,,,,,,,,,,,,,,,,,,,,,,,,,,,,,,,,,,,,,,,,,,,,,,,,,,,,,,,,,,,,,,,,,,,,,,,,,,,,,,,,,,,,,,,,803.4772,-403.81,0.00,10.6306,0.00,389.0366
,,,,,,,,,,,,,,,,,,,,,,,,,,,,,,,,,,,,,,,,,,,,,,,,,,,,,,,,,,,,,,,,,,,,,,,,,,,,,,,,,,,,,,,,,,,,,,,,,,,,,,,,,,,,,,,,,,,,,,,,,,,,,,,,,,,,,,,,,,,,,,,,,,,,,802.3377,-388.81,0.00,10.4886,0.00,403.0391
,,,,,,,,,,,,,,,,,,,,,,,,,,,,,,,,,,,,,,,,,,,,,,,,,,,,,,,,,,,,,,,,,,,,,,,,,,,,,,,,,,,,,,,,,,,,,,,,,,,,,,,,,,,,,,,,,,,,,,,,,,,,,,,,,,,,,,,,,,,,,,,,,,,,,847.5277,-373.81,0.00,10.7543,0.00,462.9634
,,,,,,,,,,,,,,,,,,,,,,,,,,,,,,,,,,,,,,,,,,,,,,,,,,,,,,,,,,,,,,,,,,,,,,,,,,,,,,,,,,,,,,,,,,,,,,,,,,,,,,,,,,,,,,,,,,,,,,,,,,,,,,,,,,,,,,,,,,,,,,,,,,,,,846.8823,-448.81,0.00,11.4086,0.00,386.6637
,,,,,,,,,,,,,,,,,,,,,,,,,,,,,,,,,,,,,,,,,,,,,,,,,,,,,,,,,,,,,,,,,,,,,,,,,,,,,,,,,,,,,,,,,,,,,,,,,,,,,,,,,,,,,,,,,,,,,,,,,,,,,,,,,,,,,,,,,,,,,,,,,,,,,842.2123,-423.81,0.00,11.1475,0.00,407.2548
,,,,,,,,,,,,,,,,,,,,,,,,,,,,,,,,,,,,,,,,,,,,,,,,,,,,,,,,,,,,,,,,,,,,,,,,,,,,,,,,,,,,,,,,,,,,,,,,,,,,,,,,,,,,,,,,,,,,,,,,,,,,,,,,,,,,,,,,,,,,,,,,,,,,,913.8723,-419.81,0.00,11.7429,0.00,482.3194
,,,,,,,,,,,,,,,,,,,,,,,,,,,,,,,,,,,,,,,,,,,,,,,,,,,,,,,,,,,,,,,,,,,,,,,,,,,,,,,,,,,,,,,,,,,,,,,,,,,,,,,,,,,,,,,,,,,,,,,,,,,,,,,,,,,,,,,,,,,,,,,,,,,,,972.8223,-369.81,0.00,11.8217,0.00,591.1906
,,,,,,,,,,,,,,,,,,,,,,,,,,,,,,,,,,,,,,,,,,,,,,,,,,,,,,,,,,,,,,,,,,,,,,,,,,,,,,,,,,,,,,,,,,,,,,,,,,,,,,,,,,,,,,,,,,,,,,,,,,,,,,,,,,,,,,,,,,,,,,,,,,,,,982.4133,-306.10,-30.91,11.3454,0.00,634.0579
,,,,,,,,,,,,,,,,,,,,,,,,,,,,,,,,,,,,,,,,,,,,,,,,,,,,,,,,,,,,,,,,,,,,,,,,,,,,,,,,,,,,,,,,,,,,,,,,,,,,,,,,,,,,,,,,,,,,,,,,,,,,,,,,,,,,,,,,,,,,,,,,,,,,,992.3733,-276.10,-5.00,11.1686,0.00,700.1047
,,,,,,,,,,,,,,,,,,,,,,,,,,,,,,,,,,,,,,,,,,,,,,,,,,,,,,,,,,,,,,,,,,,,,,,,,,,,,,,,,,,,,,,,,,,,,,,,,,,,,,,,,,,,,,,,,,,,,,,,,,,,,,,,,,,,,,,,,,,,,,,,,,,,,1005.9707,-276.10,0.00,11.2865,0.00,718.5842
,,,,,,,,,,,,,,,,,,,,,,,,,,,,,,,,,,,,,,,,,,,,,,,,,,,,,,,,,,,,,,,,,,,,,,,,,,,,,,,,,,,,,,,,,,,,,,,,,,,,,,,,,,,,,,,,,,,,,,,,,,,,,,,,,,,,,,,,,,,,,,,,,,,,,1034.4533,-242.64,0.00,11.8190,0.00,779.9943
,,,,,,,,,,,,,,,,,,,,,,,,,,,,,,,,,,,,,,,,,,,,,,,,,,,,,,,,,,,,,,,,,,,,,,,,,,,,,,,,,,,,,,,,,,,,,,,,,,,,,,,,,,,,,,,,,,,,,,,,,,,,,,,,,,,,,,,,,,,,,,,,,,,,,1063.3633,-218.73,0.00,12.2478,0.00,832.3855
,,,,,,,,,,,,,,,,,,,,,,,,,,,,,,,,,,,,,,,,,,,,,,,,,,,,,,,,,,,,,,,,,,,,,,,,,,,,,,,,,,,,,,,,,,,,,,,,,,,,,,,,,,,,,,,,,,,,,,,,,,,,,,,,,,,,,,,,,,,,,,,,,,,,,1086.8531,-185.27,0.00,12.6917,0.00,888.8914
,,,,,,,,,,,,,,,,,,,,,,,,,,,,,,,,,,,,,,,,,,,,,,,,,,,,,,,,,,,,,,,,,,,,,,,,,,,,,,,,,,,,,,,,,,,,,,,,,,,,,,,,,,,,,,,,,,,,,,,,,,,,,,,,,,,,,,,,,,,,,,,,,,,,,1090.5932,-156.59,0.00,12.9146,0.00,921.0886
,,,,,,,,,,,,,,,,,,,,,,,,,,,,,,,,,,,,,,,,,,,,,,,,,,,,,,,,,,,,,,,,,,,,,,,,,,,,,,,,,,,,,,,,,,,,,,,,,,,,,,,,,,,,,,,,,,,,,,,,,,,,,,,,,,,,,,,,,,,,,,,,,,,,,1097.3432,-147.03,0.00,13.0379,0.00,937.2753
,,,,,,,,,,,,,,,,,,,,,,,,,,,,,,,,,,,,,,,,,,,,,,,,,,,,,,,,,,,,,,,,,,,,,,,,,,,,,,,,,,,,,,,,,,,,,,,,,,,,,,,,,,,,,,,,,,,,,,,,,,,,,,,,,,,,,,,,,,,,,,,,,,,,,1100.8930,-137.38,0.00,13.1466,0.00,950.3664
,,,,,,,,,,,,,,,,,,,,,,,,,,,,,,,,,,,,,,,,,,,,,,,,,,,,,,,,,,,,,,,,,,,,,,,,,,,,,,,,,,,,,,,,,,,,,,,,,,,,,,,,,,,,,,,,,,,,,,,,,,,,,,,,,,,,,,,,,,,,,,,,,,,,,1096.9530,-127.81,0.00,13.1835,0.00,955.9595
,,,,,,,,,,,,,,,,,,,,,,,,,,,,,,,,,,,,,,,,,,,,,,,,,,,,,,,,,,,,,,,,,,,,,,,,,,,,,,,,,,,,,,,,,,,,,,,,,,,,,,,,,,,,,,,,,,,,,,,,,,,,,,,,,,,,,,,,,,,,,,,,,,,,,1091.3730,-108.69,0.00,13.2902,0.00,969.3928
,,,,,,,,,,,,,,,,,,,,,,,,,,,,,,,,,,,,,,,,,,,,,,,,,,,,,,,,,,,,,,,,,,,,,,,,,,,,,,,,,,,,,,,,,,,,,,,,,,,,,,,,,,,,,,,,,,,,,,,,,,,,,,,,,,,,,,,,,,,,,,,,,,,,,1097.3330,-108.69,0.00,13.3257,0.00,975.3173
,,,,,,,,,,,,,,,,,,,,,,,,,,,,,,,,,,,,,,,,,,,,,,,,,,,,,,,,,,,,,,,,,,,,,,,,,,,,,,,,,,,,,,,,,,,,,,,,,,,,,,,,,,,,,,,,,,,,,,,,,,,,,,,,,,,,,,,,,,,,,,,,,,,,,1095.5230,-108.69,0.00,13.2938,0.00,973.5392
,,,,,,,,,,,,,,,,,,,,,,,,,,,,,,,,,,,,,,,,,,,,,,,,,,,,,,,,,,,,,,,,,,,,,,,,,,,,,,,,,,,,,,,,,,,,,,,,,,,,,,,,,,,,,,,,,,,,,,,,,,,,,,,,,,,,,,,,,,,,,,,,,,,,,1097.3030,-103.91,0.00,13.3407,0.00,980.0523
,,,,,,,,,,,,,,,,,,,,,,,,,,,,,,,,,,,,,,,,,,,,,,,,,,,,,,,,,,,,,,,,,,,,,,,,,,,,,,,,,,,,,,,,,,,,,,,,,,,,,,,,,,,,,,,,,,,,,,,,,,,,,,,,,,,,,,,,,,,,,,,,,,,,,1097.7630,-94.35,0.00,13.4188,0.00,989.9942
,,,,,,,,,,,,,,,,,,,,,,,,,,,,,,,,,,,,,,,,,,,,,,,,,,,,,,,,,,,,,,,,,,,,,,,,,,,,,,,,,,,,,,,,,,,,,,,,,,,,,,,,,,,,,,,,,,,,,,,,,,,,,,,,,,,,,,,,,,,,,,,,,,,,,1108.6630,-94.35,0.00,13.5004,0.00,1000.8126
,,,,,,,,,,,,,,,,,,,,,,,,,,,,,,,,,,,,,,,,,,,,,,,,,,,,,,,,,,,,,,,,,,,,,,,,,,,,,,,,,,,,,,,,,,,,,,,,,,,,,,,,,,,,,,,,,,,,,,,,,,,,,,,,,,,,,,,,,,,,,,,,,,,,,1114.6730,-84.81,0.00,13.6288,0.00,1016.2342
,,,,,,,,,,,,,,,,,,,,,,,,,,,,,,,,,,,,,,,,,,,,,,,,,,,,,,,,,,,,,,,,,,,,,,,,,,,,,,,,,,,,,,,,,,,,,,,,,,,,,,,,,,,,,,,,,,,,,,,,,,,,,,,,,,,,,,,,,,,,,,,,,,,,,1121.9130,-75.25,0.00,13.7696,0.00,1032.8934
,,,,,,,,,,,,,,,,,,,,,,,,,,,,,,,,,,,,,,,,,,,,,,,,,,,,,,,,,,,,,,,,,,,,,,,,,,,,,,,,,,,,,,,,,,,,,,,,,,,,,,,,,,,,,,,,,,,,,,,,,,,,,,,,,,,,,,,,,,,,,,,,,,,,,1128.9130,-80.63,0.00,13.7771,0.00,1034.5059
,,,,,,,,,,,,,,,,,,,,,,,,,,,,,,,,,,,,,,,,,,,,,,,,,,,,,,,,,,,,,,,,,,,,,,,,,,,,,,,,,,,,,,,,,,,,,,,,,,,,,,,,,,,,,,,,,,,,,,,,,,,,,,,,,,,,,,,,,,,,,,,,,,,,,1128.4330,-84.82,0.00,13.7309,0.00,1029.8821
,,,,,,,,,,,,,,,,,,,,,,,,,,,,,,,,,,,,,,,,,,,,,,,,,,,,,,,,,,,,,,,,,,,,,,,,,,,,,,,,,,,,,,,,,,,,,,,,,,,,,,,,,,,,,,,,,,,,,,,,,,,,,,,,,,,,,,,,,,,,,,,,,,,,,1131.0930,-84.82,0.00,13.7501,0.00,1032.5229
,,,,,,,,,,,,,,,,,,,,,,,,,,,,,,,,,,,,,,,,,,,,,,,,,,,,,,,,,,,,,,,,,,,,,,,,,,,,,,,,,,,,,,,,,,,,,,,,,,,,,,,,,,,,,,,,,,,,,,,,,,,,,,,,,,,,,,,,,,,,,,,,,,,,,1132.2130,-94.38,0.00,13.6722,0.00,1024.1608
,,,,,,,,,,,,,,,,,,,,,,,,,,,,,,,,,,,,,,,,,,,,,,,,,,,,,,,,,,,,,,,,,,,,,,,,,,,,,,,,,,,,,,,,,,,,,,,,,,,,,,,,,,,,,,,,,,,,,,,,,,,,,,,,,,,,,,,,,,,,,,,,,,,,,1129.8245,-103.94,0.00,13.5644,0.00,1012.3201
,,,,,,,,,,,,,,,,,,,,,,,,,,,,,,,,,,,,,,,,,,,,,,,,,,,,,,,,,,,,,,,,,,,,,,,,,,,,,,,,,,,,,,,,,,,,,,,,,,,,,,,,,,,,,,,,,,,,,,,,,,,,,,,,,,,,,,,,,,,,,,,,,,,,,1130.9145,-118.28,0.00,13.4452,0.00,999.1893
,,,,,,,,,,,,,,,,,,,,,,,,,,,,,,,,,,,,,,,,,,,,,,,,,,,,,,,,,,,,,,,,,,,,,,,,,,,,,,,,,,,,,,,,,,,,,,,,,,,,,,,,,,,,,,,,,,,,,,,,,,,,,,,,,,,,,,,,,,,,,,,,,,,,,1132.2945,-132.62,0.00,13.3294,0.00,986.3451
,,,,,,,,,,,,,,,,,,,,,,,,,,,,,,,,,,,,,,,,,,,,,,,,,,,,,,,,,,,,,,,,,,,,,,,,,,,,,,,,,,,,,,,,,,,,,,,,,,,,,,,,,,,,,,,,,,,,,,,,,,,,,,,,,,,,,,,,,,,,,,,,,,,,,1133.8445,-151.74,0.00,13.1734,0.00,968.9311
,,,,,,,,,,,,,,,,,,,,,,,,,,,,,,,,,,,,,,,,,,,,,,,,,,,,,,,,,,,,,,,,,,,,,,,,,,,,,,,,,,,,,,,,,,,,,,,,,,,,,,,,,,,,,,,,,,,,,,,,,,,,,,,,,,,,,,,,,,,,,,,,,,,,,1126.0545,-166.08,0.00,12.9783,0.00,946.9962
,,,,,,,,,,,,,,,,,,,,,,,,,,,,,,,,,,,,,,,,,,,,,,,,,,,,,,,,,,,,,,,,,,,,,,,,,,,,,,,,,,,,,,,,,,,,,,,,,,,,,,,,,,,,,,,,,,,,,,,,,,,,,,,,,,,,,,,,,,,,,,,,,,,,,1132.1430,-189.98,0.00,12.8215,0.00,929.3415
,,,,,,,,,,,,,,,,,,,,,,,,,,,,,,,,,,,,,,,,,,,,,,,,,,,,,,,,,,,,,,,,,,,,,,,,,,,,,,,,,,,,,,,,,,,,,,,,,,,,,,,,,,,,,,,,,,,,,,,,,,,,,,,,,,,,,,,,,,,,,,,,,,,,,1130.1630,-213.88,0.00,12.5944,0.00,903.6886
,,,,,,,,,,,,,,,,,,,,,,,,,,,,,,,,,,,,,,,,,,,,,,,,,,,,,,,,,,,,,,,,,,,,,,,,,,,,,,,,,,,,,,,,,,,,,,,,,,,,,,,,,,,,,,,,,,,,,,,,,,,,,,,,,,,,,,,,,,,,,,,,,,,,,1129.8830,-242.57,0.00,12.3415,0.00,874.9715
,,,,,,,,,,,,,,,,,,,,,,,,,,,,,,,,,,,,,,,,,,,,,,,,,,,,,,,,,,,,,,,,,,,,,,,,,,,,,,,,,,,,,,,,,,,,,,,,,,,,,,,,,,,,,,,,,,,,,,,,,,,,,,,,,,,,,,,,,,,,,,,,,,,,,1129.7830,-261.69,0.00,12.1736,0.00,855.9194
,,,,,,,,,,,,,,,,,,,,,,,,,,,,,,,,,,,,,,,,,,,,,,,,,,,,,,,,,,,,,,,,,,,,,,,,,,,,,,,,,,,,,,,,,,,,,,,,,,,,,,,,,,,,,,,,,,,,,,,,,,,,,,,,,,,,,,,,,,,,,,,,,,,,,1128.5230,-276.03,0.00,12.0388,0.00,840.4542
,,,,,,,,,,,,,,,,,,,,,,,,,,,,,,,,,,,,,,,,,,,,,,,,,,,,,,,,,,,,,,,,,,,,,,,,,,,,,,,,,,,,,,,,,,,,,,,,,,,,,,,,,,,,,,,,,,,,,,,,,,,,,,,,,,,,,,,,,,,,,,,,,,,,,1128.7530,-276.03,0.00,12.0441,0.00,840.6789
,,,,,,,,,,,,,,,,,,,,,,,,,,,,,,,,,,,,,,,,,,,,,,,,,,,,,,,,,,,,,,,,,,,,,,,,,,,,,,,,,,,,,,,,,,,,,,,,,,,,,,,,,,,,,,,,,,,,,,,,,,,,,,,,,,,,,,,,,,,,,,,,,,,,,1125.5930,-276.03,0.00,12.0204,0.00,837.5426
,,,,,,,,,,,,,,,,,,,,,,,,,,,,,,,,,,,,,,,,,,,,,,,,,,,,,,,,,,,,,,,,,,,,,,,,,,,,,,,,,,,,,,,,,,,,,,,,,,,,,,,,,,,,,,,,,,,,,,,,,,,,,,,,,,,,,,,,,,,,,,,,,,,,,1119.9530,-276.03,0.00,11.9752,0.00,831.9478
,,,,,,,,,,,,,,,,,,,,,,,,,,,,,,,,,,,,,,,,,,,,,,,,,,,,,,,,,,,,,,,,,,,,,,,,,,,,,,,,,,,,,,,,,,,,,,,,,,,,,,,,,,,,,,,,,,,,,,,,,,,,,,,,,,,,,,,,,,,,,,,,,,,,,1118.5030,-276.03,0.00,11.9673,0.00,830.5057
,,,,,,,,,,,,,,,,,,,,,,,,,,,,,,,,,,,,,,,,,,,,,,,,,,,,,,,,,,,,,,,,,,,,,,,,,,,,,,,,,,,,,,,,,,,,,,,,,,,,,,,,,,,,,,,,,,,,,,,,,,,,,,,,,,,,,,,,,,,,,,,,,,,,,1119.8430,-276.03,0.00,11.9856,0.00,831.8274
,,,,,,,,,,,,,,,,,,,,,,,,,,,,,,,,,,,,,,,,,,,,,,,,,,,,,,,,,,,,,,,,,,,,,,,,,,,,,,,,,,,,,,,,,,,,,,,,,,,,,,,,,,,,,,,,,,,,,,,,,,,,,,,,,,,,,,,,,,,,,,,,,,,,,1109.5430,-279.03,0.00,11.9283,0.00,818.5847
,,,,,,,,,,,,,,,,,,,,,,,,,,,,,,,,,,,,,,,,,,,,,,,,,,,,,,,,,,,,,,,,,,,,,,,,,,,,,,,,,,,,,,,,,,,,,,,,,,,,,,,,,,,,,,,,,,,,,,,,,,,,,,,,,,,,,,,,,,,,,,,,,,,,,1097.6230,-276.03,0.00,11.8045,0.00,809.7885
,,,,,,,,,,,,,,,,,,,,,,,,,,,,,,,,,,,,,,,,,,,,,,,,,,,,,,,,,,,,,,,,,,,,,,,,,,,,,,,,,,,,,,,,,,,,,,,,,,,,,,,,,,,,,,,,,,,,,,,,,,,,,,,,,,,,,,,,,,,,,,,,,,,,,1086.6830,-276.03,-15.00,11.7175,0.00,783.9355
,,,,,,,,,,,,,,,,,,,,,,,,,,,,,,,,,,,,,,,,,,,,,,,,,,,,,,,,,,,,,,,,,,,,,,,,,,,,,,,,,,,,,,,,,,,,,,,,,,,,,,,,,,,,,,,,,,,,,,,,,,,,,,,,,,,,,,,,,,,,,,,,,,,,,1062.3030,-276.03,-10.00,11.5118,0.00,764.7612
,,,,,,,,,,,,,,,,,,,,,,,,,,,,,,,,,,,,,,,,,,,,,,,,,,,,,,,,,,,,,,,,,,,,,,,,,,,,,,,,,,,,,,,,,,,,,,,,,,,,,,,,,,,,,,,,,,,,,,,,,,,,,,,,,,,,,,,,,,,,,,,,,,,,,1049.1230,-276.03,0.00,11.4070,0.00,761.6860
,,,,,,,,,,,,,,,,,,,,,,,,,,,,,,,,,,,,,,,,,,,,,,,,,,,,,,,,,,,,,,,,,,,,,,,,,,,,,,,,,,,,,,,,,,,,,,,,,,,,,,,,,,,,,,,,,,,,,,,,,,,,,,,,,,,,,,,,,,,,,,,,,,,,,1043.8836,-276.03,0.00,11.3917,0.00,756.4619
,,,,,,,,,,,,,,,,,,,,,,,,,,,,,,,,,,,,,,,,,,,,,,,,,,,,,,,,,,,,,,,,,,,,,,,,,,,,,,,,,,,,,,,,,,,,,,,,,,,,,,,,,,,,,,,,,,,,,,,,,,,,,,,,,,,,,,,,,,,,,,,,,,,,,1026.7034,-261.69,0.00,11.4709,0.00,753.5425
,,,,,,,,,,,,,,,,,,,,,,,,,,,,,,,,,,,,,,,,,,,,,,,,,,,,,,,,,,,,,,,,,,,,,,,,,,,,,,,,,,,,,,,,,,,,,,,,,,,,,,,,,,,,,,,,,,,,,,,,,,,,,,,,,,,,,,,,,,,,,,,,,,,,,1023.8133,-242.57,0.00,11.6706,0.00,769.5727
,,,,,,,,,,,,,,,,,,,,,,,,,,,,,,,,,,,,,,,,,,,,,,,,,,,,,,,,,,,,,,,,,,,,,,,,,,,,,,,,,,,,,,,,,,,,,,,,,,,,,,,,,,,,,,,,,,,,,,,,,,,,,,,,,,,,,,,,,,,,,,,,,,,,,1018.8633,-223.44,0.00,11.8317,0.00,783.5916
,,,,,,,,,,,,,,,,,,,,,,,,,,,,,,,,,,,,,,,,,,,,,,,,,,,,,,,,,,,,,,,,,,,,,,,,,,,,,,,,,,,,,,,,,,,,,,,,,,,,,,,,,,,,,,,,,,,,,,,,,,,,,,,,,,,,,,,,,,,,,,,,,,,,,1035.2900,-223.44,0.00,12.0007,0.00,799.8493
,,,,,,,,,,,,,,,,,,,,,,,,,,,,,,,,,,,,,,,,,,,,,,,,,,,,,,,,,,,,,,,,,,,,,,,,,,,,,,,,,,,,,,,,,,,,,,,,,,,,,,,,,,,,,,,,,,,,,,,,,,,,,,,,,,,,,,,,,,,,,,,,,,,,,1032.4600,-204.32,0.00,12.1515,0.00,815.9885
,,,,,,,,,,,,,,,,,,,,,,,,,,,,,,,,,,,,,,,,,,,,,,,,,,,,,,,,,,,,,,,,,,,,,,,,,,,,,,,,,,,,,,,,,,,,,,,,,,,,,,,,,,,,,,,,,,,,,,,,,,,,,,,,,,,,,,,,,,,,,,,,,,,,,1028.4000,-187.19,0.00,10.8730,0.00,830.3370
,,,,,,,,,,,,,,,,,,,,,,,,,,,,,,,,,,,,,,,,,,,,,,,,,,,,,,,,,,,,,,,,,,,,,,,,,,,,,,,,,,,,,,,,,,,,,,,,,,,,,,,,,,,,,,,,,,,,,,,,,,,,,,,,,,,,,,,,,,,,,,,,,,,,,1023.7100,-172.85,0.00,10.9579,0.00,839.9021
,,,,,,,,,,,,,,,,,,,,,,,,,,,,,,,,,,,,,,,,,,,,,,,,,,,,,,,,,,,,,,,,,,,,,,,,,,,,,,,,,,,,,,,,,,,,,,,,,,,,,,,,,,,,,,,,,,,,,,,,,,,,,,,,,,,,,,,,,,,,,,,,,,,,,1015.6600,-168.07,0.00,10.9292,0.00,836.6608
,,,,,,,,,,,,,,,,,,,,,,,,,,,,,,,,,,,,,,,,,,,,,,,,,,,,,,,,,,,,,,,,,,,,,,,,,,,,,,,,,,,,,,,,,,,,,,,,,,,,,,,,,,,,,,,,,,,,,,,,,,,,,,,,,,,,,,,,,,,,,,,,,,,,,1002.8600,-163.29,0.00,10.8586,0.00,828.7114
,,,,,,,,,,,,,,,,,,,,,,,,,,,,,,,,,,,,,,,,,,,,,,,,,,,,,,,,,,,,,,,,,,,,,,,,,,,,,,,,,,,,,,,,,,,,,,,,,,,,,,,,,,,,,,,,,,,,,,,,,,,,,,,,,,,,,,,,,,,,,,,,,,,,,985.4100,-158.51,0.00,10.7471,0.00,816.1529
,,,,,,,,,,,,,,,,,,,,,,,,,,,,,,,,,,,,,,,,,,,,,,,,,,,,,,,,,,,,,,,,,,,,,,,,,,,,,,,,,,,,,,,,,,,,,,,,,,,,,,,,,,,,,,,,,,,,,,,,,,,,,,,,,,,,,,,,,,,,,,,,,,,,,972.0000,-153.73,0.00,10.6711,0.00,807.5989
,,,,,,,,,,,,,,,,,,,,,,,,,,,,,,,,,,,,,,,,,,,,,,,,,,,,,,,,,,,,,,,,,,,,,,,,,,,,,,,,,,,,,,,,,,,,,,,,,,,,,,,,,,,,,,,,,,,,,,,,,,,,,,,,,,,,,,,,,,,,,,,,,,,,,961.9200,-153.73,0.00,10.5824,0.00,797.6076
,,,,,,,,,,,,,,,,,,,,,,,,,,,,,,,,,,,,,,,,,,,,,,,,,,,,,,,,,,,,,,,,,,,,,,,,,,,,,,,,,,,,,,,,,,,,,,,,,,,,,,,,,,,,,,,,,,,,,,,,,,,,,,,,,,,,,,,,,,,,,,,,,,,,,951.4800,-163.29,0.00,10.4064,0.00,777.7836
,,,,,,,,,,,,,,,,,,,,,,,,,,,,,,,,,,,,,,,,,,,,,,,,,,,,,,,,,,,,,,,,,,,,,,,,,,,,,,,,,,,,,,,,,,,,,,,,,,,,,,,,,,,,,,,,,,,,,,,,,,,,,,,,,,,,,,,,,,,,,,,,,,,,,951.0200,-177.63,0.00,10.2762,0.00,763.1138
,,,,,,,,,,,,,,,,,,,,,,,,,,,,,,,,,,,,,,,,,,,,,,,,,,,,,,,,,,,,,,,,,,,,,,,,,,,,,,,,,,,,,,,,,,,,,,,,,,,,,,,,,,,,,,,,,,,,,,,,,,,,,,,,,,,,,,,,,,,,,,,,,,,,,953.3700,-187.19,0.00,10.2128,0.00,755.9672
,,,,,,,,,,,,,,,,,,,,,,,,,,,,,,,,,,,,,,,,,,,,,,,,,,,,,,,,,,,,,,,,,,,,,,,,,,,,,,,,,,,,,,,,,,,,,,,,,,,,,,,,,,,,,,,,,,,,,,,,,,,,,,,,,,,,,,,,,,,,,,,,,,,,,947.1100,-196.75,0.00,10.0735,0.00,740.2865
,,,,,,,,,,,,,,,,,,,,,,,,,,,,,,,,,,,,,,,,,,,,,,,,,,,,,,,,,,,,,,,,,,,,,,,,,,,,,,,,,,,,,,,,,,,,,,,,,,,,,,,,,,,,,,,,,,,,,,,,,,,,,,,,,,,,,,,,,,,,,,,,,,,,,951.5100,-196.75,0.00,10.1123,0.00,744.6477
,,,,,,,,,,,,,,,,,,,,,,,,,,,,,,,,,,,,,,,,,,,,,,,,,,,,,,,,,,,,,,,,,,,,,,,,,,,,,,,,,,,,,,,,,,,,,,,,,,,,,,,,,,,,,,,,,,,,,,,,,,,,,,,,,,,,,,,,,,,,,,,,,,,,,954.2400,-196.83,0.00,10.1356,0.00,747.2744
,,,,,,,,,,,,,,,,,,,,,,,,,,,,,,,,,,,,,,,,,,,,,,,,,,,,,,,,,,,,,,,,,,,,,,,,,,,,,,,,,,,,,,,,,,,,,,,,,,,,,,,,,,,,,,,,,,,,,,,,,,,,,,,,,,,,,,,,,,,,,,,,,,,,,958.0200,-196.83,0.00,10.1688,0.00,751.0212
,,,,,,,,,,,,,,,,,,,,,,,,,,,,,,,,,,,,,,,,,,,,,,,,,,,,,,,,,,,,,,,,,,,,,,,,,,,,,,,,,,,,,,,,,,,,,,,,,,,,,,,,,,,,,,,,,,,,,,,,,,,,,,,,,,,,,,,,,,,,,,,,,,,,,962.2800,-196.83,0.00,10.2063,0.00,755.2437
,,,,,,,,,,,,,,,,,,,,,,,,,,,,,,,,,,,,,,,,,,,,,,,,,,,,,,,,,,,,,,,,,,,,,,,,,,,,,,,,,,,,,,,,,,,,,,,,,,,,,,,,,,,,,,,,,,,,,,,,,,,,,,,,,,,,,,,,,,,,,,,,,,,,,967.3000,-196.83,0.00,10.2505,0.00,760.2195
,,,,,,,,,,,,,,,,,,,,,,,,,,,,,,,,,,,,,,,,,,,,,,,,,,,,,,,,,,,,,,,,,,,,,,,,,,,,,,,,,,,,,,,,,,,,,,,,,,,,,,,,,,,,,,,,,,,,,,,,,,,,,,,,,,,,,,,,,,,,,,,,,,,,,966.2900,-196.83,0.00,10.2416,0.00,759.2184
,,,,,,,,,,,,,,,,,,,,,,,,,,,,,,,,,,,,,,,,,,,,,,,,,,,,,,,,,,,,,,,,,,,,,,,,,,,,,,,,,,,,,,,,,,,,,,,,,,,,,,,,,,,,,,,,,,,,,,,,,,,,,,,,,,,,,,,,,,,,,,,,,,,,,967.4900,-196.83,-43.00,10.2522,0.00,717.4078
,,,,,,,,,,,,,,,,,,,,,,,,,,,,,,,,,,,,,,,,,,,,,,,,,,,,,,,,,,,,,,,,,,,,,,,,,,,,,,,,,,,,,,,,,,,,,,,,,,,,,,,,,,,,,,,,,,,,,,,,,,,,,,,,,,,,,,,,,,,,,,,,,,,,,931.3300,-196.83,-2.00,9.9340,0.00,722.5660
,,,,,,,,,,,,,,,,,,,,,,,,,,,,,,,,,,,,,,,,,,,,,,,,,,,,,,,,,,,,,,,,,,,,,,,,,,,,,,,,,,,,,,,,,,,,,,,,,,,,,,,,,,,,,,,,,,,,,,,,,,,,,,,,,,,,,,,,,,,,,,,,,,,,,942.6300,-218.83,-10.00,10.2270,0.00,703.5730
,,,,,,,,,,,,,,,,,,,,,,,,,,,,,,,,,,,,,,,,,,,,,,,,,,,,,,,,,,,,,,,,,,,,,,,,,,,,,,,,,,,,,,,,,,,,,,,,,,,,,,,,,,,,,,,,,,,,,,,,,,,,,,,,,,,,,,,,,,,,,,,,,,,,,853.4490,-253.83,0.00,9.7502,0.00,589.8688
,,,,,,,,,,,,,,,,,,,,,,,,,,,,,,,,,,,,,,,,,,,,,,,,,,,,,,,,,,,,,,,,,,,,,,,,,,,,,,,,,,,,,,,,,,,,,,,,,,,,,,,,,,,,,,,,,,,,,,,,,,,,,,,,,,,,,,,,,,,,,,,,,,,,,848.0890,-288.83,0.00,10.0110,0.00,549.2480
,,,,,,,,,,,,,,,,,,,,,,,,,,,,,,,,,,,,,,,,,,,,,,,,,,,,,,,,,,,,,,,,,,,,,,,,,,,,,,,,,,,,,,,,,,,,,,,,,,,,,,,,,,,,,,,,,,,,,,,,,,,,,,,,,,,,,,,,,,,,,,,,,,,,,848.4390,-297.83,0.00,10.0933,0.00,540.5157
,,,,,,,,,,,,,,,,,,,,,,,,,,,,,,,,,,,,,,,,,,,,,,,,,,,,,,,,,,,,,,,,,,,,,,,,,,,,,,,,,,,,,,,,,,,,,,,,,,,,,,,,,,,,,,,,,,,,,,,,,,,,,,,,,,,,,,,,,,,,,,,,,,,,,838.6790,-293.83,0.00,9.9722,0.00,534.8768
