timeslot,revisionno,discomcode,BTPS,PRAGATI,RPH,DADRI_T,GT_OC,CSGS,GT_RLNG,PRG_RLNG,DVC,GT_LF,GT_CC,PRG_G_CC,GT_RLG_C,GT_LF_CC,PG_RLG_C,REGULATE,MTPS6,JHAJJAR,NJPC,CCGT_OC,CCGT_CC,CCGT_RCC,CCGT_ROC,CLPJHAJR,MEJIA7,MAITHON,SECI,RITHL_CC,RITHL_OC,RITHL_RC,RITHL_RO,NHPC,DADRI_T2,ANTA_GF,AURY_GF,FARAKKA,RIHAND1,RIHAND2,RIHAND3,SASAN,SNGRAULI,UNCHHAR1,UNCHHAR2,UNCHHAR3,KAHLGAN1,KAHLGAN2,DADRI_GF,ANTA_RF,AURY_RF,DADRI_RF,KOLDAM,TH_HPP,KTWR_HEP,SEWA2,DMSWSL,NAPP,RAPPB,MUNDRA,RAMPUR,RAPPC,TALA,ANTA_LF,AURY_LF,DADRI_LF,URI,URI2,CHAMERA1,CHAMERA2,CHAMERA3,DHAULIGNGA,DULHASTI,PARBATI3,SALAL,TANAKPUR,BSIUL,UNCHAHAR4,PRG_CCLF,PRG_OCLF,CCGTCCSPOT,CCGTOCSPOT,SNG_HYDRO,SHEP,GIREL,RUMS_DMRC,SEIPL,THPPL,NHPPL,ANTA_CRF,AURY_CRF,DADR_CRF,ALFANR_I,ALFANR_II,ALFANR_III,ERCPL_FTG,ERPCL_FTG2,AP41PL_BHDL,ASE4PL,KUDGI,SRIJAN_M,SITAC_BRPL,SITAC_BYPL,TANDA2,KSHNGNGA,SOLAPUR,MEJA,TWEPL,GBHHPL,THAR_BYPL,THAR_BRPL,ASEJ2PL_BYPL,ASEJ2PL_TPDDL,CHANJUII,SECI_BRPL,SECI_BYPL,SECI_TPDDL
1,53EnBYPL2024/03/06,BYPL,0.0000,0.0000,0.0000,0.0000,13.6440,0.0000,0.0000,0.0000,70.6807,0.0000,0.0000,43.3890,0.0000,0.0000,10.4455,0.0000,22.9108,65.2301,0.0000,0.0000,57.6000,0.0000,0.0000,0.0000,103.6200,0.0000,0.0000,0.0000,0.0000,0.0000,0.0000,0.0000,163.2814,0.0000,0.0000,3.6195,0.0000,30.0050,50.3832,330.9623,62.2424,2.7711,10.7671,6.7031,11.7856,37.4701,0.0000,10.9880,17.8740,22.8270,0.0000,0.0000,0.0000,4.1300,0.0000,0.0000,0.0000,0.0000,0.0000,13.6677,0.0000,0.0000,0.0000,0.0000,10.6553,8.1026,0.0000,0.0000,0.0000,0.0000,0.0000,0.0000,3.2461,0.2591,3.3122,0.0000,0.0000,0.0000,227.2500,0.0000,0.0000,0.0000,0.0000,0.0000,0.0000,0.0000,0.0000,0.0000,0.0000,0.0000,0.0000,23.7200,0.0000,0.0000,300.0000,0.0000,200.0000,0.0000,0.0000,0.0000,44.9100,0.0000,0.0000,0.0000,0.0000,6.1125,0.0000,300.0000,0.0000,200.0000,0.0000,0.0000,0.0000,100.0000,0.0000
2,53EnBYPL2024/03/06,BYPL,0.0000,0.0000,0.0000,0.0000,13.6440,0.0000,0.0000,0.0000,70.6807,0.0000,0.0000,43.3890,0.0000,0.0000,10.4455,0.0000,22.9108,65.2301,0.0000,0.0000,57.6000,0.0000,0.0000,0.0000,103.6200,0.0000,0.0000,0.0000,0.0000,0.0000,0.0000,0.0000,163.2814,0.0000,0.0000,3.6195,0.0000,30.0050,50.3832,330.9623,62.2424,2.7711,10.7671,6.7031,11.7856,37.4701,0.0000,10.9880,17.8740,22.8270,0.0000,0.0000,0.0000,4.1300,0.0000,0.0000,0.0000,0.0000,0.0000,13.6677,0.0000,0.0000,0.0000,0.0000,10.6553,8.1026,0.0000,0.0000,0.0000,0.0000,0.0000,0.0000,3.2461,0.2591,3.3122,0.0000,0.0000,0.0000,227.2500,0.0000,0.0000,0.0000,0.0000,0.0000,0.0000,0.0000,0.0000,0.0000,0.0000,0.0000,0.0000,24.2900,0.0000,0.0000,300.0000,0.0000,200.0000,0.0000,0.0000,0.0000,46.0000,0.0000,0.0000,0.0000,0.0000,6.1125,0.0000,300.0000,0.0000,200.0000,0.0000,0.0000,0.0000,100.0000,0.0000
3,53EnBYPL2024/03/06,BYPL,0.0000,0.0000,0.0000,0.0000,13.6440,0.0000,0.0000,0.0000,70.6807,0.0000,0.0000,43.3890,0.0000,0.0000,10.4455,0.0000,22.9108,65.2301,0.0000,0.0000,57.6000,0.0000,0.0000,0.0000,103.6200,0.0000,0.0000,0.0000,0.0000,0.0000,0.0000,0.0000,163.2814,0.0000,0.0000,3.6195,0.0000,30.0050,50.3832,330.9623,62.2424,2.7711,10.7671,6.7031,11.7856,37.4701,0.0000,10.9880,17.8740,22.8270,0.0000,0.0000,0.0000,4.1300,0.0000,0.0000,0.0000,0.0000,0.0000,13.6677,0.0000,0.0000,0.0000,0.0000,8.9738,8.1026,0.0000,0.0000,0.0000,0.0000,4.1859,0.0000,3.2461,0.2591,3.3122,0.0000,0.0000,0.0000,227.2500,0.0000,0.0000,0.0000,0.0000,0.0000,0.0000,0.0000,0.0000,0.0000,0.0000,0.0000,0.0000,24.6100,0.0000,0.0000,300.0000,0.0000,200.0000,0.0000,0.0000,0.0000,46.0800,0.0000,0.0000,0.0000,0.0000,6.1125,0.0000,300.0000,0.0000,200.0000,0.0000,0.0000,0.0000,100.0000,0.0000
4,53EnBYPL2024/03/06,BYPL,0.0000,0.0000,0.0000,0.0000,13.6440,0.0000,0.0000,0.0000,70.6807,0.0000,0.0000,43.3890,0.0000,0.0000,10.4455,0.0000,22.9108,65.2301,0.0000,0.0000,57.6000,0.0000,0.0000,0.0000,103.6200,0.0000,0.0000,0.0000,0.0000,0.0000,0.0000,0.0000,163.2814,0.0000,0.0000,3.6195,0.0000,30.0050,50.3832,330.9623,62.2424,2.7711,10.7671,6.7031,11.7856,37.4701,0.0000,10.9880,17.8740,22.8270,0.0000,0.0000,0.0000,4.1300,0.0000,0.0000,0.0000,0.0000,0.0000,13.6677,0.0000,0.0000,0.0000,0.0000,8.9738,8.1026,0.0000,0.0000,0.0000,0.0000,4.1859,0.0000,3.2461,0.2591,3.3122,0.0000,0.0000,0.0000,227.2500,0.0000,0.0000,0.0000,0.0000,0.0000,0.0000,0.0000,0.0000,0.0000,0.0000,0.0000,0.0000,25.0600,0.0000,0.0000,300.0000,0.0000,200.0000,0.0000,0.0000,0.0000,46.6700,0.0000,0.0000,0.0000,0.0000,6.1125,0.0000,300.0000,0.0000,200.0000,0.0000,0.0000,0.0000,100.0000,0.0000
5,53EnBYPL2024/03/06,BYPL,0.0000,0.0000,0.0000,0.0000,13.6440,0.0000,0.0000,0.0000,70.6807,0.0000,0.0000,43.3890,0.0000,0.0000,10.4455,0.0000,22.9108,65.2301,0.0000,0.0000,57.6000,0.0000,0.0000,0.0000,103.6200,0.0000,0.0000,0.0000,0.0000,0.0000,0.0000,0.0000,163.2814,0.0000,0.0000,3.6195,0.0000,30.0050,50.3832,330.9623,62.2424,2.7711,10.7671,6.7031,11.7856,37.4701,0.0000,10.9880,17.8740,22.8270,0.0000,0.0000,0.0000,4.1300,0.0000,0.0000,0.0000,0.0000,0.0000,13.6677,0.0000,0.0000,0.0000,0.0000,8.9738,8.1026,0.0000,0.0000,0.0000,0.0000,4.1859,0.0000,3.2461,0.2591,3.3122,0.0000,0.0000,0.0000,227.2500,0.0000,0.0000,0.0000,0.0000,0.0000,0.0000,0.0000,0.0000,0.0000,0.0000,0.0000,0.0000,25.3800,0.0000,0.0000,300.0000,0.0000,200.0000,0.0000,0.0000,0.0000,46.8400,0.0000,0.0000,0.0000,0.0000,6.1125,0.0000,300.0000,0.0000,200.0000,0.0000,0.0000,0.0000,100.0000,0.0000
6,53EnBYPL2024/03/06,BYPL,0.0000,0.0000,0.0000,0.0000,13.6440,0.0000,0.0000,0.0000,70.6807,0.0000,0.0000,43.3890,0.0000,0.0000,10.4455,0.0000,22.9108,65.2301,0.0000,0.0000,57.6000,0.0000,0.0000,0.0000,103.6200,0.0000,0.0000,0.0000,0.0000,0.0000,0.0000,0.0000,163.2814,0.0000,0.0000,3.6195,0.0000,30.0050,50.3832,330.9623,62.2424,2.7711,10.7671,6.7031,11.7856,37.4701,0.0000,10.9880,17.8740,22.8270,0.0000,0.0000,0.0000,4.1300,0.0000,0.0000,0.0000,0.0000,0.0000,13.6677,0.0000,0.0000,0.0000,0.0000,8.9738,8.1026,0.0000,0.0000,0.0000,0.0000,4.1859,0.0000,3.2461,0.2591,3.3122,0.0000,0.0000,0.0000,227.2500,0.0000,0.0000,0.0000,0.0000,0.0000,0.0000,0.0000,0.0000,0.0000,0.0000,0.0000,0.0000,25.2200,0.0000,0.0000,300.0000,0.0000,200.0000,0.0000,0.0000,0.0000,47.3300,0.0000,0.0000,0.0000,0.0000,6.1125,0.0000,300.0000,0.0000,200.0000,0.0000,0.0000,0.0000,100.0000,0.0000
7,53EnBYPL2024/03/06,BYPL,0.0000,0.0000,0.0000,0.0000,13.6440,0.0000,0.0000,0.0000,70.6807,0.0000,0.0000,43.3890,0.0000,0.0000,10.4455,0.0000,22.9108,65.2301,0.0000,0.0000,57.6000,0.0000,0.0000,0.0000,103.6200,0.0000,0.0000,0.0000,0.0000,0.0000,0.0000,0.0000,163.2814,0.0000,0.0000,3.6195,0.0000,30.0050,50.3832,330.9623,62.2424,2.7711,10.7671,6.7031,11.7856,37.4701,0.0000,10.9880,17.8740,22.8270,0.0000,0.0000,0.0000,4.1300,0.0000,0.0000,0.0000,0.0000,0.0000,13.6677,0.0000,0.0000,0.0000,0.0000,8.9738,8.1026,0.0000,0.0000,0.0000,0.0000,4.1859,0.0000,3.2461,0.2591,3.3122,0.0000,0.0000,0.0000,227.2500,0.0000,0.0000,0.0000,0.0000,0.0000,0.0000,0.0000,0.0000,0.0000,0.0000,0.0000,0.0000,19.2500,0.0000,0.0000,300.0000,0.0000,200.0000,0.0000,0.0000,0.0000,41.7700,0.0000,0.0000,0.0000,0.0000,6.1125,0.0000,300.0000,0.0000,200.0000,0.0000,0.0000,0.0000,100.0000,0.0000
8,53EnBYPL2024/03/06,BYPL,0.0000,0.0000,0.0000,0.0000,13.6440,0.0000,0.0000,0.0000,70.6807,0.0000,0.0000,43.3890,0.0000,0.0000,10.4455,0.0000,22.9108,65.2301,0.0000,0.0000,57.6000,0.0000,0.0000,0.0000,103.6200,0.0000,0.0000,0.0000,0.0000,0.0000,0.0000,0.0000,163.2814,0.0000,0.0000,3.6195,0.0000,30.0050,50.3832,330.9623,62.2424,2.7711,10.7671,6.7031,11.7856,37.4701,0.0000,10.9880,17.8740,22.8270,0.0000,0.0000,0.0000,4.1300,0.0000,0.0000,0.0000,0.0000,0.0000,13.6677,0.0000,0.0000,0.0000,0.0000,8.9738,8.1026,0.0000,0.0000,0.0000,0.0000,4.1859,0.0000,3.2461,0.2591,3.3122,0.0000,0.0000,0.0000,227.2500,0.0000,0.0000,0.0000,0.0000,0.0000,0.0000,0.0000,0.0000,0.0000,0.0000,0.0000,0.0000,19.4600,0.0000,0.0000,300.0000,0.0000,200.0000,0.0000,0.0000,0.0000,42.0000,0.0000,0.0000,0.0000,0.0000,6.1125,0.0000,300.0000,0.0000,200.0000,0.0000,0.0000,0.0000,100.0000,0.0000
9,53EnBYPL2024/03/06,BYPL,0.0000,0.0000,0.0000,0.0000,13.6440,0.0000,0.0000,0.0000,70.6807,0.0000,0.0000,43.3890,0.0000,0.0000,10.4455,0.0000,22.9108,65.2301,0.0000,0.0000,57.6000,0.0000,0.0000,0.0000,103.6200,0.0000,0.0000,0.0000,0.0000,0.0000,0.0000,0.0000,163.2814,0.0000,0.0000,3.6195,0.0000,30.0050,50.3832,330.9623,62.2424,2.7711,10.7671,6.7031,11.7856,37.4701,0.0000,10.9880,17.8740,22.8270,0.0000,0.0000,0.0000,4.1300,0.0000,0.0000,0.0000,0.0000,0.0000,13.6677,0.0000,0.0000,0.0000,0.0000,10.6553,8.1026,0.0000,0.0000,0.0000,0.0000,4.1859,0.0000,3.2461,0.2591,3.3122,0.0000,0.0000,0.0000,227.2500,0.0000,0.0000,0.0000,0.0000,0.0000,0.0000,0.0000,0.0000,0.0000,0.0000,0.0000,0.0000,22.6100,0.0000,0.0000,300.0000,0.0000,200.0000,0.0000,0.0000,0.0000,48.6700,0.0000,0.0000,0.0000,0.0000,6.1125,0.0000,300.0000,0.0000,200.0000,0.0000,0.0000,0.0000,100.0000,0.0000
10,53EnBYPL2024/03/06,BYPL,0.0000,0.0000,0.0000,0.0000,13.6440,0.0000,0.0000,0.0000,70.6807,0.0000,0.0000,43.3890,0.0000,0.0000,10.4455,0.0000,22.9108,65.2301,0.0000,0.0000,57.6000,0.0000,0.0000,0.0000,103.6200,0.0000,0.0000,0.0000,0.0000,0.0000,0.0000,0.0000,163.2814,0.0000,0.0000,3.6195,0.0000,30.0050,50.3832,330.9623,62.2424,2.7711,10.7671,6.7031,11.7856,37.4701,0.0000,10.9880,17.8740,22.8270,0.0000,0.0000,0.0000,4.1300,0.0000,0.0000,0.0000,0.0000,0.0000,13.6677,0.0000,0.0000,0.0000,0.0000,10.6553,8.1026,0.0000,0.0000,0.0000,0.0000,4.1859,0.0000,3.2461,0.2591,3.3122,0.0000,0.0000,0.0000,227.2500,0.0000,0.0000,0.0000,0.0000,0.0000,0.0000,0.0000,0.0000,0.0000,0.0000,0.0000,0.0000,22.2400,0.0000,0.0000,300.0000,0.0000,200.0000,0.0000,0.0000,0.0000,48.8400,0.0000,0.0000,0.0000,0.0000,6.1125,0.0000,300.0000,0.0000,200.0000,0.0000,0.0000,0.0000,100.0000,0.0000
11,53EnBYPL2024/03/06,BYPL,0.0000,0.0000,0.0000,0.0000,13.6440,0.0000,0.0000,0.0000,70.6807,0.0000,0.0000,43.3890,0.0000,0.0000,10.4455,0.0000,22.9108,65.2301,0.0000,0.0000,57.6000,0.0000,0.0000,0.0000,103.6200,0.0000,0.0000,0.0000,0.0000,0.0000,0.0000,0.0000,163.2814,0.0000,0.0000,3.6195,0.0000,30.0050,50.3832,330.9623,62.2424,2.7711,10.7671,6.7031,11.7856,37.4701,0.0000,10.9880,17.8740,22.8270,0.0000,0.0000,0.0000,4.1300,0.0000,0.0000,0.0000,0.0000,0.0000,13.6677,0.0000,0.0000,0.0000,0.0000,8.9738,8.1026,0.0000,0.0000,0.0000,0.0000,4.1859,0.0000,6.4922,0.2591,3.3122,0.0000,0.0000,0.0000,227.2500,0.0000,0.0000,0.0000,0.0000,0.0000,0.0000,0.0000,0.0000,0.0000,0.0000,0.0000,0.0000,22.0600,0.0000,0.0000,300.0000,0.0000,200.0000,0.0000,0.0000,0.0000,44.7000,0.0000,0.0000,0.0000,0.0000,6.1125,0.0000,300.0000,0.0000,200.0000,0.0000,0.0000,0.0000,100.0000,0.0000
12,53EnBYPL2024/03/06,BYPL,0.0000,0.0000,0.0000,0.0000,13.6440,0.0000,0.0000,0.0000,70.6807,0.0000,0.0000,43.3890,0.0000,0.0000,10.4455,0.0000,22.9108,65.2301,0.0000,0.0000,57.6000,0.0000,0.0000,0.0000,103.6200,0.0000,0.0000,0.0000,0.0000,0.0000,0.0000,0.0000,163.2814,0.0000,0.0000,3.6195,0.0000,30.0050,50.3832,330.9623,62.2424,2.7711,10.7671,6.7031,11.7856,37.4701,0.0000,10.9880,17.8740,22.8270,0.0000,0.0000,0.0000,4.1300,0.0000,0.0000,0.0000,0.0000,0.0000,13.6677,0.0000,0.0000,0.0000,0.0000,8.9738,8.1026,0.0000,0.0000,0.0000,0.0000,4.1859,0.0000,6.4922,0.2591,3.3122,0.0000,0.0000,0.0000,227.2500,0.0000,0.0000,0.0000,0.0000,0.0000,0.0000,0.0000,0.0000,0.0000,0.0000,0.0000,0.0000,21.9500,0.0000,0.0000,300.0000,0.0000,200.0000,0.0000,0.0000,0.0000,45.6300,0.0000,0.0000,0.0000,0.0000,6.1125,0.0000,300.0000,0.0000,200.0000,0.0000,0.0000,0.0000,100.0000,0.0000
13,53EnBYPL2024/03/06,BYPL,0.0000,0.0000,0.0000,0.0000,13.6440,0.0000,0.0000,0.0000,70.6807,0.0000,0.0000,43.3890,0.0000,0.0000,10.4455,0.0000,22.9108,65.2301,0.0000,0.0000,57.6000,0.0000,0.0000,0.0000,103.6200,0.0000,0.0000,0.0000,0.0000,0.0000,0.0000,0.0000,163.2814,0.0000,0.0000,3.6195,0.0000,30.0050,50.3832,330.9623,62.2424,2.7711,10.7671,6.7031,11.7856,37.4701,0.0000,10.9880,17.8740,22.8270,0.0000,0.0000,0.0000,4.1300,0.0000,0.0000,0.0000,0.0000,0.0000,13.6677,0.0000,0.0000,0.0000,0.0000,8.9738,8.1026,0.0000,0.0000,0.0000,0.0000,4.1859,0.0000,6.4922,0.2591,3.3122,0.0000,0.0000,0.0000,227.2500,0.0000,0.0000,0.0000,0.0000,0.0000,0.0000,0.0000,0.0000,0.0000,0.0000,0.0000,0.0000,21.7900,0.0000,0.0000,300.0000,0.0000,200.0000,0.0000,0.0000,0.0000,45.9300,0.0000,0.0000,0.0000,0.0000,6.1125,0.0000,300.0000,0.0000,200.0000,0.0000,0.0000,0.0000,100.0000,0.0000
14,53EnBYPL2024/03/06,BYPL,0.0000,0.0000,0.0000,0.0000,13.6440,0.0000,0.0000,0.0000,70.6807,0.0000,0.0000,43.3890,0.0000,0.0000,10.4455,0.0000,22.9108,65.2301,0.0000,0.0000,57.6000,0.0000,0.0000,0.0000,103.6200,0.0000,0.0000,0.0000,0.0000,0.0000,0.0000,0.0000,163.2814,0.0000,0.0000,3.6195,0.0000,30.0050,50.3832,330.9623,62.2424,2.7711,10.7671,6.7031,11.7856,37.4701,0.0000,10.9880,17.8740,22.8270,0.0000,0.0000,0.0000,4.1300,0.0000,0.0000,0.0000,0.0000,0.0000,13.6677,0.0000,0.0000,0.0000,0.0000,8.9738,8.1026,0.0000,0.0000,0.0000,0.0000,4.1859,0.0000,6.4922,0.2591,3.3122,0.0000,0.0000,0.0000,227.2500,0.0000,0.0000,0.0000,0.0000,0.0000,0.0000,0.0000,0.0000,0.0000,0.0000,0.0000,0.0000,21.7500,0.0000,0.0000,300.0000,0.0000,200.0000,0.0000,0.0000,0.0000,46.6500,0.0000,0.0000,0.0000,0.0000,6.1125,0.0000,300.0000,0.0000,200.0000,0.0000,0.0000,0.0000,100.0000,0.0000
15,53EnBYPL2024/03/06,BYPL,0.0000,0.0000,0.0000,0.0000,13.6440,0.0000,0.0000,0.0000,70.6807,0.0000,0.0000,43.3890,0.0000,0.0000,10.4455,0.0000,22.9108,65.2301,0.0000,0.0000,57.6000,0.0000,0.0000,0.0000,103.6200,0.0000,0.0000,0.0000,0.0000,0.0000,0.0000,0.0000,163.2814,0.0000,0.0000,3.6195,0.0000,30.0050,50.3832,330.9623,62.2424,2.7711,10.7671,6.7031,11.7856,37.4701,0.0000,10.9880,17.8740,22.8270,0.0000,0.0000,0.0000,4.1300,0.0000,0.0000,0.0000,0.0000,0.0000,13.6677,0.0000,0.0000,0.0000,0.0000,8.9738,8.1026,0.0000,0.0000,0.0000,0.0000,4.1859,0.0000,6.4922,0.2591,3.3122,0.0000,0.0000,0.0000,227.2500,0.0000,0.0000,0.0000,0.0000,0.0000,0.0000,0.0000,0.0000,0.0000,0.0000,0.0000,0.0000,21.6700,0.0000,0.0000,300.0000,0.0000,200.0000,0.0000,0.0000,0.0000,46.8000,0.0000,0.0000,0.0000,0.0000,6.1125,0.0000,300.0000,0.0000,200.0000,0.0000,0.0000,0.0000,100.0000,0.0000
16,53EnBYPL2024/03/06,BYPL,0.0000,0.0000,0.0000,0.0000,13.6440,0.0000,0.0000,0.0000,70.6807,0.0000,0.0000,43.3890,0.0000,0.0000,10.4455,0.0000,22.9108,65.2301,0.0000,0.0000,57.6000,0.0000,0.0000,0.0000,103.6200,0.0000,0.0000,0.0000,0.0000,0.0000,0.0000,0.0000,163.2814,0.0000,0.0000,3.6195,0.0000,30.0050,50.3832,330.9623,62.2424,2.7711,10.7671,6.7031,11.7856,37.4701,0.0000,10.9880,17.8740,22.8270,0.0000,0.0000,0.0000,4.1300,0.0000,0.0000,0.0000,0.0000,0.0000,13.6677,0.0000,0.0000,0.0000,0.0000,10.6553,8.1026,0.0000,0.0000,0.0000,0.0000,4.1859,0.0000,6.4922,0.2591,3.3122,0.0000,0.0000,0.0000,227.2500,0.0000,0.0000,0.0000,0.0000,0.0000,0.0000,0.0000,0.0000,0.0000,0.0000,0.0000,0.0000,21.5800,0.0000,0.0000,300.0000,0.0000,200.0000,0.0000,0.0000,0.0000,47.1700,0.0000,0.0000,0.0000,0.0000,6.1125,0.0000,300.0000,0.0000,200.0000,0.0000,0.0000,0.0000,100.0000,0.0000
17,53EnBYPL2024/03/06,BYPL,0.0000,0.0000,0.0000,0.0000,13.6440,0.0000,0.0000,0.0000,70.6807,0.0000,0.0000,43.3890,0.0000,0.0000,10.4455,0.0000,22.9108,65.2301,0.0000,0.0000,57.6000,0.0000,0.0000,0.0000,103.6200,0.0000,0.0000,0.0000,0.0000,0.0000,0.0000,0.0000,163.2814,0.0000,0.0000,3.6195,0.0000,30.0050,50.3832,330.9623,62.2424,2.7711,10.7671,6.7031,11.7856,37.4701,0.0000,10.9880,17.8740,22.8270,0.0000,0.0000,0.0000,4.1300,0.0000,0.0000,0.0000,0.0000,0.0000,13.6677,0.0000,0.0000,0.0000,0.0000,10.6553,8.1026,0.0000,0.0000,0.0000,0.0000,4.1859,0.0000,6.4922,0.0000,1.6561,0.0000,0.0000,0.0000,227.2500,0.0000,0.0000,0.0000,0.0000,0.0000,0.0000,0.0000,0.0000,0.0000,0.0000,0.0000,0.0000,21.3600,0.0000,0.0000,300.0000,0.0000,200.0000,0.0000,0.0000,0.0000,47.6600,0.0000,0.0000,0.0000,0.0000,6.1125,0.0000,300.0000,0.0000,200.0000,0.0000,0.0000,0.0000,100.0000,0.0000
18,53EnBYPL2024/03/06,BYPL,0.0000,0.0000,0.0000,0.0000,13.6440,0.0000,0.0000,0.0000,70.6807,0.0000,0.0000,43.3890,0.0000,0.0000,10.4455,0.0000,22.9108,65.2301,0.0000,0.0000,57.6000,0.0000,0.0000,0.0000,103.6200,0.0000,0.0000,0.0000,0.0000,0.0000,0.0000,0.0000,163.2814,0.0000,0.0000,3.6195,0.0000,30.0050,50.3832,330.9623,62.2424,2.7711,10.7671,6.7031,11.7856,37.4701,0.0000,10.9880,17.8740,22.8270,0.0000,0.0000,0.0000,4.1300,0.0000,0.0000,0.0000,0.0000,0.0000,13.6677,0.0000,0.0000,0.0000,0.0000,8.9738,8.1026,0.0000,0.0000,0.0000,0.0000,4.1859,0.0000,6.4922,0.0000,1.6561,0.0000,0.0000,0.0000,227.2500,0.0000,0.0000,0.0000,0.0000,0.0000,0.0000,0.0000,0.0000,0.0000,0.0000,0.0000,0.0000,21.1600,0.0000,0.0000,300.0000,0.0000,200.0000,0.0000,0.0000,0.0000,46.5500,0.0000,0.0000,0.0000,0.0000,6.1125,0.0000,300.0000,0.0000,200.0000,0.0000,0.0000,0.0000,100.0000,0.0000
19,53EnBYPL2024/03/06,BYPL,0.0000,0.0000,0.0000,0.0000,13.6440,0.0000,0.0000,0.0000,70.6807,0.0000,0.0000,43.3890,0.0000,0.0000,10.4455,0.0000,22.9108,65.2301,4.8108,0.0000,57.6000,0.0000,0.0000,0.0000,103.6200,0.0000,0.0000,0.0000,0.0000,0.0000,0.0000,0.0000,163.2814,0.0000,0.0000,3.6195,0.0000,30.0050,50.3832,330.9623,62.2424,2.7711,10.7671,6.7031,11.7856,37.4701,0.0000,10.9880,17.8740,22.8270,0.0000,0.0000,0.0000,4.1300,0.0000,0.0000,0.0000,0.0000,0.0000,13.6677,0.0000,0.0000,0.0000,0.0000,8.9738,8.1026,3.5687,0.0000,0.0000,0.0000,4.1859,0.0000,9.7409,0.0000,1.6561,0.0000,0.0000,0.0000,227.2500,0.0000,0.0000,0.0000,0.0000,0.0000,0.0000,0.0000,0.0000,0.0000,0.0000,0.0000,0.0000,19.8100,0.0000,0.0000,300.0000,0.0000,200.0000,0.0000,0.0000,0.0000,32.5700,0.0000,0.0000,0.0000,0.0000,6.1125,0.0000,300.0000,0.0000,200.0000,0.0000,0.0000,0.0000,100.0000,0.0000
20,53EnBYPL2024/03/06,BYPL,0.0000,0.0000,0.0000,0.0000,13.6440,0.0000,0.0000,0.0000,70.6807,0.0000,0.0000,43.3890,0.0000,0.0000,10.4455,0.0000,22.9108,65.2301,9.6215,0.0000,57.6000,0.0000,0.0000,0.0000,103.6200,0.0000,0.0000,0.0000,0.0000,0.0000,0.0000,0.0000,163.2814,0.0000,0.0000,3.6195,0.0000,30.0050,50.3832,330.9623,62.2424,2.7711,10.7671,6.7031,11.7856,37.4701,0.0000,10.9880,17.8740,22.8270,0.0000,0.0000,0.0000,4.1300,0.0000,0.0000,0.0000,0.0000,0.0000,13.6677,0.0000,0.0000,0.0000,0.0000,8.9738,8.1026,3.5687,0.0000,0.0000,0.0000,4.1859,0.0000,9.7409,0.0000,1.6561,0.0000,0.0000,0.0000,227.2500,0.0000,0.0000,0.0000,0.0000,0.0000,0.0000,0.0000,0.0000,0.0000,0.0000,0.0000,0.0000,19.3100,0.0000,0.0000,300.0000,0.0000,200.0000,0.0000,0.0000,0.0000,32.3300,0.0000,0.0000,0.0000,0.0000,6.1125,0.0000,300.0000,0.0000,200.0000,0.0000,0.0000,0.0000,100.0000,0.0000
21,53EnBYPL2024/03/06,BYPL,0.0000,0.0000,0.0000,0.0000,13.6440,0.0000,0.0000,0.0000,70.6807,0.0000,0.0000,43.3890,0.0000,0.0000,10.4455,0.0000,22.9108,65.2301,9.6215,0.0000,57.6000,0.0000,0.0000,0.0000,103.6200,0.0000,0.0000,0.0000,0.0000,0.0000,0.0000,0.0000,163.2814,0.0000,0.0000,3.6195,0.0000,30.0050,50.3832,330.9623,62.2424,2.7711,10.7671,6.7031,11.7856,37.4701,0.0000,10.9880,17.8740,22.8270,0.0000,0.0000,0.0000,4.1300,0.0000,0.0000,0.0000,0.0000,0.0000,13.6677,0.0000,0.0000,0.0000,0.0000,8.9738,8.1026,7.1374,0.0000,0.0000,0.0000,4.1859,0.0000,9.7409,0.0000,1.6561,0.0000,0.0000,0.0000,227.2500,0.0000,0.0000,0.0000,0.0000,0.0000,0.0000,0.0000,0.0000,0.0000,0.0000,0.0000,0.0000,18.7800,0.0000,0.0000,300.0000,0.0000,200.0000,0.0000,0.0000,0.0000,31.6700,0.0000,0.0000,0.0000,0.0000,6.1125,0.0000,300.0000,0.0000,200.0000,0.0000,0.0000,0.0000,100.0000,0.0000
22,53EnBYPL2024/03/06,BYPL,0.0000,0.0000,0.0000,0.0000,13.6440,0.0000,0.0000,0.0000,70.6807,0.0000,0.0000,43.3890,0.0000,0.0000,10.4455,0.0000,22.9108,65.2301,9.6215,0.0000,57.6000,0.0000,0.0000,0.0000,103.6200,0.0000,0.0000,0.0000,0.0000,0.0000,0.0000,0.0000,163.2814,0.0000,0.0000,3.6195,0.0000,30.0050,50.3832,330.9623,62.2424,2.7711,10.7671,6.7031,11.7856,37.4701,0.0000,10.9880,17.8740,22.8270,0.0000,0.0000,0.0000,4.1300,0.0000,0.0000,0.0000,0.0000,0.0000,13.6677,0.0000,0.0000,0.0000,0.0000,8.9738,8.1026,10.7061,0.0000,0.0000,0.0000,4.1859,0.0000,9.7409,0.0000,1.6561,0.0000,0.0000,0.0000,227.2500,0.0000,0.0000,0.0000,0.0000,0.0000,0.0000,0.0000,0.0000,0.0000,0.0000,0.0000,0.0000,18.2800,0.0000,0.0000,300.0000,0.0000,200.0000,0.0000,0.0000,0.0000,30.9500,0.0000,0.0000,0.0000,0.0000,6.1125,0.0000,300.0000,0.0000,200.0000,0.0000,0.0000,0.0000,100.0000,0.0000
23,53EnBYPL2024/03/06,BYPL,0.0000,0.0000,0.0000,0.0000,13.6440,0.0000,0.0000,0.0000,70.6807,0.0000,0.0000,43.3890,0.0000,0.0000,10.4455,0.0000,22.9108,65.2301,9.6215,0.0000,57.6000,0.0000,0.0000,0.0000,103.6200,0.0000,0.0000,0.0000,0.0000,0.0000,0.0000,0.0000,163.2814,0.0000,0.0000,3.6195,0.0000,30.0050,50.3832,330.9623,62.2424,2.7711,10.7671,6.7031,11.7856,37.4701,0.0000,10.9880,17.8740,22.8270,0.0000,0.0000,0.0000,4.1300,0.0000,0.0000,0.0000,0.0000,0.0000,13.6677,0.0000,0.0000,0.0000,0.0000,10.6553,8.1026,10.7061,0.8458,0.0000,0.0000,4.1859,0.0000,3.8379,0.0000,1.6561,0.0000,0.0000,0.0000,227.2500,0.0000,0.0000,0.0000,0.0000,0.0000,0.0000,0.0000,0.0000,0.0000,0.0000,0.0000,0.0000,17.8100,0.0000,0.0000,300.0000,0.0000,200.0000,0.0000,0.0000,0.0000,30.0000,0.0000,0.0000,0.0000,0.0000,6.1125,0.0000,300.0000,0.0000,200.0000,0.0000,0.0000,0.0000,100.0000,0.0000
24,53EnBYPL2024/03/06,BYPL,0.0000,0.0000,0.0000,0.0000,13.6440,0.0000,0.0000,0.0000,70.6807,0.0000,0.0000,43.3890,0.0000,0.0000,10.4455,0.0000,22.9108,65.2301,14.4323,0.0000,57.6000,0.0000,0.0000,0.0000,103.6200,0.0000,0.0000,0.0000,0.0000,0.0000,0.0000,0.0000,163.2814,0.0000,0.0000,3.6195,0.0000,30.0050,50.3832,330.9623,62.2424,2.7711,10.7671,6.7031,11.7856,37.4701,0.0000,10.9880,17.8740,22.8270,0.0000,0.0000,0.0000,4.1300,0.0000,0.0000,0.0000,0.0000,0.0000,13.6677,0.0000,0.0000,0.0000,0.0000,10.6553,8.1026,10.7061,3.3172,2.4587,0.0000,4.1859,0.0000,3.8379,0.0000,1.6561,0.0000,0.0000,0.0000,227.2500,0.0000,0.0000,0.0000,0.0000,0.0000,0.0000,0.0000,0.0000,0.0000,0.0000,0.0000,0.0000,17.3400,0.0000,0.0000,300.0000,0.0000,200.0000,0.0000,0.0000,0.0000,29.3300,0.0000,0.0000,0.0000,0.0000,6.1125,0.0000,300.0000,0.0000,200.0000,0.0000,0.0000,0.0000,100.0000,0.0000
25,53EnBYPL2024/03/06,BYPL,0.0000,0.0000,0.0000,0.0000,13.6440,0.0000,0.0000,0.0000,70.6807,0.0000,0.0000,43.3890,0.0000,0.0000,10.4455,0.0000,22.9108,65.2301,19.2430,0.0000,57.6000,0.0000,0.0000,0.0000,103.6200,0.0000,0.0000,0.0000,0.0000,0.0000,0.0000,0.0000,163.2814,0.0000,0.0000,3.6195,0.0000,30.0050,50.3832,330.9623,62.2424,2.7711,10.7671,6.7031,11.7856,37.4701,0.0000,11.0947,17.8740,22.8270,0.0000,0.0000,0.0000,4.1300,0.0000,0.0000,0.0000,0.0000,0.0000,13.6677,0.0000,0.0000,0.0000,0.0000,8.9738,8.1026,10.7061,6.6904,4.9174,2.0142,4.1859,0.0000,3.8379,0.0000,1.6561,0.0000,0.0000,0.0000,227.2500,0.0000,0.0000,0.0000,0.0000,0.0000,0.0000,0.0000,0.0000,0.0000,0.0000,0.0000,0.0000,16.7800,0.0000,0.0000,300.0000,0.0000,200.0000,0.0000,0.0000,0.0000,28.7000,0.0000,0.0000,0.0000,0.0000,6.1125,0.0000,300.0000,0.0000,200.0000,0.0000,0.0000,0.0000,100.0000,0.0000
26,53EnBYPL2024/03/06,BYPL,0.0000,0.0000,0.0000,0.0000,13.6440,0.0000,0.0000,0.0000,70.6807,0.0000,0.0000,43.3890,0.0000,0.0000,10.4455,0.0000,22.9108,65.2301,26.4592,0.0000,57.6000,0.0000,0.0000,0.0000,103.6200,0.0000,0.0000,0.0000,0.0000,0.0000,0.0000,0.0000,163.2814,0.0000,0.0000,3.6195,0.0000,30.0050,50.3832,330.9623,62.2424,2.7711,10.7671,6.7031,11.7856,37.4701,0.0000,11.0947,17.8740,22.8270,0.0000,0.0000,0.0000,4.2672,0.0000,0.0000,0.0000,0.0000,0.0000,13.6677,0.0000,0.0000,0.0000,0.0000,8.9738,8.1026,10.7061,10.0355,7.3812,2.0142,8.3718,0.0000,11.2166,0.0000,4.9682,0.0000,0.0000,0.0000,227.2500,0.0000,0.0000,0.0000,0.0000,0.0000,0.0000,0.0000,0.0000,0.0000,0.0000,0.0000,0.0000,16.2300,0.0000,0.0000,300.0000,0.0000,200.0000,0.0000,0.0000,0.0000,28.6700,0.0000,0.0000,0.0000,0.0000,6.1125,0.0000,300.0000,0.0000,200.0000,0.0000,0.0000,0.0000,100.0000,0.0000
27,53EnBYPL2024/03/06,BYPL,0.0000,0.0000,0.0000,0.0000,13.6440,0.0000,0.0000,0.0000,70.6807,0.0000,0.0000,43.3890,0.0000,0.0000,10.4455,0.0000,22.9108,65.2301,29.7053,0.0000,57.6000,0.0000,0.0000,0.0000,103.6200,0.0000,0.0000,0.0000,0.0000,0.0000,0.0000,0.0000,163.2814,0.0000,0.0000,3.6195,0.0000,30.0050,50.3832,330.9623,62.2424,2.7711,10.7671,6.7031,11.7856,37.4701,0.0000,11.0947,17.8740,22.8270,0.0000,0.0000,0.0000,4.2672,0.0000,0.0000,0.0000,0.0000,0.0000,13.6677,0.0000,0.0000,0.0000,0.0000,8.9738,8.1026,10.7061,10.0355,7.3812,4.6406,8.3718,0.0000,12.9870,1.6281,4.9682,0.0000,0.0000,0.0000,227.2500,0.0000,0.0000,0.0000,0.0000,0.0000,0.0000,0.0000,0.0000,0.0000,0.0000,0.0000,0.0000,15.7100,0.0000,0.0000,300.0000,0.0000,200.0000,0.0000,0.0000,0.0000,21.4000,0.0000,0.0000,0.0000,0.0000,6.1125,0.0000,300.0000,0.0000,200.0000,0.0000,0.0000,0.0000,100.0000,0.0000
28,53EnBYPL2024/03/06,BYPL,0.0000,0.0000,0.0000,0.0000,13.6440,0.0000,0.0000,0.0000,70.6807,0.0000,0.0000,43.3890,0.0000,0.0000,10.4455,0.0000,22.9108,65.2301,29.7053,0.0000,57.6000,0.0000,0.0000,0.0000,103.6200,0.0000,0.0000,0.0000,0.0000,0.0000,0.0000,0.0000,163.2814,0.0000,0.0000,3.6195,0.0000,30.0050,50.3832,330.9623,62.2424,2.7711,10.7671,6.7031,11.7856,37.4701,0.0000,11.0947,17.8740,22.8270,0.0000,0.0000,0.0000,4.2672,0.0000,0.0000,0.0000,0.0000,0.0000,13.6677,0.0000,0.0000,0.0000,0.0000,8.9738,8.1026,10.7061,10.0355,7.3812,6.9621,8.3718,0.0000,12.9870,1.5621,4.9682,0.0000,0.0000,0.0000,227.2500,0.0000,0.0000,0.0000,0.0000,0.0000,0.0000,0.0000,0.0000,0.0000,0.0000,0.0000,0.0000,15.2000,0.0000,0.0000,300.0000,0.0000,200.0000,0.0000,0.0000,0.0000,21.3300,0.0000,0.0000,0.0000,0.0000,6.1125,0.0000,1.0000,0.0000,200.0000,0.0000,0.0000,0.0000,100.0000,0.0000
29,53EnBYPL2024/03/06,BYPL,0.0000,0.0000,0.0000,0.0000,13.6440,0.0000,0.0000,0.0000,70.6807,0.0000,0.0000,43.3890,0.0000,0.0000,10.4455,0.0000,22.9108,65.2301,29.7053,0.0000,57.6000,0.0000,0.0000,0.0000,103.6200,0.0000,0.0000,0.0000,0.0000,0.0000,0.0000,0.0000,163.2814,0.0000,0.0000,3.6195,0.0000,30.0050,50.3832,330.9623,62.2424,2.7711,10.7671,6.7031,11.7856,37.4701,0.0000,11.0947,17.8740,22.8270,0.0000,0.0000,0.0000,4.2672,0.0000,0.0000,0.0000,0.0000,0.0000,13.6677,0.0000,0.0000,0.0000,0.0000,8.9738,8.2677,10.7061,10.0355,7.3812,6.9621,8.3718,0.0000,12.9870,1.5621,4.9682,0.0000,0.0000,0.0000,227.2500,0.0000,0.0000,0.0000,0.0000,0.0000,0.0000,0.0000,0.0000,0.0000,0.0000,0.0000,0.0000,15.0600,0.0000,0.0000,0.0500,0.0000,200.0000,0.0000,0.0000,0.0000,29.2000,0.0000,0.0000,0.0000,0.0000,6.1125,0.0000,1.0000,0.0000,1.0000,0.0000,0.0000,0.0000,0.0500,0.0000
30,53EnBYPL2024/03/06,BYPL,0.0000,0.0000,0.0000,0.0000,13.6440,0.0000,0.0000,0.0000,70.6807,0.0000,0.0000,43.3890,0.0000,0.0000,10.4455,0.0000,22.9108,65.2301,29.7053,0.0000,57.6000,0.0000,0.0000,0.0000,103.6200,0.0000,0.0800,0.0000,0.0000,0.0000,0.0000,0.0000,163.2814,0.0000,0.0000,3.6195,0.0000,30.0050,50.3832,330.9623,62.2424,2.7711,10.7671,6.7031,11.7856,37.4701,0.0000,11.0947,17.8740,22.8270,0.0000,0.0000,0.0000,4.2672,0.0000,0.0000,0.0000,0.0000,0.0000,13.6677,0.0000,0.0000,0.0000,0.0000,10.6553,8.2677,10.7061,10.0355,7.3812,6.9621,8.3718,0.0000,12.9870,1.5621,4.9682,0.0000,0.0000,0.0000,227.2500,0.0000,0.0000,0.0000,0.0000,0.0000,0.0000,0.0000,0.0000,0.0000,0.0000,0.0000,0.0000,14.9000,0.0000,0.0000,0.3300,0.0000,2.0000,0.0000,0.0000,0.0000,28.3300,0.0000,0.0000,0.0000,0.0000,6.1125,0.0000,4.0000,0.0000,3.0000,0.0000,0.0000,0.0000,0.4500,0.0000
31,53EnBYPL2024/03/06,BYPL,0.0000,0.0000,0.0000,0.0000,13.6440,0.0000,0.0000,0.0000,70.6807,0.0000,0.0000,43.3890,0.0000,0.0000,10.4455,0.0000,22.9108,65.2301,26.4592,0.0000,57.6000,0.0000,0.0000,0.0000,103.6200,0.0000,0.4133,0.0000,0.0000,0.0000,0.0000,0.0000,163.2814,0.0000,0.0000,3.6195,0.0000,30.0050,50.3832,330.9623,62.2424,2.7711,10.7671,6.7031,11.7856,37.4701,0.0000,11.0947,17.8740,22.8270,0.0000,0.0000,0.0000,4.2672,0.0000,0.0000,0.0000,0.0000,0.0000,13.6677,0.0000,0.0000,0.0000,0.0000,10.6553,8.2677,10.7061,10.0355,7.3812,6.9621,8.3718,0.0000,11.2166,1.5621,4.9682,0.0000,0.0000,0.0000,227.2500,0.0000,0.0000,0.0000,0.0000,0.0000,0.0000,0.0000,0.0000,0.0000,0.0000,0.0000,0.0000,14.7500,0.0000,0.0000,3.0800,0.0000,4.0000,0.0000,0.0000,0.0000,28.2400,0.0000,0.0000,0.0000,0.0000,6.1125,0.0000,6.0000,0.0000,6.0000,0.0000,0.0000,0.0000,1.5400,0.0000
32,53EnBYPL2024/03/06,BYPL,0.0000,0.0000,0.0000,0.0000,13.6440,0.0000,0.0000,0.0000,70.6807,0.0000,0.0000,43.3890,0.0000,0.0000,10.4455,0.0000,22.9108,65.2301,19.3396,0.0000,57.6000,0.0000,0.0000,0.0000,103.6200,0.0000,1.2633,0.0000,0.0000,0.0000,0.0000,0.0000,163.2814,0.0000,0.0000,3.6195,0.0000,30.0050,50.3832,330.9623,62.2424,2.7711,10.7671,6.7031,11.7856,37.4701,0.0000,11.0947,17.8740,22.8270,0.0000,0.0000,0.0000,4.1300,0.0000,0.0000,0.0000,0.0000,0.0000,13.6677,0.0000,0.0000,0.0000,0.0000,8.9738,8.2677,10.7061,6.6904,4.9174,4.6406,4.1859,0.0000,6.4922,0.0000,1.6561,0.0000,0.0000,0.0000,227.2500,0.0000,0.0000,0.0000,0.0000,0.0000,0.0000,0.0000,0.0000,0.0000,0.0000,0.0000,0.0000,14.6100,0.0000,0.0000,8.0300,0.0000,6.0000,0.0000,0.0000,0.0000,27.7800,0.0000,0.0000,0.0000,0.0000,6.1125,0.0000,13.0000,0.0000,10.0000,0.0000,0.0000,0.0000,2.8400,0.0000
33,53EnBYPL2024/03/06,BYPL,0.0000,0.0000,0.0000,0.0000,13.6440,0.0000,0.0000,0.0000,70.6807,0.0000,0.0000,43.3890,0.0000,0.0000,10.4455,0.0000,22.9108,65.2301,19.2430,0.0000,57.6000,0.0000,0.0000,0.0000,103.6200,0.0000,2.8933,0.0000,0.0000,0.0000,0.0000,0.0000,163.2814,0.0000,0.0000,3.6195,0.0000,30.0050,50.3832,330.9623,62.2424,2.7711,10.7671,6.7031,11.7856,37.4701,0.0000,10.9880,17.8740,22.8270,0.0000,0.0000,0.0000,4.1300,0.0000,0.0000,0.0000,0.0000,0.0000,13.6677,0.0000,0.0000,0.0000,0.0000,8.9738,8.2677,7.1374,6.6904,2.4587,2.0142,4.1859,0.0000,6.4922,0.0000,1.6561,0.0000,0.0000,0.0000,227.2500,0.0000,0.0000,0.0000,0.0000,0.0000,0.0000,0.0000,0.0000,0.0000,0.0000,0.0000,0.0000,13.9500,0.0000,0.0000,9.2100,0.0000,10.7000,0.0000,0.0000,0.0000,26.2600,0.0000,0.0000,0.0000,0.0000,6.1125,0.0000,18.0000,0.0000,15.0000,0.0000,0.0000,0.0000,4.3100,0.0000
34,53EnBYPL2024/03/06,BYPL,0.0000,0.0000,0.0000,0.0000,13.6440,0.0000,0.0000,0.0000,70.6807,0.0000,0.0000,43.3890,0.0000,0.0000,10.4455,0.0000,22.9108,65.2301,14.4323,0.0000,57.6000,0.0000,0.0000,0.0000,103.6200,0.0000,2.8933,0.0000,0.0000,0.0000,0.0000,0.0000,163.2814,0.0000,0.0000,3.6195,0.0000,30.0050,50.3832,330.9623,62.2424,2.7711,10.7671,6.7031,11.7856,37.4701,0.0000,10.9880,17.8740,22.8270,0.0000,0.0000,0.0000,4.1300,0.0000,0.0000,0.0000,0.0000,0.0000,13.6677,0.0000,0.0000,0.0000,0.0000,8.9738,8.2677,7.1374,3.3452,0.0000,0.0000,4.1859,0.0000,6.4922,0.0000,1.6561,0.0000,0.0000,0.0000,227.2500,0.0000,0.0000,0.0000,0.0000,0.0000,0.0000,0.0000,0.0000,0.0000,0.0000,0.0000,0.0000,12.0600,0.0000,0.0000,11.7100,0.0000,15.5000,0.0000,0.0000,0.0000,24.6100,0.0000,0.0000,0.0000,0.0000,6.1125,0.0000,26.0000,0.0000,19.0000,0.0000,0.0000,0.0000,4.2100,0.0000
35,53EnBYPL2024/03/06,BYPL,0.0000,0.0000,0.0000,0.0000,13.6440,0.0000,0.0000,0.0000,70.6807,0.0000,0.0000,43.3890,0.0000,0.0000,10.4455,0.0000,22.9108,65.2301,4.8108,0.0000,57.6000,0.0000,0.0000,0.0000,103.6200,0.0000,3.8333,0.0000,0.0000,0.0000,0.0000,0.0000,163.2814,0.0000,0.0000,3.6195,0.0000,30.0050,50.3832,330.9623,62.2424,2.7711,10.7671,6.7031,11.7856,37.4701,0.0000,10.9880,17.8740,22.8270,0.0000,0.0000,0.0000,4.1300,0.0000,0.0000,0.0000,0.0000,0.0000,13.6677,0.0000,0.0000,0.0000,0.0000,8.9738,8.2677,7.1374,3.3452,0.0000,0.0000,4.1859,0.0000,6.4922,0.0000,1.6561,0.0000,0.0000,0.0000,227.2500,0.0000,0.0000,0.0000,0.0000,0.0000,0.0000,0.0000,0.0000,0.0000,0.0000,0.0000,0.0000,10.3400,0.0000,0.0000,15.8700,0.0000,20.6000,0.0000,0.0000,0.0000,17.3300,0.0000,0.0000,0.0000,0.0000,6.1125,0.0000,33.0000,0.0000,20.0000,0.0000,0.0000,0.0000,5.7100,0.0000
36,53EnBYPL2024/03/06,BYPL,0.0000,0.0000,0.0000,0.0000,13.6440,0.0000,0.0000,0.0000,70.6807,0.0000,0.0000,43.3890,0.0000,0.0000,10.4455,0.0000,22.9108,65.2301,4.8108,0.0000,57.6000,0.0000,0.0000,0.0000,103.6200,0.0000,4.7366,0.0000,0.0000,0.0000,0.0000,0.0000,163.2814,0.0000,0.0000,3.6195,0.0000,30.0050,50.3832,330.9623,62.2424,2.7711,10.7671,6.7031,11.7856,37.4701,0.0000,10.9880,17.8740,22.8270,0.0000,0.0000,0.0000,4.1300,0.0000,0.0000,0.0000,0.0000,0.0000,13.6677,0.0000,0.0000,0.0000,0.0000,8.9738,8.2677,3.5687,3.3452,0.0000,0.0000,4.1859,0.0000,6.4922,0.0000,1.6561,0.0000,0.0000,0.0000,227.2500,0.0000,0.0000,0.0000,0.0000,0.0000,0.0000,0.0000,0.0000,0.0000,0.0000,0.0000,0.0000,8.7400,0.0000,0.0000,19.7100,0.0000,24.6000,0.0000,0.0000,0.0000,17.0000,0.0000,0.0000,0.0000,0.0000,6.1125,0.0000,40.0000,0.0000,24.0000,0.0000,0.0000,0.0000,7.1100,0.0000
37,53EnBYPL2024/03/06,BYPL,0.0000,0.0000,0.0000,0.0000,13.6440,0.0000,0.0000,0.0000,70.6807,0.0000,0.0000,43.3890,0.0000,0.0000,10.4455,0.0000,22.9108,65.2301,4.8108,0.0000,57.6000,0.0000,0.0000,0.0000,103.6200,0.0000,5.1299,0.0000,0.0000,0.0000,0.0000,0.0000,163.2814,0.0000,0.0000,3.6195,0.0000,30.0050,50.3832,330.9623,62.2424,2.7711,10.7671,6.7031,11.7856,37.4701,0.0000,10.9880,17.8740,22.8270,0.0000,0.0000,0.0000,4.1300,0.0000,0.0000,0.0000,0.0000,0.0000,13.6677,0.0000,0.0000,0.0000,0.0000,10.6553,8.2677,3.5687,3.3452,0.0000,0.0000,4.1859,0.0000,6.4922,1.6281,1.6561,0.0000,0.0000,0.0000,227.2500,0.0000,0.0000,0.0000,0.0000,0.0000,0.0000,0.0000,0.0000,0.0000,0.0000,0.0000,0.0000,8.3400,0.0000,0.0000,26.8000,0.0000,27.9000,0.0000,0.0000,0.0000,16.6700,0.0000,0.0000,0.0000,0.0000,6.1125,0.0000,47.0000,0.0000,28.0000,0.0000,0.0000,0.0000,8.5600,0.0000
38,53EnBYPL2024/03/06,BYPL,0.0000,0.0000,0.0000,0.0000,13.6440,0.0000,0.0000,0.0000,70.6807,0.0000,0.0000,43.3890,0.0000,0.0000,10.4455,0.0000,22.9108,65.2301,0.0000,0.0000,57.6000,0.0000,0.0000,0.0000,103.6200,0.0000,6.1233,0.0000,0.0000,0.0000,0.0000,0.0000,163.2814,0.0000,0.0000,3.6195,0.0000,30.0050,50.3832,330.9623,62.2424,2.7711,10.7671,6.7031,11.7856,37.4701,0.0000,10.9880,17.8740,22.8270,0.0000,0.0000,0.0000,4.1300,0.0000,0.0000,0.0000,0.0000,0.0000,13.6677,0.0000,0.0000,0.0000,0.0000,10.6553,8.2677,3.5687,3.3452,0.0000,0.0000,4.1859,0.0000,6.4922,1.6281,1.6561,0.0000,0.0000,0.0000,227.2500,0.0000,0.0000,0.0000,0.0000,0.0000,0.0000,0.0000,0.0000,0.0000,0.0000,0.0000,0.0000,7.9300,0.0000,0.0000,30.3700,0.0000,31.5000,0.0000,0.0000,0.0000,16.0000,0.0000,0.0000,0.0000,0.0000,6.1125,0.0000,54.0000,0.0000,32.0000,0.0000,0.0000,0.0000,9.8700,0.0000
39,53EnBYPL2024/03/06,BYPL,0.0000,0.0000,0.0000,0.0000,13.6440,0.0000,0.0000,0.0000,70.6807,0.0000,0.0000,43.3890,0.0000,0.0000,10.4455,0.0000,22.9108,65.2301,0.0000,0.0000,57.6000,0.0000,0.0000,0.0000,103.6200,0.0000,7.6733,0.0000,0.0000,0.0000,0.0000,0.0000,163.2814,0.0000,0.0000,3.6195,0.0000,30.0050,50.3832,330.9623,62.2424,2.7711,10.7671,6.7031,11.7856,37.4701,0.0000,10.9880,17.8740,22.8270,0.0000,0.0000,0.0000,4.1300,0.0000,0.0000,0.0000,0.0000,0.0000,13.6677,0.0000,0.0000,0.0000,0.0000,8.9738,8.2677,3.5687,0.0000,0.0000,0.0000,4.1859,0.0000,6.4922,1.6281,1.6561,0.0000,0.0000,0.0000,227.2500,0.0000,0.0000,0.0000,0.0000,0.0000,0.0000,0.0000,0.0000,0.0000,0.0000,0.0000,0.0000,7.4800,0.0000,0.0000,29.2300,0.0000,33.5000,0.0000,0.0000,0.0000,15.3300,0.0000,0.0000,0.0000,0.0000,6.1125,0.0000,61.0000,0.0000,37.0000,0.0000,0.0000,0.0000,10.9800,0.0000
40,53EnBYPL2024/03/06,BYPL,0.0000,0.0000,0.0000,0.0000,13.6440,0.0000,0.0000,0.0000,70.6807,0.0000,0.0000,43.3890,0.0000,0.0000,10.4455,0.0000,22.9108,65.2301,0.0000,0.0000,57.6000,0.0000,0.0000,0.0000,103.6200,0.0000,9.1466,0.0000,0.0000,0.0000,0.0000,0.0000,163.2814,0.0000,0.0000,3.6195,0.0000,30.0050,50.3832,330.9623,62.2424,2.7711,10.7671,6.7031,11.7856,37.4701,0.0000,10.9880,17.8740,22.8270,0.0000,0.0000,0.0000,4.1300,0.0000,0.0000,0.0000,0.0000,0.0000,13.6677,0.0000,0.0000,0.0000,0.0000,8.9738,8.2677,3.5687,0.0000,0.0000,0.0000,4.1859,0.0000,6.4922,0.0000,1.6561,0.0000,0.0000,0.0000,227.2500,0.0000,0.0000,0.0000,0.0000,0.0000,0.0000,0.0000,0.0000,0.0000,0.0000,0.0000,0.0000,7.0500,0.0000,0.0000,36.7300,0.0000,36.5000,0.0000,0.0000,0.0000,15.0000,0.0000,0.0000,0.0000,0.0000,6.1125,0.0000,67.0000,0.0000,40.0000,0.0000,0.0000,0.0000,12.0900,0.0000
41,53EnBYPL2024/03/06,BYPL,0.0000,0.0000,0.0000,0.0000,13.6440,0.0000,0.0000,0.0000,70.6807,0.0000,0.0000,43.3890,0.0000,0.0000,10.4455,0.0000,22.9108,65.2301,0.0000,0.0000,57.6000,0.0000,0.0000,0.0000,103.6200,0.0000,10.4066,0.0000,0.0000,0.0000,0.0000,0.0000,163.2814,0.0000,0.0000,3.6195,0.0000,30.0050,50.3832,330.9623,62.2424,2.7711,10.7671,6.7031,11.7856,37.4701,0.0000,10.9880,17.8740,22.8270,0.0000,0.0000,0.0000,4.1300,0.0000,0.0000,0.0000,0.0000,0.0000,13.6677,0.0000,0.0000,0.0000,0.0000,8.9738,8.1026,3.5687,0.0000,0.0000,0.0000,0.0000,0.0000,6.4922,0.0000,1.6561,0.0000,0.0000,0.0000,222.7500,0.0000,0.0000,0.0000,0.0000,0.0000,0.0000,0.0000,0.0000,0.0000,0.0000,0.0000,0.0000,7.0000,0.0000,0.0000,39.2300,0.0000,39.1000,0.0000,0.0000,0.0000,14.6700,0.0000,0.0000,0.0000,0.0000,6.1125,0.0000,71.0000,0.0000,42.0000,0.0000,0.0000,0.0000,11.7700,0.0000
42,53EnBYPL2024/03/06,BYPL,0.0000,0.0000,0.0000,0.0000,13.6440,0.0000,0.0000,0.0000,70.6807,0.0000,0.0000,43.3890,0.0000,0.0000,10.4455,0.0000,22.9108,65.2301,0.0000,0.0000,57.6000,0.0000,0.0000,0.0000,103.6200,0.0000,11.4099,0.0000,0.0000,0.0000,0.0000,0.0000,163.2814,0.0000,0.0000,3.6195,0.0000,30.0050,50.3832,330.9623,62.2424,2.7711,10.7671,6.7031,11.7856,37.4701,0.0000,10.9880,17.8740,22.8270,0.0000,0.0000,0.0000,4.1300,0.0000,0.0000,0.0000,0.0000,0.0000,13.6677,0.0000,0.0000,0.0000,0.0000,8.9738,8.1026,3.5687,0.0000,0.0000,0.0000,0.0000,0.0000,6.4922,0.0000,1.6561,0.0000,0.0000,0.0000,222.7500,0.0000,0.0000,0.0000,0.0000,0.0000,0.0000,0.0000,0.0000,0.0000,0.0000,0.0000,0.0000,7.0000,0.0000,0.0000,40.8300,0.0000,41.2000,0.0000,0.0000,0.0000,14.0000,0.0000,0.0000,0.0000,0.0000,6.1125,0.0000,76.0000,0.0000,44.0000,0.0000,0.0000,0.0000,12.6700,0.0000
43,53EnBYPL2024/03/06,BYPL,0.0000,0.0000,0.0000,0.0000,13.6440,0.0000,0.0000,0.0000,70.6807,0.0000,0.0000,43.3890,0.0000,0.0000,10.4455,0.0000,22.9108,65.2301,0.0000,0.0000,57.6000,0.0000,0.0000,0.0000,103.6200,0.0000,12.3332,0.0000,0.0000,0.0000,0.0000,0.0000,163.2814,0.0000,0.0000,3.6195,0.0000,30.0050,50.3832,330.9623,62.2424,2.7711,10.7671,6.7031,11.7856,37.4701,0.0000,10.9880,17.8740,22.8270,0.0000,0.0000,0.0000,4.1300,0.0000,0.0000,0.0000,0.0000,0.0000,13.6677,0.0000,0.0000,0.0000,0.0000,9.2532,8.1026,3.5687,0.0000,0.0000,0.0000,0.0000,0.0000,6.4922,0.0000,1.6561,0.0000,0.0000,0.0000,222.7500,0.0000,0.0000,0.0000,0.0000,0.0000,0.0000,0.0000,0.0000,0.0000,0.0000,0.0000,0.0000,7.0000,0.0000,0.0000,36.7300,0.0000,42.8000,0.0000,0.0000,0.0000,12.6700,0.0000,0.0000,0.0000,0.0000,6.1125,0.0000,81.0000,0.0000,45.0000,0.0000,0.0000,0.0000,13.2000,0.0000
44,53EnBYPL2024/03/06,BYPL,0.0000,0.0000,0.0000,0.0000,13.6440,0.0000,0.0000,0.0000,70.6807,0.0000,0.0000,43.3890,0.0000,0.0000,10.4455,0.0000,22.9108,65.2301,0.0000,0.0000,57.6000,0.0000,0.0000,0.0000,103.6200,0.0000,13.1165,0.0000,0.0000,0.0000,0.0000,0.0000,163.2814,0.0000,0.0000,3.6195,0.0000,30.0050,50.3832,330.9623,62.2424,2.7711,10.7671,6.7031,11.7856,37.4701,0.0000,10.9880,17.8740,22.8270,0.0000,0.0000,0.0000,4.1300,0.0000,0.0000,0.0000,0.0000,0.0000,13.6677,0.0000,0.0000,0.0000,0.0000,9.2532,8.1026,3.4519,0.0000,0.0000,0.0000,0.0000,0.0000,6.4922,0.0000,1.6561,0.0000,0.0000,0.0000,222.7500,0.0000,0.0000,0.0000,0.0000,0.0000,0.0000,0.0000,0.0000,0.0000,0.0000,0.0000,0.0000,7.0000,0.0000,0.0000,38.3900,0.0000,44.5000,0.0000,0.0000,0.0000,12.6700,0.0000,0.0000,0.0000,0.0000,6.1125,0.0000,81.0000,0.0000,45.0000,0.0000,0.0000,0.0000,13.8300,0.0000
45,53EnBYPL2024/03/06,BYPL,0.0000,0.0000,0.0000,0.0000,13.6440,0.0000,0.0000,0.0000,70.6807,0.0000,0.0000,43.3890,0.0000,0.0000,10.4455,0.0000,22.9108,65.2301,0.0000,0.0000,57.6000,0.0000,0.0000,0.0000,103.6200,0.0000,13.6732,0.0000,0.0000,0.0000,0.0000,0.0000,163.2814,0.0000,0.0000,3.6195,0.0000,30.0050,50.3832,330.9623,62.2424,2.7711,10.7671,6.7031,11.7856,37.4701,0.0000,10.9880,17.8740,22.8270,0.0000,0.0000,0.0000,4.1300,0.0000,0.0000,0.0000,0.0000,0.0000,13.6677,0.0000,0.0000,0.0000,0.0000,9.2532,8.1026,0.0000,0.0000,0.0000,0.0000,0.0000,0.0000,6.4922,0.0000,1.6561,0.0000,0.0000,0.0000,222.7500,0.0000,0.0000,0.0000,0.0000,0.0000,0.0000,0.0000,0.0000,0.0000,0.0000,0.0000,0.0000,7.0000,0.0000,0.0000,44.2300,0.0000,32.0000,0.0000,0.0000,0.0000,12.6700,0.0000,0.0000,0.0000,0.0000,6.1125,0.0000,82.0000,0.0000,45.0000,0.0000,0.0000,0.0000,15.1600,0.0000
46,53EnBYPL2024/03/06,BYPL,0.0000,0.0000,0.0000,0.0000,13.6440,0.0000,0.0000,0.0000,70.6807,0.0000,0.0000,43.3890,0.0000,0.0000,10.4455,0.0000,22.9108,65.2301,0.0000,0.0000,57.6000,0.0000,0.0000,0.0000,103.6200,0.0000,14.1765,0.0000,0.0000,0.0000,0.0000,0.0000,163.2814,0.0000,0.0000,3.6195,0.0000,30.0050,50.3832,330.9623,62.2424,2.7711,10.7671,6.7031,11.7856,37.4701,0.0000,10.9880,17.8740,22.8270,0.0000,0.0000,0.0000,4.1300,0.0000,0.0000,0.0000,0.0000,0.0000,13.6677,0.0000,0.0000,0.0000,0.0000,9.2532,8.1026,0.0000,0.0000,0.0000,0.0000,0.0000,0.0000,6.4922,0.0000,1.6561,0.0000,0.0000,0.0000,222.7500,0.0000,0.0000,0.0000,0.0000,0.0000,0.0000,0.0000,0.0000,0.0000,0.0000,0.0000,0.0000,7.0000,0.0000,0.0000,45.8900,0.0000,37.0000,0.0000,0.0000,0.0000,12.6700,0.0000,0.0000,0.0000,0.0000,6.1125,0.0000,82.0000,0.0000,45.0000,0.0000,0.0000,0.0000,15.3300,0.0000
47,53EnBYPL2024/03/06,BYPL,0.0000,0.0000,0.0000,0.0000,13.6440,0.0000,0.0000,0.0000,70.6807,0.0000,0.0000,43.3890,0.0000,0.0000,10.4455,0.0000,22.9108,65.2301,0.0000,0.0000,57.6000,0.0000,0.0000,0.0000,103.6200,0.0000,14.4499,0.0000,0.0000,0.0000,0.0000,0.0000,163.2814,0.0000,0.0000,3.6195,0.0000,30.0050,50.3832,330.9623,62.2424,2.7711,10.7671,6.7031,11.7856,37.4701,0.0000,10.9880,17.8740,22.8270,0.0000,0.0000,0.0000,4.1300,0.0000,0.0000,0.0000,0.0000,0.0000,13.6677,0.0000,0.0000,0.0000,0.0000,9.2532,8.1026,0.0000,0.0000,0.0000,0.0000,0.0000,0.0000,6.4922,0.0000,1.6561,0.0000,0.0000,0.0000,222.7500,0.0000,0.0000,0.0000,0.0000,0.0000,0.0000,0.0000,0.0000,0.0000,0.0000,0.0000,0.0000,7.0000,0.0000,0.0000,45.8900,0.0000,39.0000,0.0000,0.0000,0.0000,12.6700,0.0000,0.0000,0.0000,0.0000,6.1125,0.0000,78.0000,0.0000,43.0000,0.0000,0.0000,0.0000,15.3300,0.0000
48,53EnBYPL2024/03/06,BYPL,0.0000,0.0000,0.0000,0.0000,13.6440,0.0000,0.0000,0.0000,70.6807,0.0000,0.0000,43.3890,0.0000,0.0000,10.4455,0.0000,22.9108,65.2301,0.0000,0.0000,57.6000,0.0000,0.0000,0.0000,103.6200,0.0000,14.6199,0.0000,0.0000,0.0000,0.0000,0.0000,163.2814,0.0000,0.0000,3.6195,0.0000,30.0050,50.3832,330.9623,62.2424,2.7711,10.7671,6.7031,11.7856,37.4701,0.0000,10.9880,17.8740,22.8270,0.0000,0.0000,0.0000,4.1300,0.0000,0.0000,0.0000,0.0000,0.0000,13.6677,0.0000,0.0000,0.0000,0.0000,9.2532,8.1026,0.0000,0.0000,0.0000,0.0000,0.0000,0.0000,6.4922,0.0000,1.6561,0.0000,0.0000,0.0000,222.7500,0.0000,0.0000,0.0000,0.0000,0.0000,0.0000,0.0000,0.0000,0.0000,0.0000,0.0000,0.0000,7.0000,0.0000,0.0000,45.8900,0.0000,40.0000,0.0000,0.0000,0.0000,12.6700,0.0000,0.0000,0.0000,0.0000,6.1125,0.0000,78.0000,0.0000,43.0000,0.0000,0.0000,0.0000,15.3300,0.0000
49,53EnBYPL2024/03/06,BYPL,0.0000,0.0000,0.0000,0.0000,13.6440,0.0000,0.0000,0.0000,70.6807,0.0000,0.0000,43.3890,0.0000,0.0000,10.4455,0.0000,22.9108,65.2301,0.0000,0.0000,57.6000,0.0000,0.0000,0.0000,103.6200,0.0000,14.6932,0.0000,0.0000,0.0000,0.0000,0.0000,163.2814,0.0000,0.0000,3.6195,0.0000,30.0050,50.3832,330.9623,62.2424,2.7711,10.7671,6.7031,11.7856,37.4701,0.0000,10.9880,17.8740,22.8270,0.0000,0.0000,0.0000,4.1300,0.0000,0.0000,0.0000,0.0000,0.0000,13.6677,0.0000,0.0000,0.0000,0.0000,9.2532,8.1026,0.0000,0.0000,0.0000,0.0000,0.0000,0.0000,6.4922,0.0000,3.3122,0.0000,0.0000,0.0000,222.7500,0.0000,0.0000,0.0000,0.0000,0.0000,0.0000,0.0000,0.0000,0.0000,0.0000,0.0000,0.0000,7.0000,0.0000,0.0000,45.8900,0.0000,43.0000,0.0000,0.0000,0.0000,12.6700,0.0000,0.0000,0.0000,0.0000,6.1125,0.0000,81.0000,0.0000,45.0000,0.0000,0.0000,0.0000,15.3300,0.0000
50,53EnBYPL2024/03/06,BYPL,0.0000,0.0000,0.0000,0.0000,13.6440,0.0000,0.0000,0.0000,70.6807,0.0000,0.0000,43.3890,0.0000,0.0000,10.4455,0.0000,22.9108,65.2301,0.0000,0.0000,57.6000,0.0000,0.0000,0.0000,103.6200,0.0000,14.7132,0.0000,0.0000,0.0000,0.0000,0.0000,163.2814,0.0000,0.0000,3.6195,0.0000,30.0050,50.3832,330.9623,62.2424,2.7711,10.7671,6.7031,11.7856,37.4701,0.0000,10.9880,17.8740,22.8270,0.0000,0.0000,0.0000,4.1300,0.0000,0.0000,0.0000,0.0000,0.0000,13.6677,0.0000,0.0000,0.0000,0.0000,9.2532,8.1026,0.0000,0.0000,0.0000,0.0000,0.0000,0.0000,6.4922,0.0000,3.3122,0.0000,0.0000,0.0000,222.7500,0.0000,0.0000,0.0000,0.0000,0.0000,0.0000,0.0000,0.0000,0.0000,0.0000,0.0000,0.0000,7.0000,0.0000,0.0000,45.8900,0.0000,45.2000,0.0000,0.0000,0.0000,12.6700,0.0000,0.0000,0.0000,0.0000,6.1125,0.0000,81.0000,0.0000,45.0000,0.0000,0.0000,0.0000,15.3300,0.0000
51,53EnBYPL2024/03/06,BYPL,0.0000,0.0000,0.0000,0.0000,13.6440,0.0000,0.0000,0.0000,70.6807,0.0000,0.0000,43.3890,0.0000,0.0000,10.4455,0.0000,22.9108,65.2301,0.0000,0.0000,57.6000,0.0000,0.0000,0.0000,103.6200,0.0000,14.7132,0.0000,0.0000,0.0000,0.0000,0.0000,163.2814,0.0000,0.0000,3.6195,0.0000,30.0050,50.3832,330.9623,62.2424,2.7711,10.7671,6.7031,11.7856,37.4701,0.0000,10.9880,17.8740,22.8270,0.0000,0.0000,0.0000,4.1300,0.0000,0.0000,0.0000,0.0000,0.0000,13.6677,0.0000,0.0000,0.0000,0.0000,9.2532,8.1026,0.0000,0.0000,0.0000,0.0000,0.0000,0.0000,6.4922,0.0000,3.3122,0.0000,0.0000,0.0000,222.7500,0.0000,0.0000,0.0000,0.0000,0.0000,0.0000,0.0000,0.0000,0.0000,0.0000,0.0000,0.0000,7.0000,0.0000,0.0000,45.8900,0.0000,45.7000,0.0000,0.0000,0.0000,12.6700,0.0000,0.0000,0.0000,0.0000,6.1125,0.0000,82.0000,0.0000,45.0000,0.0000,0.0000,0.0000,15.3300,0.0000
52,53EnBYPL2024/03/06,BYPL,0.0000,0.0000,0.0000,0.0000,13.6440,0.0000,0.0000,0.0000,70.6807,0.0000,0.0000,43.3890,0.0000,0.0000,10.4455,0.0000,22.9108,65.2301,0.0000,0.0000,57.6000,0.0000,0.0000,0.0000,103.6200,0.0000,14.7132,0.0000,0.0000,0.0000,0.0000,0.0000,163.2814,0.0000,0.0000,3.6195,0.0000,30.0050,50.3832,330.9623,62.2424,2.7711,10.7671,6.7031,11.7856,37.4701,0.0000,10.9880,17.8740,22.8270,0.0000,0.0000,0.0000,4.1300,0.0000,0.0000,0.0000,0.0000,0.0000,13.6677,0.0000,0.0000,0.0000,0.0000,9.2532,8.1026,0.0000,0.0000,0.0000,0.0000,0.0000,0.0000,6.4922,0.0000,3.3122,0.0000,0.0000,0.0000,222.7500,0.0000,0.0000,0.0000,0.0000,0.0000,0.0000,0.0000,0.0000,0.0000,0.0000,0.0000,0.0000,7.0000,0.0000,0.0000,45.8900,0.0000,45.7000,0.0000,0.0000,0.0000,12.6700,0.0000,0.0000,0.0000,0.0000,6.1125,0.0000,82.0000,0.0000,45.0000,0.0000,0.0000,0.0000,15.3300,0.0000
53,53EnBYPL2024/03/06,BYPL,0.0000,0.0000,0.0000,0.0000,13.6440,0.0000,0.0000,0.0000,70.6807,0.0000,0.0000,43.3890,0.0000,0.0000,10.4455,0.0000,22.9108,65.2301,0.0000,0.0000,57.6000,0.0000,0.0000,0.0000,103.6200,0.0000,14.7132,0.0000,0.0000,0.0000,0.0000,0.0000,163.2814,0.0000,0.0000,3.6195,0.0000,30.0050,50.3832,330.9623,62.2424,2.7711,10.7671,6.7031,11.7856,37.4701,0.0000,10.9880,17.8740,22.8270,0.0000,0.0000,0.0000,4.1300,0.0000,0.0000,0.0000,0.0000,0.0000,13.6677,0.0000,0.0000,0.0000,0.0000,9.2532,8.1026,0.0000,0.0000,0.0000,0.0000,0.0000,0.0000,3.2461,0.0000,3.3122,0.0000,0.0000,0.0000,222.7500,0.0000,0.0000,0.0000,0.0000,0.0000,0.0000,0.0000,0.0000,0.0000,0.0000,0.0000,0.0000,7.0000,0.0000,0.0000,46.3300,0.0000,45.7000,0.0000,0.0000,0.0000,12.6700,0.0000,0.0000,0.0000,0.0000,6.1125,0.0000,82.0000,0.0000,45.0000,0.0000,0.0000,0.0000,15.3300,0.0000
54,53EnBYPL2024/03/06,BYPL,0.0000,0.0000,0.0000,0.0000,13.6440,0.0000,0.0000,0.0000,70.6807,0.0000,0.0000,43.3890,0.0000,0.0000,10.4455,0.0000,22.9108,65.2301,0.0000,0.0000,57.6000,0.0000,0.0000,0.0000,103.6200,0.0000,14.6732,0.0000,0.0000,0.0000,0.0000,0.0000,163.2814,0.0000,0.0000,3.6195,0.0000,30.0050,50.3832,330.9623,62.2424,2.7711,10.7671,6.7031,11.7856,37.4701,0.0000,10.9880,17.8740,22.8270,0.0000,0.0000,0.0000,4.1300,0.0000,0.0000,0.0000,0.0000,0.0000,13.6677,0.0000,0.0000,0.0000,0.0000,9.2532,8.1026,0.0000,0.0000,0.0000,0.0000,4.1859,0.0000,3.2461,0.0000,3.3122,0.0000,0.0000,0.0000,222.7500,0.0000,0.0000,0.0000,0.0000,0.0000,0.0000,0.0000,0.0000,0.0000,0.0000,0.0000,0.0000,7.0000,0.0000,0.0000,46.3300,0.0000,45.7000,0.0000,0.0000,0.0000,12.6700,0.0000,0.0000,0.0000,0.0000,6.1125,0.0000,82.0000,0.0000,45.0000,0.0000,0.0000,0.0000,15.3300,0.0000
55,53EnBYPL2024/03/06,BYPL,0.0000,0.0000,0.0000,0.0000,13.6440,0.0000,0.0000,0.0000,70.6807,0.0000,0.0000,43.3890,0.0000,0.0000,10.4455,0.0000,22.9108,65.2301,0.0000,0.0000,57.6000,0.0000,0.0000,0.0000,103.6200,0.0000,14.5699,0.0000,0.0000,0.0000,0.0000,0.0000,163.2814,0.0000,0.0000,3.6195,0.0000,30.0050,50.3832,330.9623,62.2424,2.7711,10.7671,6.7031,11.7856,37.4701,0.0000,10.9880,17.8740,22.8270,0.0000,0.0000,0.0000,4.1300,0.0000,0.0000,0.0000,0.0000,0.0000,13.6677,0.0000,0.0000,0.0000,0.0000,9.2532,8.1026,0.0000,0.0000,0.0000,0.0000,4.1859,0.0000,3.2461,0.0000,3.3122,0.0000,0.0000,0.0000,222.7500,0.0000,0.0000,0.0000,0.0000,0.0000,0.0000,0.0000,0.0000,0.0000,0.0000,0.0000,0.0000,7.0000,0.0000,0.0000,46.3300,0.0000,45.5000,0.0000,0.0000,0.0000,12.6700,0.0000,0.0000,0.0000,0.0000,6.1125,0.0000,82.0000,0.0000,45.0000,0.0000,0.0000,0.0000,15.3300,0.0000
56,53EnBYPL2024/03/06,BYPL,0.0000,0.0000,0.0000,0.0000,13.6440,0.0000,0.0000,0.0000,70.6807,0.0000,0.0000,43.3890,0.0000,0.0000,10.4455,0.0000,22.9108,65.2301,0.0000,0.0000,57.6000,0.0000,0.0000,0.0000,103.6200,0.0000,14.3999,0.0000,0.0000,0.0000,0.0000,0.0000,163.2814,0.0000,0.0000,3.6195,0.0000,30.0050,50.3832,330.9623,62.2424,2.7711,10.7671,6.7031,11.7856,37.4701,0.0000,10.9880,17.8740,22.8270,0.0000,0.0000,0.0000,4.1300,0.0000,0.0000,0.0000,0.0000,0.0000,13.6677,0.0000,0.0000,0.0000,0.0000,9.2532,8.1026,0.0000,0.0000,0.0000,0.0000,4.1859,0.0000,3.2461,0.0000,3.3122,0.0000,0.0000,0.0000,222.7500,0.0000,0.0000,0.0000,0.0000,0.0000,0.0000,0.0000,0.0000,0.0000,0.0000,0.0000,0.0000,7.0000,0.0000,0.0000,46.3300,0.0000,45.5000,0.0000,0.0000,0.0000,12.6700,0.0000,0.0000,0.0000,0.0000,6.1125,0.0000,82.0000,0.0000,45.0000,0.0000,0.0000,0.0000,15.3300,0.0000
57,53EnBYPL2024/03/06,BYPL,0.0000,0.0000,0.0000,0.0000,13.6440,0.0000,0.0000,0.0000,70.6807,0.0000,0.0000,43.3890,0.0000,0.0000,10.4455,0.0000,22.9108,65.2301,0.0000,0.0000,57.6000,0.0000,0.0000,0.0000,103.6200,0.0000,14.1765,0.0000,0.0000,0.0000,0.0000,0.0000,163.2814,0.0000,0.0000,3.6195,0.0000,30.0050,50.3832,330.9623,62.2424,2.7711,10.7671,6.7031,11.7856,37.4701,0.0000,10.9880,17.8740,22.8270,0.0000,0.0000,0.0000,4.1300,0.0000,0.0000,0.0000,0.0000,0.0000,13.6677,0.0000,0.0000,0.0000,0.0000,9.2532,8.1026,0.0000,0.0000,0.0000,0.0000,4.1859,0.0000,3.2461,0.0000,3.3122,0.0000,0.0000,0.0000,222.7500,0.0000,0.0000,0.0000,0.0000,0.0000,0.0000,0.0000,0.0000,0.0000,0.0000,0.0000,0.0000,7.0000,0.0000,0.0000,46.3300,0.0000,44.7000,0.0000,0.0000,0.0000,12.6700,0.0000,0.0000,0.0000,0.0000,6.1125,0.0000,82.0000,0.0000,45.0000,0.0000,0.0000,0.0000,14.3700,0.0000
58,53EnBYPL2024/03/06,BYPL,0.0000,0.0000,0.0000,0.0000,13.6440,0.0000,0.0000,0.0000,70.6807,0.0000,0.0000,43.3890,0.0000,0.0000,10.4455,0.0000,22.9108,65.2301,0.0000,0.0000,57.6000,0.0000,0.0000,0.0000,103.6200,0.0000,13.9032,0.0000,0.0000,0.0000,0.0000,0.0000,163.2814,0.0000,0.0000,3.6195,0.0000,30.0050,50.3832,330.9623,62.2424,2.7711,10.7671,6.7031,11.7856,37.4701,0.0000,10.9880,17.8740,22.8270,0.0000,0.0000,0.0000,4.1300,0.0000,0.0000,0.0000,0.0000,0.0000,13.6677,0.0000,0.0000,0.0000,0.0000,9.2532,8.1026,0.0000,0.0000,0.0000,0.0000,4.1859,0.0000,3.2461,0.0000,3.3122,0.0000,0.0000,0.0000,222.7500,0.0000,0.0000,0.0000,0.0000,0.0000,0.0000,0.0000,0.0000,0.0000,0.0000,0.0000,0.0000,7.0000,0.0000,0.0000,46.3300,0.0000,43.9000,0.0000,0.0000,0.0000,12.6700,0.0000,0.0000,0.0000,0.0000,6.1125,0.0000,81.0000,0.0000,45.0000,0.0000,0.0000,0.0000,14.3700,0.0000
59,53EnBYPL2024/03/06,BYPL,0.0000,0.0000,0.0000,0.0000,13.6440,0.0000,0.0000,0.0000,70.6807,0.0000,0.0000,43.3890,0.0000,0.0000,10.4455,0.0000,22.9108,65.2301,0.0000,0.0000,57.6000,0.0000,0.0000,0.0000,103.6200,0.0000,13.5799,0.0000,0.0000,0.0000,0.0000,0.0000,163.2814,0.0000,0.0000,2.9616,0.0000,30.0050,50.3832,330.9623,62.2424,2.7711,10.7671,6.7031,11.7856,37.4701,0.0000,10.9880,17.8740,22.8270,0.0000,0.0000,0.0000,4.1300,0.0000,0.0000,0.0000,0.0000,0.0000,13.6677,0.0000,0.0000,0.0000,0.0000,9.2532,8.1026,0.0000,0.0000,0.0000,0.0000,4.1859,0.0000,3.2461,0.0000,3.3122,0.0000,0.0000,0.0000,222.7500,0.0000,0.0000,0.0000,0.0000,0.0000,0.0000,0.0000,0.0000,0.0000,0.0000,0.0000,0.0000,7.0000,0.0000,0.0000,46.3300,0.0000,43.3000,0.0000,0.0000,0.0000,12.6700,0.0000,0.0000,0.0000,0.0000,6.1125,0.0000,75.0000,0.0000,42.0000,0.0000,0.0000,0.0000,14.3700,0.0000
60,53EnBYPL2024/03/06,BYPL,0.0000,0.0000,0.0000,0.0000,13.6440,0.0000,0.0000,0.0000,70.6807,0.0000,0.0000,43.3890,0.0000,0.0000,10.4455,0.0000,22.9108,65.2301,0.0000,0.0000,57.6000,0.0000,0.0000,0.0000,103.6200,0.0000,12.7765,0.0000,0.0000,0.0000,0.0000,0.0000,163.2814,0.0000,0.0000,2.9616,0.0000,30.0050,50.3832,330.9623,62.2424,2.7711,10.7671,6.7031,11.7856,37.4701,0.0000,10.9880,17.8740,22.8270,0.0000,0.0000,0.0000,4.1300,0.0000,0.0000,0.0000,0.0000,0.0000,13.6677,0.0000,0.0000,0.0000,0.0000,9.2532,8.1026,0.0000,0.0000,0.0000,0.0000,4.1859,0.0000,3.2461,0.0000,3.3122,0.0000,0.0000,0.0000,222.7500,0.0000,0.0000,0.0000,0.0000,0.0000,0.0000,0.0000,0.0000,0.0000,0.0000,0.0000,0.0000,7.0000,0.0000,0.0000,46.3300,0.0000,41.7000,0.0000,0.0000,0.0000,12.6700,0.0000,0.0000,0.0000,0.0000,6.1125,0.0000,75.0000,0.0000,43.0000,0.0000,0.0000,0.0000,14.3700,0.0000
61,53EnBYPL2024/03/06,BYPL,0.0000,0.0000,0.0000,0.0000,13.6440,0.0000,0.0000,0.0000,70.6807,0.0000,0.0000,43.3890,0.0000,0.0000,10.4455,0.0000,22.9108,65.2301,0.0000,0.0000,57.6000,0.0000,0.0000,0.0000,103.6200,0.0000,11.8165,0.0000,0.0000,0.0000,0.0000,0.0000,163.2814,0.0000,0.0000,2.9616,0.0000,30.0050,50.3832,330.9623,62.2424,2.7711,10.7671,6.7031,11.7856,37.4701,0.0000,10.9880,17.8740,22.8270,0.0000,0.0000,0.0000,4.1300,0.0000,0.0000,0.0000,0.0000,0.0000,13.6677,0.0000,0.0000,0.0000,0.0000,9.2532,8.1026,0.0000,0.0000,0.0000,0.0000,4.1859,0.0000,3.2461,0.0000,3.3122,0.0000,0.0000,0.0000,222.7500,0.0000,0.0000,0.0000,0.0000,0.0000,0.0000,0.0000,0.0000,0.0000,0.0000,0.0000,0.0000,7.0000,0.0000,0.0000,45.3900,0.0000,40.6000,0.0000,0.0000,0.0000,12.6700,0.0000,0.0000,0.0000,0.0000,6.1125,0.0000,72.0000,0.0000,40.0000,0.0000,0.0000,0.0000,14.3700,0.0000
62,53EnBYPL2024/03/06,BYPL,0.0000,0.0000,0.0000,0.0000,13.6440,0.0000,0.0000,0.0000,70.6807,0.0000,0.0000,43.3890,0.0000,0.0000,10.4455,0.0000,22.9108,65.2301,0.0000,0.0000,57.6000,0.0000,0.0000,0.0000,103.6200,0.0000,10.7499,0.0000,0.0000,0.0000,0.0000,0.0000,163.2814,0.0000,0.0000,2.9616,0.0000,30.0050,50.3832,330.9623,62.2424,2.7711,10.7671,6.7031,11.7856,37.4701,0.0000,10.9880,17.8740,22.8270,0.0000,0.0000,0.0000,4.1300,0.0000,0.0000,0.0000,0.0000,0.0000,13.6677,0.0000,0.0000,0.0000,0.0000,9.2532,8.1026,0.0000,0.0000,0.0000,0.0000,4.1859,0.0000,3.2461,0.0000,3.3122,0.0000,0.0000,0.0000,222.7500,0.0000,0.0000,0.0000,0.0000,0.0000,0.0000,0.0000,0.0000,0.0000,0.0000,0.0000,0.0000,7.0000,0.0000,0.0000,44.7100,0.0000,38.5000,0.0000,0.0000,0.0000,12.6700,0.0000,0.0000,0.0000,0.0000,6.1125,0.0000,67.0000,0.0000,37.0000,0.0000,0.0000,0.0000,14.2400,0.0000
63,53EnBYPL2024/03/06,BYPL,0.0000,0.0000,0.0000,0.0000,13.6440,0.0000,0.0000,0.0000,70.6807,0.0000,0.0000,43.3890,0.0000,0.0000,10.4455,0.0000,22.9108,65.2301,0.0000,0.0000,57.6000,0.0000,0.0000,0.0000,103.6200,0.0000,9.6299,0.0000,0.0000,0.0000,0.0000,0.0000,163.2814,0.0000,0.0000,2.9616,0.0000,30.0050,50.3832,330.9623,62.2424,2.7711,10.7671,6.7031,11.7856,37.4701,0.0000,10.9880,17.8740,22.8270,0.0000,0.0000,0.0000,4.1300,0.0000,0.0000,0.0000,0.0000,0.0000,13.6677,0.0000,0.0000,0.0000,0.0000,9.2532,8.1026,0.0000,0.0000,0.0000,0.0000,4.1859,0.0000,3.2461,0.0000,1.6561,0.0000,0.0000,0.0000,222.7500,0.0000,0.0000,0.0000,0.0000,0.0000,0.0000,0.0000,0.0000,0.0000,0.0000,0.0000,0.0000,7.0000,0.0000,0.0000,41.7000,0.0000,36.3000,0.0000,0.0000,0.0000,12.6700,0.0000,0.0000,0.0000,0.0000,6.1125,0.0000,66.0000,0.0000,36.0000,0.0000,0.0000,0.0000,13.3400,0.0000
64,53EnBYPL2024/03/06,BYPL,0.0000,0.0000,0.0000,0.0000,13.6440,0.0000,0.0000,0.0000,70.6807,0.0000,0.0000,43.3890,0.0000,0.0000,10.4455,0.0000,22.9108,65.2301,0.0000,0.0000,57.6000,0.0000,0.0000,0.0000,103.6200,0.0000,8.4399,0.0000,0.0000,0.0000,0.0000,0.0000,163.2814,0.0000,0.0000,2.9616,0.0000,30.0050,50.3832,330.9623,62.2424,2.7711,10.7671,6.7031,11.7856,37.4701,0.0000,10.9880,17.8740,22.8270,0.0000,0.0000,0.0000,4.1300,0.0000,0.0000,0.0000,0.0000,0.0000,13.6677,0.0000,0.0000,0.0000,0.0000,9.2532,8.1026,0.0000,0.0000,0.0000,0.0000,4.1859,0.0000,3.2461,0.0000,1.6561,0.0000,0.0000,0.0000,222.7500,0.0000,0.0000,0.0000,0.0000,0.0000,0.0000,0.0000,0.0000,0.0000,0.0000,0.0000,0.0000,7.0000,0.0000,0.0000,38.5100,0.0000,33.2000,0.0000,0.0000,0.0000,12.6700,0.0000,0.0000,0.0000,0.0000,6.1125,0.0000,60.0000,0.0000,33.0000,0.0000,0.0000,0.0000,12.4900,0.0000
65,53EnBYPL2024/03/06,BYPL,0.0000,0.0000,0.0000,0.0000,13.6440,0.0000,0.0000,0.0000,70.6807,0.0000,0.0000,43.3890,0.0000,0.0000,10.4455,0.0000,22.9108,65.2301,0.0000,0.0000,57.6000,0.0000,0.0000,0.0000,103.6200,0.0000,7.2099,0.0000,0.0000,0.0000,0.0000,0.0000,163.2814,0.0000,0.0000,2.9616,0.0000,30.0050,50.3832,330.9623,62.2424,2.7711,10.7671,6.7031,11.7856,37.4701,0.0000,10.9880,17.8740,22.8270,0.0000,0.0000,0.0000,4.1300,0.0000,0.0000,0.0000,0.0000,0.0000,13.6677,0.0000,0.0000,0.0000,0.0000,9.2532,8.1026,0.0000,0.0000,0.0000,0.0000,4.1859,0.0000,3.2461,0.0000,1.6561,0.0000,0.0000,0.0000,222.7500,0.0000,0.0000,0.0000,0.0000,0.0000,0.0000,0.0000,0.0000,0.0000,0.0000,0.0000,0.0000,6.5000,0.0000,0.0000,38.8100,0.0000,33.4000,0.0000,0.0000,0.0000,12.6700,0.0000,0.0000,0.0000,0.0000,6.1125,0.0000,53.0000,0.0000,29.0000,0.0000,0.0000,0.0000,11.3500,0.0000
66,53EnBYPL2024/03/06,BYPL,0.0000,0.0000,0.0000,0.0000,13.6440,0.0000,0.0000,0.0000,70.6807,0.0000,0.0000,43.3890,0.0000,0.0000,10.4455,0.0000,22.9108,65.2301,0.0000,0.0000,57.6000,0.0000,0.0000,0.0000,103.6200,0.0000,5.8999,0.0000,0.0000,0.0000,0.0000,0.0000,163.2814,0.0000,0.0000,2.9616,0.0000,30.0050,50.3832,330.9623,62.2424,2.7711,10.7671,6.7031,11.7856,37.4701,0.0000,10.9880,17.8740,22.8270,0.0000,0.0000,0.0000,4.1300,0.0000,0.0000,0.0000,0.0000,0.0000,13.6677,0.0000,0.0000,0.0000,0.0000,9.2532,8.1026,0.0000,0.0000,0.0000,0.0000,4.1859,0.0000,3.2461,0.0000,1.6561,0.0000,0.0000,0.0000,222.7500,0.0000,0.0000,0.0000,0.0000,0.0000,0.0000,0.0000,0.0000,0.0000,0.0000,0.0000,0.0000,6.5000,0.0000,0.0000,35.4200,0.0000,30.0000,0.0000,0.0000,0.0000,12.6700,0.0000,0.0000,0.0000,0.0000,6.1125,0.0000,46.0000,0.0000,25.0000,0.0000,0.0000,0.0000,10.2100,0.0000
67,53EnBYPL2024/03/06,BYPL,0.0000,0.0000,0.0000,0.0000,13.6440,0.0000,0.0000,0.0000,70.6807,0.0000,0.0000,43.3890,0.0000,0.0000,10.4455,0.0000,22.9108,65.2301,5.6515,0.0000,57.6000,0.0000,0.0000,0.0000,103.6200,0.0000,4.7466,0.0000,0.0000,0.0000,0.0000,0.0000,163.2814,0.0000,0.0000,2.9616,0.0000,30.0050,50.3832,330.9623,62.2424,2.7711,10.7671,6.7031,11.7856,37.4701,0.0000,10.9880,17.8740,22.8270,0.0000,0.0000,0.0000,4.1300,0.0000,0.0000,0.0000,0.0000,0.0000,13.6677,0.0000,0.0000,0.0000,0.0000,9.2532,8.1026,0.0000,0.0000,0.0000,0.0000,4.1859,0.0000,3.2461,0.0000,1.6561,0.0000,0.0000,0.0000,222.7500,0.0000,0.0000,0.0000,0.0000,0.0000,0.0000,0.0000,0.0000,0.0000,0.0000,0.0000,0.0000,6.5000,0.0000,0.0000,31.8500,0.0000,26.3000,0.0000,0.0000,0.0000,12.6700,0.0000,0.0000,0.0000,0.0000,6.1125,0.0000,39.0000,0.0000,21.0000,0.0000,0.0000,0.0000,9.0500,0.0000
68,53EnBYPL2024/03/06,BYPL,0.0000,0.0000,0.0000,0.0000,13.6440,0.0000,0.0000,0.0000,70.6807,0.0000,0.0000,43.3890,0.0000,0.0000,10.4455,0.0000,22.9108,65.2301,11.4249,0.0000,57.6000,0.0000,0.0000,0.0000,103.6200,0.0000,3.6033,0.0000,0.0000,0.0000,0.0000,0.0000,163.2814,0.0000,0.0000,2.9616,0.0000,30.0050,50.3832,330.9623,62.2424,2.7711,10.7671,6.7031,11.7856,37.4701,0.0000,10.9880,17.8740,22.8270,0.0000,0.0000,0.0000,4.1300,0.0000,0.0000,0.0000,0.0000,0.0000,13.6677,0.0000,0.0000,0.0000,0.0000,9.2532,8.1026,3.5687,0.0000,0.0000,0.0000,4.1859,0.0000,3.2461,0.0000,1.6561,0.0000,0.0000,0.0000,222.7500,0.0000,0.0000,0.0000,0.0000,0.0000,0.0000,0.0000,0.0000,0.0000,0.0000,0.0000,0.0000,6.5000,0.0000,0.0000,27.9500,0.0000,22.5000,0.0000,0.0000,0.0000,12.6700,0.0000,0.0000,0.0000,0.0000,6.1125,0.0000,31.0000,0.0000,17.0000,0.0000,0.0000,0.0000,7.7200,0.0000
69,53EnBYPL2024/03/06,BYPL,0.0000,0.0000,0.0000,0.0000,13.6440,0.0000,0.0000,0.0000,70.6807,0.0000,0.0000,43.3890,0.0000,0.0000,10.4455,0.0000,22.9108,65.2301,17.8232,0.0000,57.6000,0.0000,0.0000,0.0000,103.6200,0.0000,2.8233,0.0000,0.0000,0.0000,0.0000,0.0000,163.2814,0.0000,0.0000,2.9616,0.0000,30.0050,50.3832,330.9623,62.2424,2.7711,10.7671,6.7031,11.7856,37.4701,0.0000,10.9880,17.8740,22.8270,0.0000,0.0000,0.0000,4.1300,0.0000,0.0000,0.0000,0.0000,0.0000,13.6677,0.0000,0.0000,0.0000,0.0000,9.2532,8.1026,3.5687,3.3452,0.0000,0.0000,4.1859,0.0000,3.2461,1.4961,1.6561,0.0000,0.0000,0.0000,222.7500,0.0000,0.0000,0.0000,0.0000,0.0000,0.0000,0.0000,0.0000,0.0000,0.0000,0.0000,0.0000,6.5000,0.0000,0.0000,23.6400,0.0000,17.5000,0.0000,0.0000,0.0000,12.6700,0.0000,0.0000,0.0000,0.0000,6.1125,0.0000,25.0000,0.0000,13.0000,0.0000,0.0000,0.0000,6.3000,0.0000
70,53EnBYPL2024/03/06,BYPL,0.0000,0.0000,0.0000,0.0000,13.6440,0.0000,0.0000,0.0000,70.6807,0.0000,0.0000,43.3890,0.0000,0.0000,10.4455,0.0000,22.9108,65.2301,22.9235,0.0000,57.6000,0.0000,0.0000,0.0000,103.6200,0.0000,1.9166,0.0000,0.0000,0.0000,0.0000,0.0000,163.2814,0.0000,0.0000,2.9616,0.0000,30.0050,50.3832,330.9623,62.2424,2.7711,10.7671,6.7031,11.7856,37.4701,0.0000,10.9880,17.8740,22.8270,0.0000,0.0000,0.0000,4.1300,0.0000,0.0000,0.0000,0.0000,0.0000,13.6677,0.0000,0.0000,0.0000,0.0000,9.2532,8.1026,7.1374,3.3452,2.4587,2.0142,4.1859,0.0000,3.2461,1.4961,1.6561,0.0000,0.0000,0.0000,222.7500,0.0000,0.0000,0.0000,0.0000,0.0000,0.0000,0.0000,0.0000,0.0000,0.0000,0.0000,0.0000,6.5000,0.0000,0.0000,18.7700,0.0000,12.0000,0.0000,0.0000,0.0000,12.6700,0.0000,0.0000,0.0000,0.0000,6.1125,0.0000,19.0000,0.0000,8.0000,0.0000,0.0000,0.0000,4.8700,0.0000
71,53EnBYPL2024/03/06,BYPL,0.0000,0.0000,0.0000,0.0000,13.6440,0.0000,0.0000,0.0000,70.6807,0.0000,0.0000,43.3890,0.0000,0.0000,10.4455,0.0000,22.9108,65.2301,26.4592,0.0000,57.6000,0.0000,0.0000,0.0000,103.6200,0.0000,1.2500,0.0000,0.0000,0.0000,0.0000,0.0000,163.2814,0.0000,0.0000,2.9616,0.0000,30.0050,50.3832,330.9623,62.2424,2.7711,10.7671,6.7031,11.7856,37.4701,0.0000,11.0947,17.8740,22.8270,0.0000,0.0000,0.0000,4.1300,0.0000,0.0000,0.0000,0.0000,0.0000,13.6677,0.0000,0.0000,0.0000,0.0000,9.2532,8.1026,10.7061,6.6904,4.9174,4.5974,8.3718,0.0000,12.9870,1.4326,1.6561,0.0000,0.0000,0.0000,222.7500,0.0000,0.0000,0.0000,0.0000,0.0000,0.0000,0.0000,0.0000,0.0000,0.0000,0.0000,0.0000,6.5000,0.0000,0.0000,14.2300,0.0000,9.0000,0.0000,0.0000,0.0000,12.6700,0.0000,0.0000,0.0000,0.0000,6.1591,0.0000,15.0000,0.0000,6.0000,0.0000,0.0000,0.0000,3.5300,0.0000
72,53EnBYPL2024/03/06,BYPL,0.0000,0.0000,0.0000,0.0000,13.6440,0.0000,0.0000,0.0000,70.6807,0.0000,0.0000,43.3890,0.0000,0.0000,10.4455,0.0000,22.9108,65.2301,29.7053,0.0000,57.6000,0.0000,0.0000,0.0000,103.6200,0.0000,0.7167,0.0000,0.0000,0.0000,0.0000,0.0000,163.2814,0.0000,0.0000,2.9616,0.0000,30.0050,50.3832,330.9623,62.2424,2.7711,10.7671,6.7031,11.7856,37.4701,0.0000,11.0947,17.8740,22.8270,0.0000,0.0000,0.0000,4.2672,0.0000,0.0000,0.0000,0.0000,0.0000,13.6677,0.0000,0.0000,0.0000,0.0000,9.2532,8.1026,10.7061,10.0355,7.3812,6.9596,8.3718,0.0000,12.9870,1.4326,4.9682,0.0000,0.0000,0.0000,222.7500,0.0000,0.0000,0.0000,0.0000,0.0000,0.0000,0.0000,0.0000,0.0000,0.0000,0.0000,0.0000,6.5000,0.0000,0.0000,9.9100,0.0000,5.0000,0.0000,0.0000,0.0000,12.6700,0.0000,0.0000,0.0000,0.0000,6.1591,0.0000,7.0000,0.0000,3.0000,0.0000,0.0000,0.0000,2.2600,0.0000
73,53EnBYPL2024/03/06,BYPL,0.0000,0.0000,0.0000,0.0000,13.6440,0.0000,0.0000,0.0000,70.6807,0.0000,0.0000,43.3890,0.0000,0.0000,10.4455,0.0000,22.9108,65.2301,29.7053,0.0000,57.6000,0.0000,0.0000,0.0000,103.6200,0.0000,0.3233,0.0000,0.0000,0.0000,0.0000,0.0000,163.2814,0.0000,0.0000,2.9616,0.0000,30.0050,50.3832,330.9623,62.2424,2.7711,10.7671,6.7031,11.7856,37.4701,0.0000,11.0947,17.8740,22.8270,0.0000,0.0000,0.0000,4.2672,0.0000,0.0000,0.0000,0.0000,0.0000,13.6677,0.0000,0.0000,0.0000,0.0000,9.2532,8.1026,10.7061,10.0355,7.3812,6.9596,8.3718,0.0000,12.9870,0.0000,4.9682,0.0000,0.0000,0.0000,222.7500,0.0000,0.0000,0.0000,0.0000,0.0000,0.0000,0.0000,0.0000,0.0000,0.0000,0.0000,0.0000,6.5000,0.0000,0.0000,5.8800,0.0000,3.0000,0.0000,0.0000,0.0000,12.6700,0.0000,0.0000,0.0000,0.0000,6.1591,0.0000,3.0000,0.0000,1.0000,0.0000,0.0000,0.0000,1.1700,0.0000
74,53EnBYPL2024/03/06,BYPL,0.0000,0.0000,0.0000,0.0000,13.6440,0.0000,0.0000,0.0000,70.6807,0.0000,0.0000,43.3890,0.0000,0.0000,10.4455,0.0000,22.9108,65.2301,29.7053,0.0000,57.6000,0.0000,0.0000,0.0000,103.6200,0.0000,0.1100,0.0000,0.0000,0.0000,0.0000,0.0000,163.2814,0.0000,0.0000,2.9616,0.0000,30.0050,50.3832,330.9623,62.2424,2.7711,10.7671,6.7031,11.7856,37.4701,0.0000,11.0947,17.8740,22.8270,0.0000,0.0000,0.0000,4.2672,0.0000,0.0000,0.0000,0.0000,0.0000,13.6677,0.0000,0.0000,0.0000,0.0000,9.2532,8.1026,10.7061,10.0355,7.3812,6.9621,8.3718,0.0000,12.9870,0.0000,4.9682,0.0000,0.0000,0.0000,222.7500,0.0000,0.0000,0.0000,0.0000,0.0000,0.0000,0.0000,0.0000,0.0000,0.0000,0.0000,0.0000,6.5000,0.0000,0.0000,2.5500,0.0000,1.0000,0.0000,0.0000,0.0000,12.6700,0.0000,0.0000,0.0000,0.0000,6.1591,0.0000,1.0000,0.0000,200.0000,0.0000,0.0000,0.0000,0.3900,0.0000
75,53EnBYPL2024/03/06,BYPL,0.0000,0.0000,0.0000,0.0000,13.6440,0.0000,0.0000,0.0000,70.6807,0.0000,0.0000,43.3890,0.0000,0.0000,10.4455,0.0000,22.9108,65.2301,29.7053,0.0000,57.6000,0.0000,0.0000,0.0000,103.6200,0.0000,0.0000,0.0000,0.0000,0.0000,0.0000,0.0000,163.2814,0.0000,0.0000,3.2842,0.0000,30.0050,50.3832,330.9623,62.2424,2.7711,10.7671,6.7031,11.7856,37.4701,0.0000,11.0947,17.8740,22.8270,0.0000,0.0000,0.0000,4.2672,0.0000,0.0000,0.0000,0.0000,0.0000,13.6677,0.0000,0.0000,0.0000,0.0000,9.2532,8.1026,10.7061,10.0355,7.3812,6.9621,8.3718,0.0000,12.9870,0.0000,4.9682,0.0000,0.0000,0.0000,222.7500,0.0000,0.0000,0.0000,0.0000,0.0000,0.0000,0.0000,0.0000,0.0000,0.0000,0.0000,0.0000,6.5000,0.0000,0.0000,0.5700,0.0000,200.0000,0.0000,0.0000,0.0000,12.6700,0.0000,0.0000,0.0000,0.0000,6.1591,0.0000,300.0000,0.0000,200.0000,0.0000,0.0000,0.0000,0.0100,0.0000
76,53EnBYPL2024/03/06,BYPL,0.0000,0.0000,0.0000,0.0000,13.6440,0.0000,0.0000,0.0000,70.6807,0.0000,0.0000,43.3890,0.0000,0.0000,10.4455,0.0000,22.9108,65.2301,26.4592,0.0000,57.6000,0.0000,0.0000,0.0000,103.6200,0.0000,0.0000,0.0000,0.0000,0.0000,0.0000,0.0000,163.2814,0.0000,0.0000,3.2842,0.0000,30.0050,50.3832,330.9623,62.2424,2.7711,10.7671,6.7031,11.7856,37.4701,0.0000,11.0947,17.8740,22.8270,0.0000,0.0000,0.0000,4.2672,0.0000,0.0000,0.0000,0.0000,0.0000,13.6677,0.0000,0.0000,0.0000,0.0000,9.2532,8.1026,10.7061,10.0355,7.3812,4.6406,8.3718,0.0000,12.9870,0.0000,4.9682,0.0000,0.0000,0.0000,222.7500,0.0000,0.0000,0.0000,0.0000,0.0000,0.0000,0.0000,0.0000,0.0000,0.0000,0.0000,0.0000,6.5000,0.0000,0.0000,300.0000,0.0000,200.0000,0.0000,0.0000,0.0000,12.6700,0.0000,0.0000,0.0000,0.0000,6.1591,0.0000,300.0000,0.0000,200.0000,0.0000,0.0000,0.0000,100.0000,0.0000
77,53EnBYPL2024/03/06,BYPL,0.0000,0.0000,0.0000,0.0000,13.6440,0.0000,0.0000,0.0000,70.6807,0.0000,0.0000,43.3890,0.0000,0.0000,10.4455,0.0000,22.9108,65.2301,19.2913,0.0000,57.6000,0.0000,0.0000,0.0000,103.6200,0.0000,0.0000,0.0000,0.0000,0.0000,0.0000,0.0000,163.2814,0.0000,0.0000,3.3884,0.0000,30.0050,50.3832,330.9623,62.2424,2.7711,10.7671,6.7031,11.7856,37.4701,0.0000,11.0947,17.8740,22.8270,0.0000,0.0000,0.0000,4.2672,0.0000,0.0000,0.0000,0.0000,0.0000,13.6677,0.0000,0.0000,0.0000,0.0000,9.2532,8.1026,10.7061,10.0355,7.3812,2.3139,8.3718,0.0000,3.8379,0.0000,4.9682,0.0000,0.0000,0.0000,222.7500,0.0000,0.0000,0.0000,0.0000,0.0000,0.0000,0.0000,0.0000,0.0000,0.0000,0.0000,0.0000,6.5000,0.0000,0.0000,300.0000,0.0000,200.0000,0.0000,0.0000,0.0000,12.6700,0.0000,0.0000,0.0000,0.0000,6.1591,0.0000,300.0000,0.0000,200.0000,0.0000,0.0000,0.0000,100.0000,0.0000
78,53EnBYPL2024/03/06,BYPL,0.0000,0.0000,0.0000,0.0000,13.6440,0.0000,0.0000,0.0000,70.6807,0.0000,0.0000,43.3890,0.0000,0.0000,10.4455,0.0000,22.9108,65.2301,14.6736,0.0000,57.6000,0.0000,0.0000,0.0000,103.6200,0.0000,0.0000,0.0000,0.0000,0.0000,0.0000,0.0000,163.2814,0.0000,0.0000,3.3884,0.0000,30.0050,50.3832,330.9623,62.2424,2.7711,10.7671,6.7031,11.7856,37.4701,0.0000,11.0947,17.8740,22.8270,0.0000,0.0000,0.0000,4.1300,0.0000,0.0000,0.0000,0.0000,0.0000,13.6677,0.0000,0.0000,0.0000,0.0000,9.2532,8.1026,10.7061,10.0355,4.9174,2.0142,4.1859,0.0000,3.2461,0.0000,3.3122,0.0000,0.0000,0.0000,222.7500,0.0000,0.0000,0.0000,0.0000,0.0000,0.0000,0.0000,0.0000,0.0000,0.0000,0.0000,0.0000,6.5000,0.0000,0.0000,300.0000,0.0000,200.0000,0.0000,0.0000,0.0000,12.6700,0.0000,0.0000,0.0000,0.0000,6.1591,0.0000,300.0000,0.0000,200.0000,0.0000,0.0000,0.0000,100.0000,0.0000
79,53EnBYPL2024/03/06,BYPL,0.0000,0.0000,0.0000,0.0000,13.6440,0.0000,0.0000,0.0000,70.6807,0.0000,0.0000,43.3890,0.0000,0.0000,10.4455,0.0000,22.9108,65.2301,7.2161,0.0000,57.6000,0.0000,0.0000,0.0000,103.6200,0.0000,0.0000,0.0000,0.0000,0.0000,0.0000,0.0000,163.2814,0.0000,0.0000,3.3884,0.0000,30.0050,50.3832,330.9623,62.2424,2.7711,10.7671,6.7031,11.7856,37.4701,0.0000,10.9880,17.8740,22.8270,0.0000,0.0000,0.0000,4.1300,0.0000,0.0000,0.0000,0.0000,0.0000,13.6677,0.0000,0.0000,0.0000,0.0000,9.2532,8.1026,10.7061,6.6904,2.4587,2.3139,4.1859,0.0000,3.2461,0.0000,3.3122,0.0000,0.0000,0.0000,222.7500,0.0000,0.0000,0.0000,0.0000,0.0000,0.0000,0.0000,0.0000,0.0000,0.0000,0.0000,0.0000,6.5000,0.0000,0.0000,300.0000,0.0000,200.0000,0.0000,0.0000,0.0000,23.3000,0.0000,0.0000,0.0000,0.0000,6.1591,0.0000,300.0000,0.0000,200.0000,0.0000,0.0000,0.0000,100.0000,0.0000
80,53EnBYPL2024/03/06,BYPL,0.0000,0.0000,0.0000,0.0000,13.6440,0.0000,0.0000,0.0000,70.6807,0.0000,0.0000,43.3890,0.0000,0.0000,10.4455,0.0000,22.9108,65.2301,0.0000,0.0000,57.6000,0.0000,0.0000,0.0000,103.6200,0.0000,0.0000,0.0000,0.0000,0.0000,0.0000,0.0000,163.2814,0.0000,0.0000,3.5306,0.0000,30.0050,50.3832,330.9623,62.2424,2.7711,10.7671,6.7031,11.7856,37.4701,0.0000,10.9880,17.8740,22.8270,0.0000,0.0000,0.0000,4.1300,0.0000,0.0000,0.0000,0.0000,0.0000,13.6677,0.0000,0.0000,0.0000,0.0000,9.2532,8.1026,7.1374,6.6904,2.4587,2.3139,4.1859,0.0000,3.2461,0.0000,3.3122,0.0000,0.0000,0.0000,222.7500,0.0000,0.0000,0.0000,0.0000,0.0000,0.0000,0.0000,0.0000,0.0000,0.0000,0.0000,0.0000,6.7800,0.0000,0.0000,300.0000,0.0000,200.0000,0.0000,0.0000,0.0000,29.4200,0.0000,0.0000,0.0000,0.0000,6.2058,0.0000,300.0000,0.0000,200.0000,0.0000,0.0000,0.0000,100.0000,0.0000
81,53EnBYPL2024/03/06,BYPL,0.0000,0.0000,0.0000,0.0000,13.6440,0.0000,0.0000,0.0000,70.6807,0.0000,0.0000,43.3890,0.0000,0.0000,10.4455,0.0000,22.9108,65.2301,0.0000,0.0000,57.6000,0.0000,0.0000,0.0000,103.6200,0.0000,0.0000,0.0000,0.0000,0.0000,0.0000,0.0000,163.2814,0.0000,0.0000,3.6195,0.0000,30.0050,50.3832,330.9623,62.2424,2.7711,10.7671,6.7031,11.7856,37.4701,0.0000,10.9880,17.8740,22.8270,0.0000,0.0000,0.0000,4.1300,0.0000,0.0000,0.0000,0.0000,0.0000,13.6677,0.0000,0.0000,0.0000,0.0000,9.2532,8.1026,7.1374,3.3452,2.4587,2.3139,4.1859,0.0000,3.2461,0.0000,1.6561,0.0000,0.0000,0.0000,227.2500,0.0000,0.0000,0.0000,0.0000,0.0000,0.0000,0.0000,0.0000,0.0000,0.0000,0.0000,0.0000,10.8800,0.0000,0.0000,300.0000,0.0000,200.0000,0.0000,0.0000,0.0000,31.4800,0.0000,0.0000,0.0000,0.0000,6.2058,0.0000,300.0000,0.0000,200.0000,0.0000,0.0000,0.0000,100.0000,0.0000
82,53EnBYPL2024/03/06,BYPL,0.0000,0.0000,0.0000,0.0000,13.6440,0.0000,0.0000,0.0000,70.6807,0.0000,0.0000,43.3890,0.0000,0.0000,10.4455,0.0000,22.9108,65.2301,0.0000,0.0000,57.6000,0.0000,0.0000,0.0000,103.6200,0.0000,0.0000,0.0000,0.0000,0.0000,0.0000,0.0000,163.2814,0.0000,0.0000,3.6195,0.0000,30.0050,50.3832,330.9623,62.2424,2.7711,10.7671,6.7031,11.7856,37.4701,0.0000,10.9880,17.8740,22.8270,0.0000,0.0000,0.0000,4.1300,0.0000,0.0000,0.0000,0.0000,0.0000,13.6677,0.0000,0.0000,0.0000,0.0000,9.2532,8.1026,3.5687,3.3452,0.0000,0.0000,4.1859,0.0000,3.2461,0.0000,1.6561,0.0000,0.0000,0.0000,227.2500,0.0000,0.0000,0.0000,0.0000,0.0000,0.0000,0.0000,0.0000,0.0000,0.0000,0.0000,0.0000,12.3500,0.0000,0.0000,300.0000,0.0000,200.0000,0.0000,0.0000,0.0000,33.4700,0.0000,0.0000,0.0000,0.0000,6.2058,0.0000,300.0000,0.0000,200.0000,0.0000,0.0000,0.0000,100.0000,0.0000
83,53EnBYPL2024/03/06,BYPL,0.0000,0.0000,0.0000,0.0000,13.6440,0.0000,0.0000,0.0000,70.6807,0.0000,0.0000,43.3890,0.0000,0.0000,10.4455,0.0000,22.9108,65.2301,0.0000,0.0000,57.6000,0.0000,0.0000,0.0000,103.6200,0.0000,0.0000,0.0000,0.0000,0.0000,0.0000,0.0000,163.2814,0.0000,0.0000,3.6195,0.0000,30.0050,50.3832,330.9623,62.2424,2.7711,10.7671,6.7031,11.7856,37.4701,0.0000,10.9880,17.8740,22.8270,0.0000,0.0000,0.0000,4.1300,0.0000,0.0000,0.0000,0.0000,0.0000,13.6677,0.0000,0.0000,0.0000,0.0000,9.2532,8.1026,3.5687,3.3452,0.0000,0.0000,4.1859,0.0000,3.2461,0.0000,1.6561,0.0000,0.0000,0.0000,227.2500,0.0000,0.0000,0.0000,0.0000,0.0000,0.0000,0.0000,0.0000,0.0000,0.0000,0.0000,0.0000,12.7100,0.0000,0.0000,300.0000,0.0000,200.0000,0.0000,0.0000,0.0000,32.0200,0.0000,0.0000,0.0000,0.0000,6.2058,0.0000,300.0000,0.0000,200.0000,0.0000,0.0000,0.0000,100.0000,0.0000
84,53EnBYPL2024/03/06,BYPL,0.0000,0.0000,0.0000,0.0000,13.6440,0.0000,0.0000,0.0000,70.6807,0.0000,0.0000,43.3890,0.0000,0.0000,10.4455,0.0000,22.9108,65.2301,0.0000,0.0000,57.6000,0.0000,0.0000,0.0000,103.6200,0.0000,0.0000,0.0000,0.0000,0.0000,0.0000,0.0000,163.2814,0.0000,0.0000,3.6195,0.0000,30.0050,50.3832,330.9623,62.2424,2.7711,10.7671,6.7031,11.7856,37.4701,0.0000,10.9880,17.8740,22.8270,0.0000,0.0000,0.0000,4.1300,0.0000,0.0000,0.0000,0.0000,0.0000,13.6677,0.0000,0.0000,0.0000,0.0000,9.2532,8.1026,3.5687,3.3452,0.0000,0.0000,4.1859,0.0000,3.2461,0.0000,1.6561,0.0000,0.0000,0.0000,227.2500,0.0000,0.0000,0.0000,0.0000,0.0000,0.0000,0.0000,0.0000,0.0000,0.0000,0.0000,0.0000,13.0200,0.0000,0.0000,300.0000,0.0000,200.0000,0.0000,0.0000,0.0000,30.3000,0.0000,0.0000,0.0000,0.0000,6.2058,0.0000,300.0000,0.0000,200.0000,0.0000,0.0000,0.0000,100.0000,0.0000
85,53EnBYPL2024/03/06,BYPL,0.0000,0.0000,0.0000,0.0000,13.6440,0.0000,0.0000,0.0000,70.6807,0.0000,0.0000,43.3890,0.0000,0.0000,10.4455,0.0000,22.9108,65.2301,0.0000,0.0000,57.6000,0.0000,0.0000,0.0000,103.6200,0.0000,0.0000,0.0000,0.0000,0.0000,0.0000,0.0000,163.2814,0.0000,0.0000,3.6195,0.0000,30.0050,50.3832,330.9623,62.2424,2.7711,10.7671,6.7031,11.7856,37.4701,0.0000,10.9880,17.8740,22.8270,0.0000,0.0000,0.0000,4.1300,0.0000,0.0000,0.0000,0.0000,0.0000,13.6677,0.0000,0.0000,0.0000,0.0000,9.2532,8.1026,0.0000,0.0000,0.0000,0.0000,4.1859,0.0000,3.2461,0.0000,1.6561,0.0000,0.0000,0.0000,227.2500,0.0000,0.0000,0.0000,0.0000,0.0000,0.0000,0.0000,0.0000,0.0000,0.0000,0.0000,0.0000,13.2700,0.0000,0.0000,300.0000,0.0000,200.0000,0.0000,0.0000,0.0000,29.4500,0.0000,0.0000,0.0000,0.0000,6.2058,0.0000,300.0000,0.0000,200.0000,0.0000,0.0000,0.0000,100.0000,0.0000
86,53EnBYPL2024/03/06,BYPL,0.0000,0.0000,0.0000,0.0000,13.6440,0.0000,0.0000,0.0000,70.6807,0.0000,0.0000,43.3890,0.0000,0.0000,10.4455,0.0000,22.9108,65.2301,0.0000,0.0000,57.6000,0.0000,0.0000,0.0000,103.6200,0.0000,0.0000,0.0000,0.0000,0.0000,0.0000,0.0000,163.2814,0.0000,0.0000,3.6195,0.0000,30.0050,50.3832,330.9623,62.2424,2.7711,10.7671,6.7031,11.7856,37.4701,0.0000,10.9880,17.8740,22.8270,0.0000,0.0000,0.0000,4.1300,0.0000,0.0000,0.0000,0.0000,0.0000,13.6677,0.0000,0.0000,0.0000,0.0000,9.2532,8.1026,0.0000,0.0000,0.0000,0.0000,4.1859,0.0000,3.2461,0.0000,1.6561,0.0000,0.0000,0.0000,227.2500,0.0000,0.0000,0.0000,0.0000,0.0000,0.0000,0.0000,0.0000,0.0000,0.0000,0.0000,0.0000,13.4900,0.0000,0.0000,300.0000,0.0000,200.0000,0.0000,0.0000,0.0000,28.8000,0.0000,0.0000,0.0000,0.0000,6.2058,0.0000,300.0000,0.0000,200.0000,0.0000,0.0000,0.0000,100.0000,0.0000
87,53EnBYPL2024/03/06,BYPL,0.0000,0.0000,0.0000,0.0000,13.6440,0.0000,0.0000,0.0000,70.6807,0.0000,0.0000,43.3890,0.0000,0.0000,10.4455,0.0000,22.9108,65.2301,0.0000,0.0000,57.6000,0.0000,0.0000,0.0000,103.6200,0.0000,0.0000,0.0000,0.0000,0.0000,0.0000,0.0000,163.2814,0.0000,0.0000,3.6195,0.0000,30.0050,50.3832,330.9623,62.2424,2.7711,10.7671,6.7031,11.7856,37.4701,0.0000,10.9880,17.8740,22.8270,0.0000,0.0000,0.0000,4.1300,0.0000,0.0000,0.0000,0.0000,0.0000,13.6677,0.0000,0.0000,0.0000,0.0000,9.2532,8.1026,0.0000,0.0000,0.0000,0.0000,4.1859,0.0000,6.4922,0.0000,1.6561,0.0000,0.0000,0.0000,227.2500,0.0000,0.0000,0.0000,0.0000,0.0000,0.0000,0.0000,0.0000,0.0000,0.0000,0.0000,0.0000,14.1300,0.0000,0.0000,300.0000,0.0000,200.0000,0.0000,0.0000,0.0000,28.2500,0.0000,0.0000,0.0000,0.0000,6.2058,0.0000,300.0000,0.0000,200.0000,0.0000,0.0000,0.0000,100.0000,0.0000
88,53EnBYPL2024/03/06,BYPL,0.0000,0.0000,0.0000,0.0000,13.6440,0.0000,0.0000,0.0000,70.6807,0.0000,0.0000,43.3890,0.0000,0.0000,10.4455,0.0000,22.9108,65.2301,0.0000,0.0000,57.6000,0.0000,0.0000,0.0000,103.6200,0.0000,0.0000,0.0000,0.0000,0.0000,0.0000,0.0000,163.2814,0.0000,0.0000,3.6195,0.0000,30.0050,50.3832,330.9623,62.2424,2.7711,10.7671,6.7031,11.7856,37.4701,0.0000,10.9880,17.8740,22.8270,0.0000,0.0000,0.0000,4.1300,0.0000,0.0000,0.0000,0.0000,0.0000,13.6677,0.0000,0.0000,0.0000,0.0000,9.2532,8.1026,0.0000,0.0000,0.0000,0.0000,0.0000,0.0000,6.4922,0.0000,1.6561,0.0000,0.0000,0.0000,227.2500,0.0000,0.0000,0.0000,0.0000,0.0000,0.0000,0.0000,0.0000,0.0000,0.0000,0.0000,0.0000,14.4400,0.0000,0.0000,300.0000,0.0000,200.0000,0.0000,0.0000,0.0000,27.7300,0.0000,0.0000,0.0000,0.0000,6.2058,0.0000,300.0000,0.0000,200.0000,0.0000,0.0000,0.0000,100.0000,0.0000
89,53EnBYPL2024/03/06,BYPL,0.0000,0.0000,0.0000,0.0000,13.6440,0.0000,0.0000,0.0000,70.6807,0.0000,0.0000,43.3890,0.0000,0.0000,10.4455,0.0000,22.9108,65.2301,0.0000,0.0000,57.6000,0.0000,0.0000,0.0000,103.6200,0.0000,0.0000,0.0000,0.0000,0.0000,0.0000,0.0000,163.2814,0.0000,0.0000,3.6195,0.0000,30.0050,50.3832,330.9623,62.2424,2.7711,10.7671,6.7031,11.7856,37.4701,0.0000,10.9880,17.8740,22.8270,0.0000,0.0000,0.0000,4.1300,0.0000,0.0000,0.0000,0.0000,0.0000,13.6677,0.0000,0.0000,0.0000,0.0000,9.2532,8.1026,0.0000,0.0000,0.0000,0.0000,0.0000,0.0000,6.4922,0.0000,1.6561,0.0000,0.0000,0.0000,227.2500,0.0000,0.0000,0.0000,0.0000,0.0000,0.0000,0.0000,0.0000,0.0000,0.0000,0.0000,0.0000,14.8500,0.0000,0.0000,300.0000,0.0000,200.0000,0.0000,0.0000,0.0000,39.5200,0.0000,0.0000,0.0000,0.0000,6.2058,0.0000,300.0000,0.0000,200.0000,0.0000,0.0000,0.0000,100.0000,0.0000
90,53EnBYPL2024/03/06,BYPL,0.0000,0.0000,0.0000,0.0000,13.6440,0.0000,0.0000,0.0000,70.6807,0.0000,0.0000,43.3890,0.0000,0.0000,10.4455,0.0000,22.9108,65.2301,0.0000,0.0000,57.6000,0.0000,0.0000,0.0000,103.6200,0.0000,0.0000,0.0000,0.0000,0.0000,0.0000,0.0000,163.2814,0.0000,0.0000,3.6195,0.0000,30.0050,50.3832,330.9623,62.2424,2.7711,10.7671,6.7031,11.7856,37.4701,0.0000,10.9880,17.8740,22.8270,0.0000,0.0000,0.0000,4.1300,0.0000,0.0000,0.0000,0.0000,0.0000,13.6677,0.0000,0.0000,0.0000,0.0000,9.2532,8.1026,0.0000,0.0000,0.0000,0.0000,0.0000,0.0000,6.4922,0.0000,1.6561,0.0000,0.0000,0.0000,227.2500,0.0000,0.0000,0.0000,0.0000,0.0000,0.0000,0.0000,0.0000,0.0000,0.0000,0.0000,0.0000,14.9800,0.0000,0.0000,300.0000,0.0000,200.0000,0.0000,0.0000,0.0000,41.5500,0.0000,0.0000,0.0000,0.0000,6.2058,0.0000,300.0000,0.0000,200.0000,0.0000,0.0000,0.0000,100.0000,0.0000
91,53EnBYPL2024/03/06,BYPL,0.0000,0.0000,0.0000,0.0000,13.6440,0.0000,0.0000,0.0000,70.6807,0.0000,0.0000,43.3890,0.0000,0.0000,10.4455,0.0000,22.9108,65.2301,0.0000,0.0000,57.6000,0.0000,0.0000,0.0000,103.6200,0.0000,0.0000,0.0000,0.0000,0.0000,0.0000,0.0000,163.2814,0.0000,0.0000,3.6195,0.0000,30.0050,50.3832,330.9623,62.2424,2.7711,10.7671,6.7031,11.7856,37.4701,0.0000,10.9880,17.8740,22.8270,0.0000,0.0000,0.0000,4.1300,0.0000,0.0000,0.0000,0.0000,0.0000,13.6677,0.0000,0.0000,0.0000,0.0000,9.2532,8.1026,0.0000,0.0000,0.0000,0.0000,0.0000,0.0000,6.4922,0.0000,1.6561,0.0000,0.0000,0.0000,227.2500,0.0000,0.0000,0.0000,0.0000,0.0000,0.0000,0.0000,0.0000,0.0000,0.0000,0.0000,0.0000,20.6000,0.0000,0.0000,300.0000,0.0000,200.0000,0.0000,0.0000,0.0000,45.2200,0.0000,0.0000,0.0000,0.0000,6.2058,0.0000,300.0000,0.0000,200.0000,0.0000,0.0000,0.0000,100.0000,0.0000
92,53EnBYPL2024/03/06,BYPL,0.0000,0.0000,0.0000,0.0000,13.6440,0.0000,0.0000,0.0000,70.6807,0.0000,0.0000,43.3890,0.0000,0.0000,10.4455,0.0000,22.9108,65.2301,0.0000,0.0000,57.6000,0.0000,0.0000,0.0000,103.6200,0.0000,0.0000,0.0000,0.0000,0.0000,0.0000,0.0000,163.2814,0.0000,0.0000,3.6195,0.0000,30.0050,50.3832,330.9623,62.2424,2.7711,10.7671,6.7031,11.7856,37.4701,0.0000,10.9880,17.8740,22.8270,0.0000,0.0000,0.0000,4.1300,0.0000,0.0000,0.0000,0.0000,0.0000,13.6677,0.0000,0.0000,0.0000,0.0000,9.2532,8.1026,0.0000,0.0000,0.0000,0.0000,0.0000,0.0000,6.4922,0.0000,1.6561,0.0000,0.0000,0.0000,227.2500,0.0000,0.0000,0.0000,0.0000,0.0000,0.0000,0.0000,0.0000,0.0000,0.0000,0.0000,0.0000,21.9700,0.0000,0.0000,300.0000,0.0000,200.0000,0.0000,0.0000,0.0000,48.3100,0.0000,0.0000,0.0000,0.0000,6.2058,0.0000,300.0000,0.0000,200.0000,0.0000,0.0000,0.0000,100.0000,0.0000
93,53EnBYPL2024/03/06,BYPL,0.0000,0.0000,0.0000,0.0000,13.6440,0.0000,0.0000,0.0000,70.6807,0.0000,0.0000,43.3890,0.0000,0.0000,10.4455,0.0000,22.9108,65.2301,0.0000,0.0000,57.6000,0.0000,0.0000,0.0000,103.6200,0.0000,0.0000,0.0000,0.0000,0.0000,0.0000,0.0000,163.2814,0.0000,0.0000,3.6195,0.0000,30.0050,50.3832,330.9623,62.2424,2.7711,10.7671,6.7031,11.7856,37.4701,0.0000,10.9880,17.8740,22.8270,0.0000,0.0000,0.0000,4.1300,0.0000,0.0000,0.0000,0.0000,0.0000,13.6677,0.0000,0.0000,0.0000,0.0000,9.2532,8.1026,0.0000,0.0000,0.0000,0.0000,0.0000,0.0000,6.4922,0.0000,1.6561,0.0000,0.0000,0.0000,227.2500,0.0000,0.0000,0.0000,0.0000,0.0000,0.0000,0.0000,0.0000,0.0000,0.0000,0.0000,0.0000,22.3000,0.0000,0.0000,300.0000,0.0000,200.0000,0.0000,0.0000,0.0000,47.8700,0.0000,0.0000,0.0000,0.0000,6.2058,0.0000,300.0000,0.0000,200.0000,0.0000,0.0000,0.0000,100.0000,0.0000
94,53EnBYPL2024/03/06,BYPL,0.0000,0.0000,0.0000,0.0000,13.6440,0.0000,0.0000,0.0000,70.6807,0.0000,0.0000,43.3890,0.0000,0.0000,10.4455,0.0000,22.9108,65.2301,0.0000,0.0000,57.6000,0.0000,0.0000,0.0000,103.6200,0.0000,0.0000,0.0000,0.0000,0.0000,0.0000,0.0000,163.2814,0.0000,0.0000,3.6195,0.0000,30.0050,50.3832,330.9623,62.2424,2.7711,10.7671,6.7031,11.7856,37.4701,0.0000,10.9880,17.8740,22.8270,0.0000,0.0000,0.0000,4.1300,0.0000,0.0000,0.0000,0.0000,0.0000,13.6677,0.0000,0.0000,0.0000,0.0000,9.2532,8.1026,0.0000,0.0000,0.0000,0.0000,0.0000,0.0000,6.4922,0.0000,1.6561,0.0000,0.0000,0.0000,227.2500,0.0000,0.0000,0.0000,0.0000,0.0000,0.0000,0.0000,0.0000,0.0000,0.0000,0.0000,0.0000,22.6200,0.0000,0.0000,300.0000,0.0000,200.0000,0.0000,0.0000,0.0000,47.3100,0.0000,0.0000,0.0000,0.0000,6.2058,0.0000,300.0000,0.0000,200.0000,0.0000,0.0000,0.0000,100.0000,0.0000
95,53EnBYPL2024/03/06,BYPL,0.0000,0.0000,0.0000,0.0000,13.6440,0.0000,0.0000,0.0000,70.6807,0.0000,0.0000,43.3890,0.0000,0.0000,10.4455,0.0000,22.9108,65.2301,0.0000,0.0000,57.6000,0.0000,0.0000,0.0000,103.6200,0.0000,0.0000,0.0000,0.0000,0.0000,0.0000,0.0000,163.2814,0.0000,0.0000,3.6195,0.0000,30.0050,50.3832,330.9623,62.2424,2.7711,10.7671,6.7031,11.7856,37.4701,0.0000,10.9880,17.8740,22.8270,0.0000,0.0000,0.0000,4.1300,0.0000,0.0000,0.0000,0.0000,0.0000,13.6677,0.0000,0.0000,0.0000,0.0000,9.2532,8.1026,0.0000,0.0000,0.0000,0.0000,0.0000,0.0000,12.9870,0.1626,1.6561,0.0000,0.0000,0.0000,227.2500,0.0000,0.0000,0.0000,0.0000,0.0000,0.0000,0.0000,0.0000,0.0000,0.0000,0.0000,0.0000,23.0000,0.0000,0.0000,300.0000,0.0000,200.0000,0.0000,0.0000,0.0000,44.2600,0.0000,0.0000,0.0000,0.0000,6.2058,0.0000,300.0000,0.0000,200.0000,0.0000,0.0000,0.0000,100.0000,0.0000
96,53EnBYPL2024/03/06,BYPL,0.0000,0.0000,0.0000,0.0000,13.6440,0.0000,0.0000,0.0000,70.6807,0.0000,0.0000,43.3890,0.0000,0.0000,10.4455,0.0000,22.9108,65.2301,0.0000,0.0000,57.6000,0.0000,0.0000,0.0000,103.6200,0.0000,0.0000,0.0000,0.0000,0.0000,0.0000,0.0000,163.2814,0.0000,0.0000,3.6195,0.0000,30.0050,50.3832,330.9623,62.2424,2.7711,10.7671,6.7031,11.7856,37.4701,0.0000,10.9880,17.8740,22.8270,0.0000,0.0000,0.0000,4.1300,0.0000,0.0000,0.0000,0.0000,0.0000,13.6677,0.0000,0.0000,0.0000,0.0000,9.2532,8.1026,0.0000,0.0000,0.0000,0.0000,0.0000,0.0000,12.9870,0.1626,1.6561,0.0000,0.0000,0.0000,227.2500,0.0000,0.0000,0.0000,0.0000,0.0000,0.0000,0.0000,0.0000,0.0000,0.0000,0.0000,0.0000,23.3800,0.0000,0.0000,300.0000,0.0000,200.0000,0.0000,0.0000,0.0000,45.0200,0.0000,0.0000,0.0000,0.0000,6.2058,0.0000,300.0000,0.0000,200.0000,0.0000,0.0000,0.0000,100.0000,0.0000
