Generator,1,2,3,4,5,6,7,8,9,10,11,12,13,14,15,16,17,18,19,20,21,22,23,24,25,26,27,28,29,30,31,32,33,34,35,36,37,38,39,40,41,42,43,44,45,46,47,48,49,50,51,52,53,54,55,56,57,58,59,60,61,62,63,64,65,66,67,68,69,70,71,72,73,74,75,76,77,78,79,80,81,82,83,84,85,86,87,88,89,90,91,92,93,94,95,96
Revision No,94,94,94,94,94,94,94,94,94,94,94,94,94,94,94,94,94,94,94,94,94,94,94,94,94,94,94,94,94,94,94,94,94,94,94,94,94,94,94,94,94,94,94,94,94,94,94,94,94,94,94,94,94,94,94,94,94,94,94,94,94,94,94,94,94,94,94,94,94,94,94,94,94,94,94,94,94,94,94,94,94,94,94,94,94,94,94,94,94,94,94,94,94,94,94,94
,,,,,,,,,,,,,,,,,,,,,,,,,,,,,,,,,,,,,,,,,,,,,,,,,,,,,,,,,,,,,,,,,,,,,,,,,,,,,,,,,,,,,,,,,,,,,,,,
CCGT-Bawana,,,,,,,,,,,,,,,,,,,,,,,,,,,,,,,,,,,,,,,,,,,,,,,,,,,,,,,,,,,,,,,,,,,,,,,,,,,,,,,,,,,,,,,,,,,,,,,,
Net Schedule,543.0000,543.0000,543.0000,543.0000,473.0000,473.0000,473.0000,473.0000,473.0000,473.0000,473.0000,473.0000,473.0000,473.0000,473.0000,473.0000,473.0000,473.0000,473.0000,473.0000,473.0000,473.0000,473.0000,473.0000,473.0000,473.0000,473.0000,473.0000,473.0000,473.0000,473.0000,473.0000,473.0000,473.0000,473.0000,473.0000,473.0000,473.0000,473.0000,473.0000,473.0000,473.0000,473.0000,473.0000,473.0000,473.0000,473.0000,473.0000,473.0000,473.0000,473.0000,473.0000,473.0000,473.0000,473.0000,473.0000,473.0000,473.0000,473.0000,473.0000,473.0000,473.0000,473.0000,473.0000,473.0000,473.0000,473.0000,473.0000,473.0000,473.0000,473.0000,473.0000,473.0000,473.0000,473.0000,473.0000,473.0000,473.0000,473.0000,473.0000,473.0000,473.0000,473.0000,479.0000,473.0000,473.0000,531.0000,594.0000,497.0000,552.0000,573.0000,595.0000,551.0000,547.0000,563.0000,554.0000
DC Considered for Schedule,1210.00,1210.00,1210.00,1210.00,1210.00,1210.00,1210.00,1210.00,1210.00,1210.00,1210.00,1210.00,1210.00,1210.00,1210.00,1210.00,1210.00,1210.00,1210.00,1210.00,1210.00,1210.00,1210.00,1210.00,1180.00,1180.00,1180.00,1180.00,1180.00,1180.00,1180.00,1180.00,1180.00,1180.00,1180.00,1180.00,1180.00,1180.00,1180.00,1180.00,1180.00,1180.00,1180.00,1180.00,1180.00,1180.00,1180.00,1180.00,1200.00,1200.00,1200.00,1200.00,1200.00,1200.00,1200.00,1200.00,1200.00,1200.00,1200.00,1200.00,1210.00,1210.00,1210.00,1210.00,1210.00,1210.00,1210.00,1210.00,1210.00,1210.00,1210.00,1210.00,1210.00,1210.00,1210.00,1210.00,1210.00,1210.00,1210.00,1210.00,1210.00,1210.00,1210.00,1210.00,1210.00,1210.00,1210.00,1210.00,1210.00,1210.00,1210.00,1210.00,1210.00,1210.00,1210.00,1210.00
