timeslot,revisionno,discomcode,BTPS,PRAGATI,RPH,DADRI_T,GT_OC,CSGS,GT_RLNG,PRG_RLNG,DVC,GT_LF,GT_CC,PRG_G_CC,GT_RLG_C,GT_LF_CC,PG_RLG_C,REGULATE,MTPS6,JHAJJAR,NJPC,CCGT_OC,CCGT_CC,CCGT_RCC,CCGT_ROC,CLPJHAJR,MEJIA7,MAITHON,SECI,RITHL_CC,RITHL_OC,RITHL_RC,RITHL_RO,NHPC,DADRI_T2,ANTA_GF,AURY_GF,FARAKKA,RIHAND1,RIHAND2,RIHAND3,SASAN,SNGRAULI,UNCHHAR1,UNCHHAR2,UNCHHAR3,KAHLGAN1,KAHLGAN2,DADRI_GF,ANTA_RF,AURY_RF,DADRI_RF,KOLDAM,TH_HPP,KTWR_HEP,SEWA2,DMSWSL,NAPP,RAPPB,MUNDRA,RAMPUR,RAPPC,TALA,ANTA_LF,AURY_LF,DADRI_LF,URI,URI2,CHAMERA1,CHAMERA2,CHAMERA3,DHAULIGNGA,DULHASTI,PARBATI3,SALAL,TANAKPUR,BSIUL,UNCHAHAR4,PRG_CCLF,PRG_OCLF,CCGTCCSPOT,CCGTOCSPOT,SNG_HYDRO,SHEP,GIREL,RUMS_DMRC,SEIPL,THPPL,NHPPL,ANTA_CRF,AURY_CRF,DADR_CRF,ALFANR_I,ALFANR_II,ALFANR_III,ERCPL_FTG,ERPCL_FTG2,AP41PL_BHDL,ASE4PL,KUDGI,SRIJAN_M,SITAC_BRPL,SITAC_BYPL,TANDA2,KSHNGNGA,SOLAPUR,MEJA,TWEPL,GBHHPL,THAR_BYPL,THAR_BRPL,ASEJ2PL_BYPL,ASEJ2PL_TPDDL,CHANJUII,SECI_BRPL,SECI_BYPL,SECI_TPDDL,APSEPL_FTG
1,70EnNDPL2025/01/02,NDPL,0.0000,0.0000,0.0000,0.0000,8.9010,0.0000,0.0000,0.0000,38.9738,0.0000,12.4614,28.9200,0.0000,0.0000,34.7040,0.0000,27.6734,579.5135,0.0000,0.0000,69.6064,0.0000,0.0000,70.0700,0.0000,74.7100,0.0000,0.0000,0.0000,0.0000,0.0000,0.0000,9.3590,0.0000,0.0000,4.9057,13.8060,36.4325,0.0000,25.1956,38.6445,6.3078,13.0053,8.0965,13.8735,45.4984,0.0000,13.7538,21.9239,14.4564,0.0000,0.0000,2.7244,0.0000,0.0000,13.6311,0.0000,0.0000,0.0000,16.5856,0.0000,0.0000,0.0000,7.2313,0.3405,1.3223,0.0000,0.0000,0.0000,0.0000,0.0000,0.0000,0.0000,1.7672,0.0000,0.0000,0.0000,0.0000,221.8704,0.0000,0.0000,200.0000,0.0000,0.0000,200.0000,1.5700,1.2200,0.0000,0.0000,0.0000,0.0000,0.0000,15.0000,0.0000,0.0000,0.0000,0.0000,0.0000,0.0000,0.0000,0.0000,0.0000,0.0000,0.0000,0.0000,7.0712,0.0000,0.0000,0.0000,0.0000,200.0000,18.7000,0.0000,0.0000,100.0000,200.0000
2,70EnNDPL2025/01/02,NDPL,0.0000,0.0000,0.0000,0.0000,8.9010,0.0000,0.0000,0.0000,38.9738,0.0000,12.4614,28.9200,0.0000,0.0000,34.7040,0.0000,27.6734,579.5135,0.0000,0.0000,69.6064,0.0000,0.0000,70.0700,0.0000,74.7100,0.0000,0.0000,0.0000,0.0000,0.0000,0.0000,9.3590,0.0000,0.0000,5.5838,13.8060,36.4325,0.0000,25.1956,38.6445,6.3078,13.0053,8.0965,13.8735,45.4984,0.0000,13.7538,21.9239,14.4564,0.0000,0.0000,2.7244,0.0000,0.0000,13.6311,0.0000,0.0000,0.0000,16.5856,0.0000,0.0000,0.0000,7.2313,0.3405,1.3223,0.0000,0.0000,0.0000,0.0000,0.0000,0.0000,0.0000,1.7672,0.0000,0.0000,0.0000,0.0000,221.8704,0.0000,0.0000,200.0000,0.0000,0.0000,200.0000,1.5700,1.2200,0.0000,0.0000,0.0000,0.0000,0.0000,14.6700,0.0000,0.0000,0.0000,0.0000,0.0000,0.0000,0.0000,0.0000,0.0000,0.0000,0.0000,0.0000,7.0712,0.0000,0.0000,0.0000,0.0000,200.0000,18.7000,0.0000,0.0000,100.0000,200.0000
3,70EnNDPL2025/01/02,NDPL,0.0000,0.0000,0.0000,0.0000,8.9010,0.0000,0.0000,0.0000,38.9738,0.0000,12.4614,28.9200,0.0000,0.0000,34.7040,0.0000,27.6734,579.5135,6.3906,0.0000,69.6064,0.0000,0.0000,70.0700,0.0000,74.7100,0.0000,0.0000,0.0000,0.0000,0.0000,0.0000,9.3590,0.0000,0.0000,5.5838,13.8060,36.4325,0.0000,25.1956,38.6445,6.3078,13.0053,8.0965,13.8735,45.4984,0.0000,13.7538,21.9239,14.4564,0.0000,0.0000,2.7244,0.0000,0.0000,13.6311,0.0000,0.0000,0.0000,16.5856,0.0000,0.0000,0.0000,7.2313,0.3405,1.3223,0.0000,0.0000,0.0000,0.0000,0.0000,0.0000,0.0000,1.7672,0.0000,0.0000,0.0000,0.0000,221.8704,0.0000,0.0000,200.0000,0.0000,0.0000,200.0000,1.5700,1.2200,0.0000,0.0000,0.0000,0.0000,0.0000,14.1700,0.0000,0.0000,0.0000,0.0000,0.0000,0.0000,0.0000,0.0000,0.0000,0.0000,0.0000,0.0000,7.0712,0.0000,0.0000,0.0000,0.0000,200.0000,18.7000,0.0000,0.0000,100.0000,200.0000
4,70EnNDPL2025/01/02,NDPL,0.0000,0.0000,0.0000,0.0000,8.9010,0.0000,0.0000,0.0000,38.9738,0.0000,12.4614,28.9200,0.0000,0.0000,34.7040,0.0000,27.6734,579.5135,6.3906,0.0000,69.6064,0.0000,0.0000,70.0700,0.0000,74.7100,0.0000,0.0000,0.0000,0.0000,0.0000,0.0000,9.3590,0.0000,0.0000,5.5838,13.8060,36.4325,0.0000,25.1956,38.6445,6.3078,13.0053,8.0965,13.8735,45.4984,0.0000,13.7538,21.9239,14.4564,0.0000,0.0000,2.7244,0.0000,0.0000,13.6311,0.0000,0.0000,0.0000,16.5856,0.0000,0.0000,0.0000,7.2313,0.3405,1.3223,0.0000,0.0000,0.0000,0.0000,0.0000,0.0000,0.0000,1.7672,0.0000,0.0000,0.0000,0.0000,221.8704,0.0000,0.0000,200.0000,0.0000,0.0000,200.0000,1.5700,1.2200,0.0000,0.0000,0.0000,0.0000,0.0000,13.6700,0.0000,0.0000,0.0000,0.0000,0.0000,0.0000,0.0000,0.0000,0.0000,0.0000,0.0000,0.0000,7.0712,0.0000,0.0000,0.0000,0.0000,200.0000,18.7000,0.0000,0.0000,100.0000,200.0000
5,70EnNDPL2025/01/02,NDPL,0.0000,0.0000,0.0000,0.0000,8.9010,0.0000,0.0000,0.0000,38.9738,0.0000,12.4614,28.9200,0.0000,0.0000,34.7040,0.0000,27.6734,579.5135,6.3906,0.0000,69.6064,0.0000,0.0000,70.0700,0.0000,74.7100,0.0000,0.0000,0.0000,0.0000,0.0000,0.0000,9.3590,0.0000,0.0000,5.5838,13.8060,36.4325,0.0000,25.1956,38.6445,6.3078,13.0053,8.0965,13.8735,45.4984,0.0000,13.7538,21.9239,14.4564,0.0000,0.0000,2.7244,0.0000,0.0000,13.6311,0.0000,0.0000,0.0000,16.5856,0.0000,0.0000,0.0000,7.2313,0.3405,1.3223,0.0000,0.0000,0.0000,0.0000,0.0000,0.0000,0.0000,1.7672,0.0000,0.0000,0.0000,0.0000,221.8704,0.0000,0.0000,200.0000,0.0000,0.0000,200.0000,1.5700,1.1400,0.0000,0.0000,0.0000,0.0000,0.0000,13.0000,0.0000,0.0000,0.0000,0.0000,0.0000,0.0000,0.0000,0.0000,0.0000,0.0000,0.0000,0.0000,7.0712,0.0000,0.0000,0.0000,0.0000,200.0000,18.7000,0.0000,0.0000,100.0000,200.0000
6,70EnNDPL2025/01/02,NDPL,0.0000,0.0000,0.0000,0.0000,8.9010,0.0000,0.0000,0.0000,38.9738,0.0000,12.4614,28.9200,0.0000,0.0000,34.7040,0.0000,27.6734,579.5135,6.3906,0.0000,69.6064,0.0000,0.0000,70.0700,0.0000,74.7100,0.0000,0.0000,0.0000,0.0000,0.0000,0.0000,9.3590,0.0000,0.0000,5.5838,13.8060,36.4325,0.0000,25.1956,38.6445,6.3078,13.0053,8.0965,13.8735,45.4984,0.0000,13.7538,21.9239,14.4564,0.0000,0.0000,2.7244,0.0000,0.0000,13.6311,0.0000,0.0000,0.0000,16.5856,0.0000,0.0000,0.0000,7.2313,0.3405,1.3223,0.0000,0.0000,0.0000,0.0000,0.0000,0.0000,0.0000,1.7672,0.0000,0.0000,0.0000,0.0000,221.8704,0.0000,0.0000,200.0000,0.0000,0.0000,200.0000,1.5700,1.1400,0.0000,0.0000,0.0000,0.0000,0.0000,12.5000,0.0000,0.0000,0.0000,0.0000,0.0000,0.0000,0.0000,0.0000,0.0000,0.0000,0.0000,0.0000,7.0712,0.0000,0.0000,0.0000,0.0000,200.0000,18.7000,0.0000,0.0000,100.0000,200.0000
7,70EnNDPL2025/01/02,NDPL,0.0000,0.0000,0.0000,0.0000,8.9010,0.0000,0.0000,0.0000,38.9738,0.0000,12.4614,28.9200,0.0000,0.0000,34.7040,0.0000,27.6734,579.5135,6.3906,0.0000,69.6064,0.0000,0.0000,70.0700,0.0000,74.7100,0.0000,0.0000,0.0000,0.0000,0.0000,0.0000,9.3590,0.0000,0.0000,5.5838,13.8060,36.4325,0.0000,25.1956,38.6445,6.3078,13.0053,8.0965,13.8735,45.4984,0.0000,13.7538,21.9239,14.4564,0.0000,0.0000,2.7244,0.0000,0.0000,13.6311,0.0000,0.0000,0.0000,16.5856,0.0000,0.0000,0.0000,7.2313,0.3405,1.3223,0.0000,0.0000,0.0000,0.0000,0.0000,0.0000,0.0000,0.1565,0.0000,0.0000,0.0000,0.0000,221.8704,0.0000,0.0000,200.0000,0.0000,0.0000,200.0000,1.5700,1.1400,0.0000,0.0000,0.0000,0.0000,0.0000,12.1700,0.0000,0.0000,0.0000,0.0000,0.0000,0.0000,0.0000,0.0000,0.0000,0.0000,0.0000,0.0000,7.0712,0.0000,0.0000,0.0000,0.0000,200.0000,18.7000,0.0000,0.0000,100.0000,200.0000
8,70EnNDPL2025/01/02,NDPL,0.0000,0.0000,0.0000,0.0000,8.9010,0.0000,0.0000,0.0000,38.9738,0.0000,12.4614,28.9200,0.0000,0.0000,34.7040,0.0000,27.6734,579.5135,0.0000,0.0000,69.6064,0.0000,0.0000,70.0700,0.0000,74.7100,0.0000,0.0000,0.0000,0.0000,0.0000,0.0000,9.3590,0.0000,0.0000,5.5838,13.8060,36.4325,0.0000,25.1956,38.6445,6.3078,13.0053,8.0965,13.8735,45.4984,0.0000,13.7538,21.9239,14.4564,0.0000,0.0000,2.7244,0.0000,0.0000,13.6311,0.0000,0.0000,0.0000,16.5856,0.0000,0.0000,0.0000,7.2313,0.3405,1.3223,0.0000,0.0000,0.0000,0.0000,0.0000,0.0000,0.0000,0.1565,0.0000,0.0000,0.0000,0.0000,221.8704,0.0000,0.0000,200.0000,0.0000,0.0000,200.0000,1.5700,1.1400,0.0000,0.0000,0.0000,0.0000,0.0000,12.0000,0.0000,0.0000,0.0000,0.0000,0.0000,0.0000,0.0000,0.0000,0.0000,0.0000,0.0000,0.0000,7.0712,0.0000,0.0000,0.0000,0.0000,200.0000,18.7000,0.0000,0.0000,100.0000,200.0000
9,70EnNDPL2025/01/02,NDPL,0.0000,0.0000,0.0000,0.0000,8.9010,0.0000,0.0000,0.0000,38.9738,0.0000,12.4614,28.9200,0.0000,0.0000,34.7040,0.0000,27.6734,579.5135,0.0000,0.0000,69.6064,0.0000,0.0000,70.0700,0.0000,74.7100,0.0000,0.0000,0.0000,0.0000,0.0000,0.0000,9.3590,0.0000,0.0000,5.5838,13.8060,36.4325,0.0000,25.1956,38.6445,6.3078,13.0053,8.0965,13.8735,45.4984,0.0000,13.7538,21.9239,13.7876,0.0000,0.0000,2.7244,0.0000,0.0000,13.6311,0.0000,0.0000,0.0000,16.5856,0.0000,0.0000,0.0000,7.2313,0.3405,1.3223,0.0000,0.0000,0.0000,0.0000,0.0000,0.0000,0.0000,0.1565,0.0000,0.0000,0.0000,0.0000,221.8704,0.0000,0.0000,200.0000,0.0000,0.0000,200.0000,1.5700,1.1400,0.0000,0.0000,0.6719,0.0000,0.0000,15.0000,0.0000,0.0000,0.0000,0.0000,0.0000,0.0000,0.0000,0.0000,0.0000,0.0000,0.0000,0.0000,7.0712,0.0000,0.0000,0.0000,0.0000,200.0000,18.5100,0.0000,0.0000,100.0000,200.0000
10,70EnNDPL2025/01/02,NDPL,0.0000,0.0000,0.0000,0.0000,8.9010,0.0000,0.0000,0.0000,38.9738,0.0000,12.4614,28.9200,0.0000,0.0000,34.7040,0.0000,27.6734,579.5135,0.0000,0.0000,69.6064,0.0000,0.0000,70.0700,0.0000,74.7100,0.0000,0.0000,0.0000,0.0000,0.0000,0.0000,9.3590,0.0000,0.0000,5.5838,13.8060,36.4325,0.0000,25.1956,38.6445,6.3078,13.0053,8.0965,13.8735,45.4984,0.0000,13.7538,21.9239,13.7876,0.0000,0.0000,2.7244,0.0000,0.0000,13.6311,0.0000,0.0000,0.0000,16.5856,0.0000,0.0000,0.0000,7.2313,0.3405,1.3223,0.0000,0.0000,0.0000,0.0000,0.0000,0.0000,0.0000,0.1565,0.0000,0.0000,0.0000,0.0000,221.8704,0.0000,0.0000,200.0000,0.0000,0.0000,200.0000,1.5700,1.1400,0.0000,0.0000,0.6719,0.0000,0.0000,14.6700,0.0000,0.0000,0.0000,0.0000,0.0000,0.0000,0.0000,0.0000,0.0000,0.0000,0.0000,0.0000,7.0712,0.0000,0.0000,0.0000,0.0000,200.0000,18.5100,0.0000,0.0000,100.0000,200.0000
11,70EnNDPL2025/01/02,NDPL,0.0000,0.0000,0.0000,0.0000,8.9010,0.0000,0.0000,0.0000,38.9738,0.0000,12.4614,28.9200,0.0000,0.0000,34.7040,0.0000,27.6734,579.5135,0.0000,0.0000,69.6064,0.0000,0.0000,70.0700,0.0000,74.7100,0.0000,0.0000,0.0000,0.0000,0.0000,0.0000,9.3590,0.0000,0.0000,5.5838,13.8060,36.4325,0.0000,25.1956,38.6445,6.3078,13.0053,8.0965,13.8735,45.4984,0.0000,13.7538,21.9239,13.7876,0.0000,0.0000,2.7244,0.0000,0.0000,13.6311,0.0000,0.0000,0.0000,16.5856,0.0000,0.0000,0.0000,7.2313,0.3405,1.3223,0.0000,0.0000,0.0000,0.0000,0.0000,0.0000,0.0000,0.1565,0.0000,0.0000,0.0000,0.0000,221.8704,0.0000,0.0000,200.0000,0.0000,0.0000,200.0000,1.5700,1.1400,0.0000,0.0000,0.6719,0.0000,0.0000,17.5000,0.0000,0.0000,0.0000,0.0000,0.0000,0.0000,0.0000,0.0000,0.0000,0.0000,0.0000,0.0000,7.0712,0.0000,0.0000,0.0000,0.0000,200.0000,18.5100,0.0000,0.0000,100.0000,200.0000
12,70EnNDPL2025/01/02,NDPL,0.0000,0.0000,0.0000,0.0000,8.9010,0.0000,0.0000,0.0000,38.9738,0.0000,12.4614,28.9200,0.0000,0.0000,34.7040,0.0000,27.6734,579.5135,0.0000,0.0000,69.6064,0.0000,0.0000,70.0700,0.0000,74.7100,0.0000,0.0000,0.0000,0.0000,0.0000,0.0000,9.3590,0.0000,0.0000,5.5838,13.8060,36.4325,0.0000,25.1956,38.6445,6.3078,13.0053,8.0965,13.8735,45.4984,0.0000,13.8213,21.9239,13.7876,0.0000,0.0000,2.7244,0.0000,0.0000,13.6311,0.0000,0.0000,0.0000,16.5856,0.0000,0.0000,0.0000,7.2313,0.3405,1.3223,0.0000,0.0000,0.0000,0.0000,0.0000,0.0000,0.0000,0.1565,0.0000,0.0000,0.0000,0.0000,221.8704,0.0000,0.0000,200.0000,0.0000,0.0000,200.0000,1.5700,1.1400,0.0000,0.0000,0.6719,0.0000,0.0000,17.0000,0.0000,0.0000,0.0000,0.0000,0.0000,0.0000,0.0000,0.0000,0.0000,0.0000,0.0000,0.0000,7.0712,0.0000,0.0000,0.0000,0.0000,200.0000,18.5100,0.0000,0.0000,100.0000,200.0000
13,70EnNDPL2025/01/02,NDPL,0.0000,0.0000,0.0000,0.0000,8.9010,0.0000,0.0000,0.0000,38.9738,0.0000,12.4614,28.9200,0.0000,0.0000,34.7040,0.0000,27.6734,579.5135,0.0000,0.0000,69.6064,0.0000,0.0000,70.0700,0.0000,74.7100,0.0000,0.0000,0.0000,0.0000,0.0000,0.0000,9.3590,0.0000,0.0000,5.5838,13.8060,36.4325,0.0000,25.1956,38.6445,6.3078,13.0053,8.0965,13.8735,45.4984,0.0000,13.8213,21.9239,13.7876,0.0000,0.0000,2.7244,0.0000,0.0000,13.6311,0.0000,0.0000,0.0000,16.5856,0.0000,0.0000,0.0000,7.2313,0.3405,1.3223,0.0000,0.0000,0.0000,0.0000,0.0000,0.0000,0.0000,0.1565,0.0000,0.0000,0.0000,0.0000,221.8704,0.0000,0.0000,200.0000,0.0000,0.0000,200.0000,1.5300,1.1400,0.0000,0.0000,0.6719,0.0000,0.0000,16.6700,0.0000,0.0000,0.0000,0.0000,0.0000,0.0000,0.0000,0.0000,0.0000,0.0000,0.0000,0.0000,7.0712,0.0000,0.0000,0.0000,0.0000,200.0000,18.3300,0.0000,0.0000,100.0000,200.0000
14,70EnNDPL2025/01/02,NDPL,0.0000,0.0000,0.0000,0.0000,8.9010,0.0000,0.0000,0.0000,38.9738,0.0000,12.4614,28.9200,0.0000,0.0000,34.7040,0.0000,27.6734,579.5135,0.0000,0.0000,69.6064,0.0000,0.0000,70.0700,0.0000,74.7100,0.0000,0.0000,0.0000,0.0000,0.0000,0.0000,9.3590,0.0000,0.0000,5.5838,13.8060,36.4325,0.0000,25.1956,38.6445,6.3078,13.0053,8.0965,13.8735,45.4984,0.0000,13.8213,21.9239,13.7876,0.0000,0.0000,2.7244,0.0000,0.0000,13.6311,0.0000,0.0000,0.0000,16.5856,0.0000,0.0000,0.0000,7.2313,0.3405,1.3223,0.0000,0.0000,0.0000,0.0000,0.0000,0.0000,0.0000,0.1565,0.0000,0.0000,0.0000,0.0000,221.8704,0.0000,0.0000,200.0000,0.0000,0.0000,200.0000,1.5300,1.1400,0.0000,0.0000,0.6719,0.0000,0.0000,16.3300,0.0000,0.0000,0.0000,0.0000,0.0000,0.0000,0.0000,0.0000,0.0000,0.0000,0.0000,0.0000,7.0712,0.0000,0.0000,0.0000,0.0000,200.0000,18.3300,0.0000,0.0000,100.0000,200.0000
15,70EnNDPL2025/01/02,NDPL,0.0000,0.0000,0.0000,0.0000,8.9010,0.0000,0.0000,0.0000,38.9738,0.0000,12.4614,28.9200,0.0000,0.0000,34.7040,0.0000,27.6734,579.5135,0.0000,0.0000,69.6064,0.0000,0.0000,70.0700,0.0000,74.7100,0.0000,0.0000,0.0000,0.0000,0.0000,0.0000,9.3590,0.0000,0.0000,5.5838,13.8060,36.4325,0.0000,25.1956,38.6445,6.3078,13.0053,8.0965,13.8735,45.4984,0.0000,13.8213,21.9239,13.7876,0.0000,0.0000,2.7244,0.0000,0.0000,13.6311,0.0000,0.0000,0.0000,16.5856,0.0000,0.0000,0.0000,7.2313,0.3405,1.3223,0.0000,0.0000,0.0000,0.0000,0.0000,0.0000,0.0000,0.0000,0.0000,0.0000,0.0000,0.0000,221.8704,0.0000,0.0000,200.0000,0.0000,0.0000,200.0000,1.5300,1.1400,0.0000,0.0000,0.6719,0.0000,0.0000,15.8300,0.0000,0.0000,0.0000,0.0000,0.0000,0.0000,0.0000,0.0000,0.0000,0.0000,0.0000,0.0000,7.0712,0.0000,0.0000,0.0000,0.0000,200.0000,18.3300,0.0000,0.0000,100.0000,200.0000
16,70EnNDPL2025/01/02,NDPL,0.0000,0.0000,0.0000,0.0000,8.9010,0.0000,0.0000,0.0000,38.9738,0.0000,12.4614,28.9200,0.0000,0.0000,34.7040,0.0000,27.6734,579.5135,0.0000,0.0000,69.6064,0.0000,0.0000,70.0700,0.0000,74.7100,0.0000,0.0000,0.0000,0.0000,0.0000,0.0000,9.3590,0.0000,0.0000,5.5838,13.8060,36.4325,0.0000,25.1956,38.6445,6.3078,13.0053,8.0965,13.8735,45.4984,0.0000,13.8213,21.9239,13.7876,0.0000,0.0000,2.7244,0.0000,0.0000,13.6311,0.0000,0.0000,0.0000,16.5856,0.0000,0.0000,0.0000,7.2313,0.3405,1.3223,0.0000,0.0000,0.0000,0.0000,0.0000,0.0000,0.0000,0.0000,0.0000,0.0000,0.0000,0.0000,221.8704,0.0000,0.0000,200.0000,0.0000,0.0000,200.0000,1.5300,1.1400,0.0000,0.0000,0.6719,0.0000,0.0000,15.0000,0.0000,0.0000,0.0000,0.0000,0.0000,0.0000,0.0000,0.0000,0.0000,0.0000,0.0000,0.0000,7.0712,0.0000,0.0000,0.0000,0.0000,200.0000,18.3300,0.0000,0.0000,100.0000,200.0000
17,70EnNDPL2025/01/02,NDPL,0.0000,0.0000,0.0000,0.0000,8.9010,0.0000,0.0000,0.0000,38.9738,0.0000,12.4614,28.9200,0.0000,0.0000,34.7040,0.0000,27.6734,579.5135,0.0000,0.0000,69.6064,0.0000,0.0000,70.0700,0.0000,74.7100,0.0000,0.0000,0.0000,0.0000,0.0000,0.0000,9.3590,0.0000,0.0000,5.5838,13.8060,36.4325,0.0000,25.1956,38.6445,6.3078,13.0053,8.0965,13.8735,45.4984,0.0000,13.8213,21.9239,13.7876,0.0000,0.0000,2.7244,0.0000,0.0000,13.6311,0.0000,0.0000,0.0000,16.5856,0.0000,0.0000,0.0000,7.2313,0.3405,1.3223,0.0000,0.0000,0.0000,0.0000,0.0000,0.0000,0.0000,0.1565,0.0000,0.0000,0.0000,0.0000,221.8704,0.0000,0.0000,200.0000,0.0000,0.0000,200.0000,1.5300,1.1400,0.0000,0.0000,0.6719,0.0000,0.0000,14.8300,0.0000,0.0000,0.0000,0.0000,0.0000,0.0000,0.0000,0.0000,0.0000,0.0000,0.0000,0.0000,7.0712,0.0000,0.0000,0.0000,0.0000,200.0000,18.0500,0.0000,0.0000,100.0000,200.0000
18,70EnNDPL2025/01/02,NDPL,0.0000,0.0000,0.0000,0.0000,8.9010,0.0000,0.0000,0.0000,38.9738,0.0000,12.4614,28.9200,0.0000,0.0000,34.7040,0.0000,27.6734,579.5135,0.0000,0.0000,69.6064,0.0000,0.0000,70.0700,0.0000,74.7100,0.0000,0.0000,0.0000,0.0000,0.0000,0.0000,9.3590,0.0000,0.0000,5.5838,13.8060,36.4325,0.0000,25.1956,38.6445,6.3078,13.0053,8.0965,13.8735,45.4984,0.0000,13.8213,21.9239,13.7876,0.0000,0.0000,2.7244,0.0000,0.0000,13.6311,0.0000,0.0000,0.0000,16.5856,0.0000,0.0000,0.0000,7.2313,0.3405,1.3223,0.0000,0.0000,0.0000,0.0000,0.0000,0.0000,0.0000,0.1565,0.0000,0.0000,0.0000,0.0000,221.8704,0.0000,0.0000,200.0000,0.0000,0.0000,200.0000,1.5300,1.1400,0.0000,0.0000,0.6719,0.0000,0.0000,14.3300,0.0000,0.0000,0.0000,0.0000,0.0000,0.0000,0.0000,0.0000,0.0000,0.0000,0.0000,0.0000,7.0712,0.0000,0.0000,0.0000,0.0000,200.0000,18.0500,0.0000,0.0000,100.0000,200.0000
19,70EnNDPL2025/01/02,NDPL,0.0000,0.0000,0.0000,0.0000,8.9010,0.0000,0.0000,0.0000,38.9738,0.0000,12.4614,28.9200,0.0000,0.0000,34.7040,0.0000,27.6734,579.5135,0.0000,0.0000,69.6064,0.0000,0.0000,70.0700,0.0000,74.7100,0.0000,0.0000,0.0000,0.0000,0.0000,0.0000,9.3590,0.0000,0.0000,5.5838,13.8060,36.4325,0.0000,25.1956,38.6445,6.3078,13.0053,8.0965,13.8735,45.4984,0.0000,13.8827,21.9239,13.7876,0.0000,0.0000,2.7244,0.0000,0.0000,13.6311,0.0000,0.0000,0.0000,16.5856,0.0000,0.0000,0.0000,7.2313,0.3405,1.3223,0.0000,0.0000,0.0000,0.0000,0.0000,0.0000,0.0000,0.1565,0.0000,0.0000,0.0000,0.0000,221.8704,0.0000,0.0000,200.0000,0.0000,0.0000,200.0000,1.5300,1.1400,0.0000,0.0000,0.6719,0.0000,0.0000,13.6700,0.0000,0.0000,0.0000,0.0000,0.0000,0.0000,0.0000,0.0000,0.0000,0.0000,0.0000,0.0000,7.0712,0.0000,0.0000,0.0000,0.0000,200.0000,18.0500,0.0000,0.0000,100.0000,200.0000
20,70EnNDPL2025/01/02,NDPL,0.0000,0.0000,0.0000,0.0000,8.9010,0.0000,0.0000,0.0000,38.9738,0.0000,12.4614,28.9200,0.0000,0.0000,34.7040,0.0000,27.6734,579.5135,0.0000,0.0000,69.6064,0.0000,0.0000,70.0700,0.0000,74.7100,0.0000,0.0000,0.0000,0.0000,0.0000,0.0000,9.3590,0.0000,0.0000,5.5838,13.8060,36.4325,0.0000,25.1956,38.6445,6.3078,13.0053,8.0965,13.8735,45.4984,0.0000,13.8827,21.9239,13.7876,0.0000,4.7743,2.7244,0.0000,0.0000,13.6311,0.0000,0.0000,0.0000,16.5856,0.0000,0.0000,0.0000,7.2313,0.3405,1.3223,0.0000,0.0000,0.0000,0.0000,0.0000,0.0000,0.0000,0.1565,0.0000,0.0000,0.0000,0.0000,221.8704,0.0000,0.0000,200.0000,0.0000,0.0000,200.0000,1.5300,1.1400,0.0000,0.0000,0.6719,0.0000,0.0000,13.0000,0.0000,0.0000,0.0000,0.0000,0.0000,0.0000,0.0000,0.0000,0.0000,0.0000,0.0000,0.0000,7.0712,0.0000,0.0000,0.0000,0.0000,200.0000,18.0500,0.0000,0.0000,100.0000,200.0000
21,70EnNDPL2025/01/02,NDPL,0.0000,0.0000,0.0000,0.0000,8.9010,0.0000,0.0000,0.0000,38.9738,0.0000,12.4614,28.9200,0.0000,0.0000,34.7040,0.0000,27.6734,579.5135,0.0000,0.0000,69.6064,0.0000,0.0000,70.0700,0.0000,74.7100,0.0000,0.0000,0.0000,0.0000,0.0000,0.0000,9.3590,0.0000,0.0000,5.5838,13.8060,36.4325,0.0000,25.1956,38.6445,6.3078,13.0053,8.0965,13.8735,45.4984,0.0000,13.8827,21.9239,13.7876,0.0000,9.5485,2.7244,0.0000,0.0000,13.6311,0.0000,0.0000,0.0000,16.5856,0.0000,0.0000,0.0000,7.2313,0.3405,1.3223,0.0000,0.0000,0.0000,0.0000,0.0000,0.0000,0.0000,0.1565,0.0000,0.0000,0.0000,0.0000,221.8704,0.0000,0.0000,200.0000,0.0000,0.0000,200.0000,1.5300,1.1400,0.0000,0.0000,0.6719,0.0000,0.0000,13.0000,0.0000,0.0000,0.0000,0.0000,0.0000,0.0000,0.0000,0.0000,0.0000,0.0000,0.0000,0.0000,7.0712,0.0000,0.0000,0.0000,0.0000,200.0000,17.7700,0.0000,0.0000,100.0000,200.0000
22,70EnNDPL2025/01/02,NDPL,0.0000,0.0000,0.0000,0.0000,8.9010,0.0000,0.0000,0.0000,38.9738,0.0000,12.4614,28.9200,0.0000,0.0000,34.7040,0.0000,27.6734,579.5135,0.0000,0.0000,69.6064,0.0000,0.0000,70.0700,0.0000,74.7100,0.0000,0.0000,0.0000,0.0000,0.0000,0.0000,9.3590,0.0000,0.0000,5.5838,13.8060,36.4325,0.0000,25.1956,38.6445,6.3078,13.0053,8.0965,13.8735,45.4984,0.0000,13.8827,21.9239,13.7876,0.0000,9.5485,2.7244,0.0000,0.0000,13.6311,0.0000,0.0000,0.0000,16.5856,0.0000,0.0000,0.0000,7.2313,0.3405,1.3223,0.0000,0.0000,0.0000,0.0000,0.0000,0.0000,0.0000,0.1565,0.0000,0.0000,0.0000,0.0000,221.8704,0.0000,0.0000,200.0000,0.0000,0.0000,200.0000,1.5300,1.1400,0.0000,0.0000,0.6719,0.0000,0.0000,13.0000,0.0000,0.0000,0.0000,0.0000,0.0000,0.0000,0.0000,0.0000,0.0000,0.0000,0.0000,0.0000,7.0712,0.0000,0.0000,0.0000,0.0000,200.0000,17.7700,0.0000,0.0000,100.0000,200.0000
23,70EnNDPL2025/01/02,NDPL,0.0000,0.0000,0.0000,0.0000,8.9010,0.0000,0.0000,0.0000,38.9738,0.0000,12.4614,28.9200,0.0000,0.0000,34.7040,0.0000,27.6734,579.5135,6.3906,0.0000,69.6064,0.0000,0.0000,70.0700,0.0000,74.7100,0.0000,0.0000,0.0000,0.0000,0.0000,0.0000,9.3590,0.0000,0.0000,4.9057,13.8060,36.4325,0.0000,25.1956,38.6445,6.3078,13.0053,8.0965,13.8735,45.4984,0.0000,13.8827,21.9239,13.7876,0.0000,9.5485,2.7244,0.0000,0.0000,13.6311,0.0000,0.0000,0.0000,16.5856,0.0000,0.0000,0.0000,7.2313,0.3405,1.3223,0.0000,0.0000,0.0000,0.0000,0.0000,0.0000,0.0000,0.1565,0.0000,0.0000,0.0000,0.0000,221.8704,0.0000,0.0000,200.0000,0.0000,0.0000,200.0000,1.5300,1.1400,0.0000,0.0000,0.6719,0.0000,0.0000,12.8300,0.0000,0.0000,0.0000,0.0000,0.0000,0.0000,0.0000,0.0000,0.0000,0.0000,0.0000,0.0000,7.0712,0.0000,0.0000,0.0000,0.0000,200.0000,17.7700,0.0000,0.0000,100.0000,200.0000
24,70EnNDPL2025/01/02,NDPL,0.0000,0.0000,0.0000,0.0000,8.9010,0.0000,0.0000,0.0000,38.9738,0.0000,12.4614,28.9200,0.0000,0.0000,34.7040,0.0000,27.6734,579.5135,12.3456,0.0000,69.6064,0.0000,0.0000,70.0700,0.0000,96.0800,0.0000,0.0000,0.0000,0.0000,0.0000,0.0000,9.3590,0.0000,0.0000,4.6910,13.8060,36.4325,0.0000,25.1956,38.6445,6.3078,13.0053,8.0965,13.8735,45.4984,0.0000,13.8827,21.9239,13.7876,0.0000,14.3228,2.7244,0.0000,0.0000,13.6311,0.0000,0.0000,0.0000,16.5856,0.0000,0.0000,0.0000,7.2313,0.3405,1.3223,0.0000,0.0000,0.0000,2.4299,0.0000,0.0000,0.0000,0.1565,0.0000,0.0000,0.0000,0.0000,221.8704,0.0000,0.0000,200.0000,0.0000,0.0000,200.0000,1.5300,1.1400,0.0000,0.0000,0.6719,0.0000,0.0000,13.0000,0.0000,0.0000,0.0000,0.0000,0.0000,0.0000,0.0000,0.0000,0.0000,0.0000,0.0000,0.0000,7.0712,0.0000,0.0000,0.0000,0.0000,200.0000,17.7700,0.0000,0.0000,100.0000,200.0000
25,70EnNDPL2025/01/02,NDPL,0.0000,0.0000,0.0000,0.0000,8.9010,0.0000,0.0000,0.0000,38.9738,0.0000,12.4614,28.9200,0.0000,0.0000,34.7040,0.0000,27.6734,579.5135,18.0153,0.0000,69.6064,0.0000,0.0000,70.0700,0.0000,115.3000,0.0000,0.0000,0.0000,0.0000,0.0000,0.0000,9.3590,0.0000,0.0000,4.6910,13.8060,36.4325,0.0000,25.1956,38.6445,6.3078,13.0053,8.0965,13.8735,45.4984,0.0000,13.8827,21.9239,13.7876,0.0000,19.0971,2.7244,0.0000,0.0000,13.6311,0.0000,0.0000,0.0000,16.5856,0.0000,0.0000,0.0000,7.2313,0.3405,1.3223,0.0000,0.0000,0.0000,4.9027,0.0000,1.1720,0.0000,1.7672,0.3375,0.0000,0.0000,0.0000,221.8704,0.0000,0.0000,200.0000,0.0000,0.0000,200.0000,1.5300,1.1400,0.0000,0.0000,0.6719,0.0000,0.0000,12.8300,0.0000,0.0000,0.0000,0.0000,0.0000,0.0000,0.0000,0.0000,0.0000,0.0000,0.0000,0.0000,7.0712,0.0000,0.0000,0.0000,0.0000,200.0000,17.5000,0.0000,0.0000,100.0000,200.0000
26,70EnNDPL2025/01/02,NDPL,0.0000,0.0000,0.0000,0.0000,8.9010,0.0000,0.0000,0.0000,38.9738,0.0000,12.4614,28.9200,0.0000,0.0000,34.7040,0.0000,27.6734,579.5135,23.8230,0.0000,69.6064,0.0000,0.0000,70.0700,0.0000,134.0300,0.0000,0.0000,0.0000,0.0000,0.0000,0.0000,9.3590,0.0000,0.0000,4.6910,13.8060,36.4325,0.0000,25.1956,38.6445,6.3078,13.0053,8.0965,13.8735,45.4984,0.0000,13.9502,21.9239,13.7876,0.0000,19.0971,5.4457,0.0000,0.0000,13.6311,0.0000,0.0000,0.0000,16.5856,0.0000,0.0000,0.0000,7.2313,0.3405,1.3223,0.0000,0.8192,0.0000,4.9027,0.0000,5.0775,0.0000,1.7672,2.0003,0.0000,0.0000,0.0000,221.8704,0.0000,0.0000,200.0000,0.0000,0.0000,200.0000,1.5300,1.1400,0.0000,0.0000,0.6719,0.0000,0.0000,12.6700,0.0000,0.0000,0.0000,0.0000,0.0000,0.0000,0.0000,0.0000,0.0000,0.0000,0.0000,0.0000,7.0712,0.0000,0.0000,0.0000,0.0000,200.0000,17.5000,0.0000,0.0000,100.0000,0.1000
27,70EnNDPL2025/01/02,NDPL,0.0000,0.0000,0.0000,0.0000,8.9010,0.0000,0.0000,0.0000,38.9738,0.0000,12.4614,28.9200,0.0000,0.0000,34.7040,0.0000,27.6734,579.5135,29.0540,0.0000,69.6064,0.0000,0.0000,65.9300,0.0000,134.0300,0.0000,0.0000,0.0000,0.0000,0.0000,0.0000,9.3590,0.0000,0.0000,4.6910,13.8060,36.4325,0.0000,25.1956,38.6445,6.3078,13.0053,8.0965,13.8735,45.4984,0.0000,13.9502,21.6570,13.7876,0.0000,19.0971,8.1701,1.6168,0.0000,13.6311,0.0000,0.0000,0.0000,16.5856,0.0000,0.0000,0.0000,7.2313,0.3405,1.3223,4.3105,2.4544,2.9668,8.4094,5.0561,5.0775,0.0000,1.7672,2.0003,0.0000,0.0000,0.0000,221.8704,0.0000,0.0000,200.0000,0.0000,0.0000,200.0000,1.5300,1.1400,0.0000,0.0000,0.6719,0.0000,0.0000,12.5000,0.0000,0.0000,0.0000,0.0000,0.0000,0.0000,0.0000,0.0000,0.0000,0.0000,0.0000,0.0000,7.0712,0.0000,0.0000,0.0000,0.0000,200.0000,17.5000,0.0000,0.0000,100.0000,0.2200
28,70EnNDPL2025/01/02,NDPL,0.0000,0.0000,0.0000,0.0000,8.9010,0.0000,0.0000,0.0000,38.9738,0.0000,12.4614,28.9200,0.0000,0.0000,34.7040,0.0000,27.6734,579.5135,34.8648,0.0000,69.6064,0.0000,0.0000,65.9300,0.0000,134.0300,0.0000,0.0000,0.0000,0.0000,0.0000,0.0000,9.3590,0.0000,0.0000,4.6910,13.8060,36.4325,0.0000,25.1956,38.6445,6.3078,13.0053,8.0965,13.8735,45.4984,0.0000,13.9502,21.6570,13.7876,0.0000,19.0971,12.2198,3.2306,0.0000,13.6311,0.0000,0.0000,0.0000,16.5856,0.0000,0.0000,0.0000,7.2313,0.3405,1.3223,4.3105,8.0811,5.9458,8.4094,10.1091,5.0775,0.0000,1.7672,4.0007,0.0000,0.0000,0.0000,221.8704,0.0000,0.0000,200.0000,0.0000,0.0000,200.0000,1.5300,1.1400,0.0000,0.0000,0.6719,0.0000,0.0000,12.1700,0.0000,0.0000,0.0000,0.0000,0.0000,0.0000,0.0000,0.0000,0.0000,0.0000,0.0000,0.0000,7.0712,0.0000,0.0000,0.0000,0.0000,200.0000,17.5000,0.0000,0.0000,100.0000,0.3300
29,70EnNDPL2025/01/02,NDPL,0.0000,0.0000,0.0000,0.0000,8.9010,0.0000,0.0000,0.0000,38.9738,0.0000,12.4614,28.9200,0.0000,0.0000,34.7040,0.0000,27.6734,579.5135,34.8648,0.0000,69.6064,0.0000,0.0000,65.9300,0.0000,134.0300,0.0000,0.0000,0.0000,0.0000,0.0000,0.0000,9.3590,0.0000,0.0000,4.6910,13.8060,36.4325,0.0000,25.1956,38.6445,6.3078,13.0053,8.0965,13.8735,45.4984,0.0000,13.9502,21.6570,13.7876,0.0000,19.0971,12.2198,4.8505,0.0000,13.6311,0.0000,0.0000,0.0000,16.5856,0.0000,0.0000,0.0000,7.2313,0.3405,1.3223,4.3105,8.0811,5.9458,8.4094,10.1091,5.0775,0.0000,1.7672,4.0007,0.0000,0.0000,0.0000,221.8704,0.0000,0.0000,200.0000,0.0000,0.0000,0.1500,1.5300,1.1400,0.0000,0.0000,0.6719,0.0000,0.0000,11.6700,0.0000,0.0000,0.0000,0.0000,0.0000,0.0000,0.0000,0.0000,0.0000,0.0000,0.0000,0.0000,7.0712,0.0000,0.0000,0.0000,0.0000,1.0000,17.3200,0.0000,0.0000,0.0400,1.1400
30,70EnNDPL2025/01/02,NDPL,0.0000,0.0000,0.0000,0.0000,8.9010,0.0000,0.0000,0.0000,38.9738,0.0000,12.4614,28.9200,0.0000,0.0000,34.7040,0.0000,27.6734,579.5135,34.8648,0.0000,69.6064,0.0000,0.0000,65.9300,0.0000,134.0300,0.0800,0.0000,0.0000,0.0000,0.0000,0.0000,9.3590,0.0000,0.0000,4.6910,13.8060,36.4325,0.0000,25.1956,38.6445,6.3078,13.0053,8.0965,13.8735,45.4984,0.0000,13.9502,21.6570,13.7876,0.0000,19.0971,12.2198,4.8505,0.0000,13.6311,0.0000,0.0000,0.0000,16.5856,0.0000,0.0000,0.0000,7.2313,0.3405,1.3223,4.3105,8.0811,5.9458,8.4094,10.1091,5.0775,0.0000,1.7672,4.0007,0.0000,0.0000,0.0000,221.8704,0.0000,0.0000,200.0000,0.0000,0.0000,0.7200,1.5300,1.1400,0.0000,0.0000,0.6719,0.0000,0.0000,10.8300,0.0000,0.0000,0.0000,0.0000,0.0000,0.0000,0.0000,0.0000,0.0000,0.0000,0.0000,0.0000,7.0712,0.0000,0.0000,0.0000,0.0000,2.0000,17.3200,0.0000,0.0000,0.1400,2.5200
31,70EnNDPL2025/01/02,NDPL,0.0000,0.0000,0.0000,0.0000,8.9010,0.0000,0.0000,0.0000,38.9738,0.0000,12.4614,28.9200,0.0000,0.0000,34.7040,0.0000,27.6734,579.5135,43.0594,0.0000,69.6064,0.0000,0.0000,65.9300,0.0000,134.0300,0.4133,0.0000,0.0000,0.0000,0.0000,0.0000,9.3590,0.0000,0.0000,4.6910,13.8060,36.4325,0.0000,25.1956,38.6445,6.3078,13.0053,8.0965,13.8735,45.4984,0.0000,13.9502,21.6570,13.7876,0.0000,19.0971,12.2198,3.2306,0.0000,13.6311,0.0000,0.0000,0.0000,16.5856,0.0000,0.0000,0.0000,7.2313,0.6780,1.3223,4.3105,8.0811,5.9458,8.4094,10.1091,5.0775,0.0000,0.1565,4.0007,0.0000,0.0000,0.0000,221.8704,0.0000,0.0000,200.0000,0.0000,0.0000,2.1700,1.5300,1.1400,0.0000,0.0000,0.6719,0.0000,0.0000,10.0000,0.0000,0.0000,0.0000,0.0000,0.0000,0.0000,0.0000,0.0000,0.0000,0.0000,0.0000,0.0000,7.0712,0.0000,0.0000,0.0000,0.0000,3.0000,17.3200,0.0000,0.0000,0.3700,4.4400
32,70EnNDPL2025/01/02,NDPL,0.0000,0.0000,0.0000,0.0000,8.9010,0.0000,0.0000,0.0000,38.9738,0.0000,12.4614,28.9200,0.0000,0.0000,34.7040,0.0000,27.6734,579.5135,43.0594,0.0000,69.6064,0.0000,0.0000,65.9300,0.0000,134.0300,1.2633,0.0000,0.0000,0.0000,0.0000,0.0000,9.3590,0.0000,0.0000,4.6910,13.8060,36.4325,0.0000,25.1956,38.6445,6.3078,13.0053,8.0965,13.8735,45.4984,0.0000,13.9502,21.6570,13.7876,0.0000,19.0971,12.2198,1.6168,0.0000,13.6311,0.0000,0.0000,0.0000,16.5856,0.0000,0.0000,0.0000,7.2313,8.1271,1.3223,4.3105,8.0811,5.9458,8.4094,10.1091,1.0922,0.0000,0.1565,4.0007,0.0000,0.0000,0.0000,221.8704,0.0000,0.0000,200.0000,0.0000,0.0000,4.4800,1.5300,1.1400,0.0000,0.0000,0.6719,0.0000,0.0000,10.0000,0.0000,0.0000,0.0000,0.0000,0.0000,0.0000,0.0000,0.0000,0.0000,0.0000,0.0000,0.0000,7.0712,0.0000,0.0000,0.0000,0.0000,5.0000,17.3200,0.0000,0.0000,0.8400,6.7900
33,70EnNDPL2025/01/02,NDPL,0.0000,0.0000,0.0000,0.0000,8.9010,0.0000,0.0000,0.0000,38.9738,0.0000,12.4614,28.9200,0.0000,0.0000,34.7040,0.0000,27.6734,579.5135,34.8648,0.0000,69.6064,0.0000,0.0000,65.9300,0.0000,134.0300,2.8933,0.0000,0.0000,0.0000,0.0000,0.0000,9.3590,0.0000,0.0000,4.6910,13.8060,36.4325,0.0000,25.1956,38.6445,6.3078,13.0053,8.0965,13.8735,45.4984,0.0000,13.9502,21.6570,13.7876,0.0000,19.0971,12.2198,1.6168,0.0000,13.6311,0.0000,0.0000,0.0000,16.5856,0.0000,0.0000,0.0000,7.2313,8.1271,1.3223,4.3105,8.0811,5.9458,8.4094,10.1091,0.0000,0.0000,0.1565,4.0007,0.0000,0.0000,0.0000,221.8704,0.0000,0.0000,200.0000,0.0000,0.0000,7.4800,1.5300,1.1400,0.0000,0.0000,0.6719,0.0000,0.0000,10.0000,0.0000,0.0000,0.0000,0.0000,0.0000,0.0000,0.0000,0.0000,0.0000,0.0000,0.0000,0.0000,7.0712,0.0000,0.0000,0.0000,0.0000,7.0000,17.1300,0.0000,0.0000,1.8000,10.7500
34,70EnNDPL2025/01/02,NDPL,0.0000,0.0000,0.0000,0.0000,8.9010,0.0000,0.0000,0.0000,38.9738,0.0000,12.4614,28.9200,0.0000,0.0000,34.7040,0.0000,27.6734,579.5135,29.0540,0.0000,69.6064,0.0000,0.0000,65.9300,0.0000,134.0300,2.8933,0.0000,0.0000,0.0000,0.0000,0.0000,9.3590,0.0000,0.0000,4.6910,13.8060,36.4325,0.0000,25.1956,38.6445,6.3078,13.0053,8.0965,13.8735,45.4984,0.0000,13.9502,21.6570,13.7876,0.0000,19.0971,12.2198,0.0000,0.0000,13.6311,0.0000,0.0000,0.0000,16.5856,0.0000,0.0000,0.0000,7.2313,8.1271,1.3223,4.2921,8.0811,5.9458,4.9027,10.1091,0.0000,0.0000,0.1565,4.0007,0.0000,0.0000,0.0000,221.8704,0.0000,0.0000,200.0000,0.0000,0.0000,10.7400,1.5300,1.1400,0.0000,0.0000,0.6719,0.0000,0.0000,9.1700,0.0000,0.0000,0.0000,0.0000,0.0000,0.0000,0.0000,0.0000,0.0000,0.0000,0.0000,0.0000,6.3189,0.0000,0.0000,0.0000,0.0000,9.0000,17.1300,0.0000,0.0000,2.7700,16.0900
35,70EnNDPL2025/01/02,NDPL,0.0000,0.0000,0.0000,0.0000,8.9010,0.0000,0.0000,0.0000,38.9738,0.0000,12.4614,28.9200,0.0000,0.0000,34.7040,0.0000,27.6734,579.5135,23.8230,0.0000,69.6064,0.0000,0.0000,65.9300,0.0000,134.0300,3.8333,0.0000,0.0000,0.0000,0.0000,0.0000,9.3590,0.0000,0.0000,4.6910,13.8060,36.4325,0.0000,25.1956,38.6445,6.3078,13.0053,8.0965,13.8735,45.4984,0.0000,13.8827,21.6570,13.7876,0.0000,19.0971,6.0501,0.0000,0.0000,13.6311,0.0000,0.0000,0.0000,16.5856,0.0000,0.0000,0.0000,7.2313,1.0155,1.3223,4.2921,4.0406,2.9668,2.6446,10.1091,0.0000,0.0000,0.3528,2.0003,0.0000,0.0000,0.0000,221.8704,0.0000,0.0000,200.0000,0.0000,0.0000,14.3000,1.5300,1.1400,0.0000,0.0000,0.6719,0.0000,0.0000,8.3300,0.0000,0.0000,0.0000,0.0000,0.0000,0.0000,0.0000,0.0000,0.0000,0.0000,0.0000,0.0000,6.3189,0.0000,0.0000,0.0000,0.0000,11.0000,17.1300,0.0000,0.0000,3.9400,21.4300
36,70EnNDPL2025/01/02,NDPL,0.0000,0.0000,0.0000,0.0000,8.9010,0.0000,0.0000,0.0000,38.9738,0.0000,12.4614,28.9200,0.0000,0.0000,34.7040,0.0000,27.6734,579.5135,18.0153,0.0000,69.6064,0.0000,0.0000,65.9300,0.0000,134.0300,4.7366,0.0000,0.0000,0.0000,0.0000,0.0000,9.3590,0.0000,0.0000,4.6910,13.8060,36.4325,0.0000,25.1956,38.6445,6.3078,13.0053,8.0965,13.8735,45.4984,0.0000,13.8213,21.6570,13.7876,0.0000,19.0971,2.7244,0.0000,0.0000,13.6311,0.0000,0.0000,0.0000,16.5856,0.0000,0.0000,0.0000,7.2313,0.3405,1.3223,0.0000,4.0406,2.9668,0.0000,5.0561,0.0000,0.0000,0.3528,2.0003,0.0000,0.0000,0.0000,221.8704,0.0000,0.0000,200.0000,0.0000,0.0000,62.7100,1.5300,1.1400,0.0000,0.0000,0.6719,0.0000,0.0000,7.5000,0.0000,0.0000,0.0000,0.0000,0.0000,0.0000,0.0000,0.0000,0.0000,0.0000,0.0000,0.0000,7.2216,0.0000,0.0000,0.0000,0.0000,12.0000,17.1300,0.0000,0.0000,5.3400,26.7700
37,70EnNDPL2025/01/02,NDPL,0.0000,0.0000,0.0000,0.0000,8.9010,0.0000,0.0000,0.0000,38.9738,0.0000,12.4614,28.9200,0.0000,0.0000,34.7040,0.0000,27.6734,547.6564,12.2045,0.0000,69.6064,0.0000,0.0000,65.9300,0.0000,134.0300,5.1299,0.0000,0.0000,0.0000,0.0000,0.0000,9.3590,0.0000,0.0000,4.6910,13.8060,36.4325,0.0000,25.1956,38.6445,6.3078,13.0053,8.0965,13.8735,45.4984,0.0000,13.7538,21.6570,13.7876,0.0000,19.0971,2.7244,0.0000,0.0000,13.6311,0.0000,0.0000,0.0000,16.5856,0.0000,0.0000,0.0000,7.2313,0.3405,1.3223,0.0000,4.0406,2.9668,0.0000,5.0561,0.0000,0.0000,0.3528,0.3375,0.0000,0.0000,0.0000,219.6952,0.0000,0.0000,200.0000,0.0000,0.0000,72.3200,1.4800,1.1400,0.0000,0.0000,0.6719,0.0000,0.0000,6.6700,0.0000,0.0000,0.0000,0.0000,0.0000,0.0000,0.0000,0.0000,0.0000,0.0000,0.0000,0.0000,7.2216,0.0000,0.0000,0.0000,0.0000,13.0000,16.9500,0.0000,0.0000,6.2900,32.7400
38,70EnNDPL2025/01/02,NDPL,0.0000,0.0000,0.0000,0.0000,8.9010,0.0000,0.0000,0.0000,38.9738,0.0000,12.4614,28.9200,0.0000,0.0000,34.7040,0.0000,27.6734,547.6564,5.8384,0.0000,69.6064,0.0000,0.0000,94.1900,0.0000,134.0300,6.1233,0.0000,0.0000,0.0000,0.0000,0.0000,9.3590,0.0000,0.0000,4.6910,13.8060,36.4325,0.0000,25.1956,38.6445,6.3078,13.0053,8.0965,13.8735,45.4984,0.0000,13.7538,21.6570,13.7876,0.0000,19.0971,2.7244,0.0000,0.0000,13.6311,0.0000,0.0000,0.0000,16.5856,0.0000,0.0000,0.0000,7.2313,0.3405,1.3223,0.0000,0.0000,2.9668,0.0000,5.0561,0.0000,0.0000,0.3528,0.0000,0.0000,0.0000,0.0000,219.6952,0.0000,0.0000,200.0000,0.0000,0.0000,81.1300,1.4800,1.1400,0.0000,0.0000,0.6719,0.0000,0.0000,6.6700,0.0000,0.0000,0.0000,0.0000,0.0000,0.0000,0.0000,0.0000,0.0000,0.0000,0.0000,0.0000,7.2216,0.0000,0.0000,0.0000,0.0000,15.0000,16.9500,0.0000,0.0000,7.4400,38.7200
39,70EnNDPL2025/01/02,NDPL,0.0000,3.8560,0.0000,0.0000,8.9010,0.0000,0.0000,0.0000,38.9738,0.0000,12.4614,28.9200,0.0000,0.0000,34.7040,0.0000,27.6734,497.8804,0.0000,0.0000,69.6064,0.0000,0.0000,114.9100,0.0000,134.0300,7.6733,0.0000,0.0000,0.0000,0.0000,0.0000,9.3590,0.0000,0.0000,4.6910,13.8060,36.4325,0.0000,25.1956,38.6445,6.3078,13.0053,8.0965,13.8735,45.4984,0.0000,13.6925,21.6570,13.7876,0.0000,14.3228,2.7244,0.0000,0.0000,13.6311,0.0000,0.0000,0.0000,16.5856,0.0000,0.0000,0.0000,7.2313,0.3405,1.3223,0.0000,0.0000,0.0000,0.0000,5.0561,0.0000,0.0000,0.3528,0.0000,0.0000,0.0000,0.0000,219.6952,0.0000,0.0000,200.0000,0.0000,0.0000,89.1800,1.4800,1.1400,0.0000,0.0000,0.6719,0.0000,0.0000,6.6700,0.0000,0.0000,0.0000,0.0000,0.0000,0.0000,0.0000,0.0000,0.0000,0.0000,0.0000,0.0000,7.2216,0.0000,0.0000,0.0000,0.0000,20.0000,16.9500,0.0000,0.0000,8.5000,44.6900
40,70EnNDPL2025/01/02,NDPL,0.0000,3.8560,0.0000,0.0000,8.9010,0.0000,0.0000,0.0000,38.9738,0.0000,12.4614,28.9200,0.0000,0.0000,34.7040,0.0000,27.6734,497.8804,0.0000,0.0000,69.6064,0.0000,0.0000,114.9100,0.0000,134.0300,9.1466,0.0000,0.0000,0.0000,0.0000,0.0000,9.3590,0.0000,0.0000,4.6910,13.8060,36.4325,0.0000,25.1956,38.6445,6.3078,13.0053,8.0965,13.8735,45.4984,0.0000,13.6250,21.6570,13.7876,0.0000,14.3228,2.7244,0.0000,0.0000,13.6311,0.0000,0.0000,0.0000,16.5856,0.0000,0.0000,0.0000,7.2313,0.3405,1.3223,0.0000,0.0000,0.0000,0.0000,5.0561,0.0000,0.0000,0.3528,0.0000,0.0000,0.0000,0.0000,219.6952,0.0000,0.0000,200.0000,0.0000,0.0000,96.5300,1.4800,1.1400,0.0000,0.0000,0.6719,0.0000,0.0000,6.6700,0.0000,0.0000,0.0000,0.0000,0.0000,0.0000,0.0000,0.0000,0.0000,0.0000,0.0000,0.0000,7.2216,0.0000,0.0000,0.0000,0.0000,23.0000,16.9500,0.0000,0.0000,9.4500,50.6600
41,70EnNDPL2025/01/02,NDPL,0.0000,7.7120,0.0000,0.0000,8.9010,0.0000,0.0000,0.0000,38.9738,0.0000,12.4614,28.9200,0.0000,0.0000,34.7040,0.0000,27.6734,497.8804,0.0000,0.0000,69.6064,0.0000,0.0000,114.9100,0.0000,134.0300,10.4066,0.0000,0.0000,0.0000,0.0000,0.0000,9.3590,0.0000,0.0000,4.6910,13.8060,36.4325,0.0000,25.1956,38.6445,6.3078,13.0053,8.0965,13.8735,45.4984,0.0000,13.5943,21.6570,13.7876,0.0000,9.5485,2.7244,0.0000,0.0000,13.6311,0.0000,0.0000,0.0000,16.5856,0.0000,0.0000,0.0000,7.2313,0.3405,2.4759,0.0000,0.0000,0.0000,0.0000,0.0000,0.0000,0.0000,0.3528,0.0000,0.0000,0.0000,0.0000,219.6952,0.0000,0.0000,200.0000,0.0000,0.0000,105.9300,1.4800,1.1400,0.0000,0.0000,0.6719,0.0000,0.0000,6.6700,0.0000,0.0000,0.0000,0.0000,0.0000,0.0000,0.0000,0.0000,0.0000,0.0000,0.0000,0.0000,7.2216,0.0000,0.0000,0.0000,0.0000,22.0000,16.7600,0.0000,0.0000,10.3800,55.1400
42,70EnNDPL2025/01/02,NDPL,0.0000,7.7120,0.0000,0.0000,8.9010,0.0000,0.0000,0.0000,38.9738,0.0000,12.4614,28.9200,0.0000,0.0000,34.7040,0.0000,27.6734,497.8804,0.0000,0.0000,69.6064,0.0000,0.0000,114.9100,0.0000,134.0300,11.4099,0.0000,0.0000,0.0000,0.0000,0.0000,9.3590,0.0000,0.0000,4.6910,13.8060,36.4325,0.0000,25.1956,38.6445,6.3078,13.0053,8.0965,13.8735,45.4984,0.0000,13.5943,21.6570,13.7876,0.0000,9.5485,2.7244,0.0000,0.0000,13.6311,0.0000,0.0000,0.0000,16.5856,0.0000,0.0000,0.0000,7.2313,0.3405,2.4759,0.0000,0.0000,0.0000,0.0000,0.0000,0.0000,0.0000,0.3528,0.0000,0.0000,0.0000,0.0000,219.6952,0.0000,0.0000,200.0000,0.0000,0.0000,118.4300,1.4800,1.1400,0.0000,0.0000,0.6719,0.0000,0.0000,6.6700,0.0000,0.0000,0.0000,0.0000,0.0000,0.0000,0.0000,0.0000,0.0000,0.0000,0.0000,0.0000,7.6730,0.0000,0.0000,0.0000,0.0000,25.0000,16.7600,0.0000,0.0000,11.1400,59.6200
43,70EnNDPL2025/01/02,NDPL,0.0000,11.5680,0.0000,0.0000,8.9010,0.0000,0.0000,0.0000,38.9738,0.0000,12.4614,28.9200,0.0000,0.0000,34.7040,0.0000,27.6734,477.9707,0.0000,0.0000,69.6064,0.0000,0.0000,106.4300,0.0000,134.0300,12.3332,0.0000,0.0000,0.0000,0.0000,0.0000,9.3590,0.0000,0.0000,4.6910,13.8060,36.4325,0.0000,25.1956,38.6445,6.3078,13.0053,8.0965,13.8735,45.4984,0.0000,13.5299,21.6570,13.7876,0.0000,4.7743,2.7244,0.0000,0.0000,13.6311,0.0000,0.0000,0.0000,16.5856,0.0000,0.0000,0.0000,7.2313,0.3405,2.4759,0.0000,0.0000,0.0000,0.0000,0.0000,0.0000,0.0000,0.3528,0.0000,0.0000,0.0000,0.0000,219.6952,0.0000,0.0000,200.0000,0.0000,0.0000,126.5600,1.4800,1.1400,0.0000,0.0000,0.6719,0.0000,0.0000,6.6700,0.0000,0.0000,0.0000,0.0000,0.0000,0.0000,0.0000,0.0000,0.0000,0.0000,0.0000,0.0000,7.6730,0.0000,0.0000,0.0000,0.0000,37.0000,16.7600,0.0000,0.0000,11.9500,71.6600
44,70EnNDPL2025/01/02,NDPL,0.0000,15.4240,0.0000,0.0000,8.9010,0.0000,0.0000,0.0000,38.9738,0.0000,12.4614,28.9200,0.0000,0.0000,34.7040,0.0000,27.6734,477.9707,0.0000,0.0000,69.6064,0.0000,0.0000,97.9500,0.0000,134.0300,13.1165,0.0000,0.0000,0.0000,0.0000,0.0000,9.3590,0.0000,0.0000,4.6910,13.8060,36.4325,0.0000,25.1956,38.6445,6.3078,13.0053,8.0965,13.8735,45.4984,0.0000,13.4655,21.6570,13.7876,0.0000,0.0000,2.7244,0.0000,0.0000,13.6311,0.0000,0.0000,0.0000,16.5856,0.0000,0.0000,0.0000,7.2313,0.3405,2.4759,0.0000,0.0000,0.0000,0.0000,0.0000,0.0000,0.0000,0.3528,0.0000,0.0000,0.0000,0.0000,219.6952,0.0000,0.0000,200.0000,0.0000,0.0000,132.1300,1.4800,1.1400,0.0000,0.0000,0.6719,0.0000,0.0000,6.6700,0.0000,0.0000,0.0000,0.0000,0.0000,0.0000,0.0000,0.0000,0.0000,0.0000,0.0000,0.0000,7.6730,0.0000,0.0000,0.0000,0.0000,43.0000,16.7600,0.0000,0.0000,12.5700,79.3300
45,70EnNDPL2025/01/02,NDPL,0.0000,15.4240,0.0000,0.0000,8.9010,0.0000,0.0000,0.0000,38.9738,0.0000,12.4614,28.9200,0.0000,0.0000,34.7040,0.0000,27.6734,579.5135,0.0000,0.0000,69.6064,0.0000,0.0000,89.4800,0.0000,134.0300,13.6732,0.0000,0.0000,0.0000,0.0000,0.0000,9.3590,0.0000,0.0000,4.6910,13.8060,36.4325,0.0000,25.1956,38.6445,6.3078,13.0053,8.0965,13.8735,45.4984,0.0000,13.4010,21.6570,13.7876,0.0000,0.0000,2.7244,0.0000,0.0000,13.6311,0.0000,0.0000,0.0000,16.5856,0.0000,0.0000,0.0000,7.2313,8.1271,2.4759,0.0000,0.0000,0.0000,0.0000,0.0000,0.0000,0.0000,0.5492,0.0000,0.0000,0.0000,0.0000,219.6952,0.0000,0.0000,200.0000,0.0000,0.0000,136.0200,1.4800,1.1400,0.0000,0.0000,0.6719,0.0000,0.0000,6.6700,0.0000,0.0000,0.0000,0.0000,0.0000,0.0000,0.0000,0.0000,0.0000,0.0000,0.0000,0.0000,7.6730,0.0000,0.0000,0.0000,0.0000,53.0000,16.7600,0.0000,0.0000,13.2100,84.9900
46,70EnNDPL2025/01/02,NDPL,0.0000,0.0000,0.0000,0.0000,8.9010,0.0000,0.0000,0.0000,38.9738,0.0000,12.4614,28.9200,0.0000,0.0000,34.7040,0.0000,27.6734,579.5135,0.0000,0.0000,69.6064,0.0000,0.0000,70.0700,0.0000,134.0300,14.1765,0.0000,0.0000,0.0000,0.0000,0.0000,9.3590,0.0000,0.0000,4.6910,13.8060,36.4325,0.0000,25.1956,38.6445,6.3078,13.0053,8.0965,13.8735,45.4984,0.0000,13.4010,21.6570,13.7876,0.0000,0.0000,2.7244,0.0000,0.0000,13.6311,0.0000,0.0000,0.0000,16.5856,0.0000,0.0000,0.0000,7.2313,8.1271,2.4759,0.0000,0.0000,0.0000,0.0000,0.0000,0.0000,0.0000,0.5492,0.0000,0.0000,0.0000,0.0000,219.6952,0.0000,0.0000,200.0000,0.0000,0.0000,138.7800,1.4800,1.1400,0.0000,0.0000,0.6719,0.0000,0.0000,6.6700,0.0000,0.0000,0.0000,0.0000,0.0000,0.0000,0.0000,0.0000,0.0000,0.0000,0.0000,0.0000,7.6730,0.0000,0.0000,0.0000,0.0000,67.0000,16.7600,0.0000,0.0000,13.8100,84.9900
47,70EnNDPL2025/01/02,NDPL,0.0000,0.0000,0.0000,0.0000,8.9010,0.0000,0.0000,0.0000,38.9738,0.0000,12.4614,28.9200,0.0000,0.0000,34.7040,0.0000,27.6734,579.5135,0.0000,0.0000,69.6064,0.0000,0.0000,70.0700,0.0000,134.0300,14.4499,0.0000,0.0000,0.0000,0.0000,0.0000,9.3590,0.0000,0.0000,4.6910,13.8060,36.4325,0.0000,25.1956,38.6445,6.3078,13.0053,8.0965,13.8735,45.4984,0.0000,13.3366,21.6570,13.7876,0.0000,0.0000,2.7244,0.0000,0.0000,13.6311,0.0000,0.0000,0.0000,16.5856,0.0000,0.0000,0.0000,7.2313,0.3405,1.3223,0.0000,0.0000,0.0000,0.0000,0.0000,0.0000,0.0000,0.5492,0.0000,0.0000,0.0000,0.0000,219.6952,0.0000,0.0000,200.0000,0.0000,0.0000,140.8500,1.4800,1.1400,0.0000,0.0000,0.6719,0.0000,0.0000,6.6700,0.0000,0.0000,0.0000,0.0000,0.0000,0.0000,0.0000,0.0000,0.0000,0.0000,0.0000,0.0000,7.6730,0.0000,0.0000,0.0000,0.0000,70.0000,16.7600,0.0000,0.0000,13.8100,84.9900
48,70EnNDPL2025/01/02,NDPL,0.0000,0.0000,0.0000,0.0000,8.9010,0.0000,0.0000,0.0000,38.9738,0.0000,12.4614,28.9200,0.0000,0.0000,34.7040,0.0000,27.6734,579.5135,0.0000,0.0000,69.6064,0.0000,0.0000,70.0700,0.0000,134.0300,14.6199,0.0000,0.0000,0.0000,0.0000,0.0000,9.3590,0.0000,0.0000,4.6910,13.8060,36.4325,0.0000,25.1956,38.6445,6.3078,13.0053,8.0965,13.8735,45.4984,0.0000,13.3366,21.6570,13.7876,0.0000,0.0000,2.7244,0.0000,0.0000,13.6311,0.0000,0.0000,0.0000,16.5856,0.0000,0.0000,0.0000,7.2313,0.3405,1.3223,0.0000,0.0000,0.0000,0.0000,0.0000,0.0000,0.0000,0.5492,0.0000,0.0000,0.0000,0.0000,219.6952,0.0000,0.0000,200.0000,0.0000,0.0000,142.2100,1.4800,1.1400,0.0000,0.0000,0.6719,0.0000,0.0000,6.6700,0.0000,0.0000,0.0000,0.0000,0.0000,0.0000,0.0000,0.0000,0.0000,0.0000,0.0000,0.0000,7.6730,0.0000,0.0000,0.0000,0.0000,73.0000,16.7600,0.0000,0.0000,13.8100,84.9900
49,70EnNDPL2025/01/02,NDPL,0.0000,0.0000,0.0000,0.0000,8.9010,0.0000,0.0000,0.0000,38.9738,0.0000,12.4614,28.9200,0.0000,0.0000,34.7040,0.0000,27.6734,579.5135,0.0000,0.0000,69.6064,0.0000,0.0000,70.0700,0.0000,134.0300,14.6932,0.0000,0.0000,0.0000,0.0000,0.0000,9.3590,0.0000,0.0000,4.6910,13.8060,36.4325,0.0000,25.1956,38.6445,6.3078,13.0053,8.0965,13.8735,45.4984,0.0000,13.3028,21.6570,13.7876,0.0000,0.0000,2.7244,0.0000,0.0000,13.6311,0.0000,0.0000,0.0000,16.5856,0.0000,0.0000,0.0000,7.2313,0.3405,1.3223,0.0000,0.0000,0.0000,0.0000,0.0000,0.0000,0.0000,0.5492,0.0000,0.0000,0.0000,0.0000,215.3448,0.0000,0.0000,200.0000,0.0000,0.0000,144.6500,1.5300,1.1400,0.0000,0.0000,0.6719,0.0000,0.0000,6.6700,0.0000,0.0000,0.0000,0.0000,0.0000,0.0000,0.0000,0.0000,0.0000,0.0000,0.0000,0.0000,7.6730,0.0000,0.0000,0.0000,0.0000,83.0000,16.5700,0.0000,0.0000,13.8100,84.9900
50,70EnNDPL2025/01/02,NDPL,0.0000,0.0000,0.0000,0.0000,8.9010,0.0000,0.0000,0.0000,38.9738,0.0000,12.4614,28.9200,0.0000,0.0000,34.7040,0.0000,27.6734,579.5135,0.0000,0.0000,69.6064,0.0000,0.0000,70.0700,0.0000,134.0300,14.7132,0.0000,0.0000,0.0000,0.0000,0.0000,9.3590,0.0000,0.0000,4.6910,13.8060,36.4325,0.0000,25.1956,38.6445,6.3078,13.0053,8.0965,13.8735,45.4984,0.0000,13.2415,21.6570,13.7876,0.0000,0.0000,2.7244,0.0000,0.0000,13.6311,0.0000,0.0000,0.0000,16.5856,0.0000,0.0000,0.0000,7.2313,0.3405,1.3223,0.0000,0.0000,0.0000,0.0000,5.0561,0.0000,0.0000,0.5492,0.0000,0.0000,0.0000,0.0000,215.3448,0.0000,0.0000,200.0000,0.0000,0.0000,145.5100,1.5300,1.1400,0.0000,0.0000,0.6719,0.0000,0.0000,6.6700,0.0000,0.0000,0.0000,0.0000,0.0000,0.0000,0.0000,0.0000,0.0000,0.0000,0.0000,0.0000,7.9739,0.0000,0.0000,0.0000,0.0000,87.0000,16.5700,0.0000,0.0000,13.8100,84.9900
51,70EnNDPL2025/01/02,NDPL,0.0000,0.0000,0.0000,0.0000,8.9010,0.0000,0.0000,0.0000,38.9738,0.0000,12.4614,28.9200,0.0000,0.0000,34.7040,0.0000,27.6734,579.5135,0.0000,0.0000,69.6064,0.0000,0.0000,70.0700,0.0000,134.0300,14.7132,0.0000,0.0000,0.0000,0.0000,0.0000,9.3590,0.0000,0.0000,4.6910,13.8060,36.4325,0.0000,25.1956,38.6445,6.3078,13.0053,8.0965,13.8735,45.4984,0.0000,13.2415,21.6570,13.7876,0.0000,0.0000,2.7244,0.0000,0.0000,13.6311,0.0000,0.0000,0.0000,16.5856,0.0000,0.0000,0.0000,7.2313,0.3405,1.3223,0.0000,0.0000,0.0000,0.0000,5.0561,0.0000,0.0000,0.5492,0.0000,0.0000,0.0000,0.0000,215.3448,0.0000,0.0000,200.0000,0.0000,0.0000,145.4600,1.5300,1.1400,0.0000,0.0000,0.6719,0.0000,0.0000,6.6700,0.0000,0.0000,0.0000,0.0000,0.0000,0.0000,0.0000,0.0000,0.0000,0.0000,0.0000,0.0000,7.9739,0.0000,0.0000,0.0000,0.0000,90.0000,16.5700,0.0000,0.0000,13.8100,84.9900
52,70EnNDPL2025/01/02,NDPL,0.0000,0.0000,0.0000,0.0000,8.9010,0.0000,0.0000,0.0000,38.9738,0.0000,12.4614,28.9200,0.0000,0.0000,34.7040,0.0000,27.6734,579.5135,0.0000,0.0000,69.6064,0.0000,0.0000,70.0700,0.0000,134.0300,14.7132,0.0000,0.0000,0.0000,0.0000,0.0000,9.3590,0.0000,0.0000,4.6910,13.8060,36.4325,0.0000,25.1956,38.6445,6.3078,13.0053,8.0965,13.8735,45.4984,0.0000,13.1740,21.6570,13.7876,0.0000,0.0000,2.7244,0.0000,0.0000,13.6311,0.0000,0.0000,0.0000,16.5856,0.0000,0.0000,0.0000,7.2313,0.3405,1.3223,0.0000,0.0000,0.0000,0.0000,5.0561,0.0000,0.0000,0.5492,0.0000,0.0000,0.0000,0.0000,215.3448,0.0000,0.0000,200.0000,0.0000,0.0000,144.4900,1.5300,1.1400,0.0000,0.0000,0.6719,0.0000,0.0000,6.6700,0.0000,0.0000,0.0000,0.0000,0.0000,0.0000,0.0000,0.0000,0.0000,0.0000,0.0000,0.0000,7.9739,0.0000,0.0000,0.0000,0.0000,90.0000,16.5700,0.0000,0.0000,13.8100,84.9900
53,70EnNDPL2025/01/02,NDPL,0.0000,0.0000,0.0000,0.0000,8.9010,0.0000,0.0000,0.0000,38.9738,0.0000,12.4614,28.9200,0.0000,0.0000,34.7040,0.0000,27.6734,579.5135,0.0000,0.0000,69.6064,0.0000,0.0000,70.0700,0.0000,134.0300,14.7132,0.0000,0.0000,0.0000,0.0000,0.0000,9.3590,0.0000,0.0000,4.6910,13.8060,36.4325,0.0000,25.1956,38.6445,6.3078,13.0053,8.0965,13.8735,45.4984,0.0000,13.1740,21.6570,13.7876,0.0000,0.0000,2.7244,0.0000,0.0000,13.6311,0.0000,0.0000,0.0000,16.5856,0.0000,0.0000,0.0000,7.2313,0.3405,1.3223,0.0000,0.0000,0.0000,0.0000,5.0561,0.0000,0.0000,0.5492,0.0000,0.0000,0.0000,0.0000,215.3448,0.0000,0.0000,200.0000,0.0000,0.0000,142.6200,1.5300,1.1400,0.0000,0.0000,0.6719,0.0000,0.0000,6.6700,0.0000,0.0000,0.0000,0.0000,0.0000,0.0000,0.0000,0.0000,0.0000,0.0000,0.0000,0.0000,7.9739,0.0000,0.0000,0.0000,0.0000,90.0000,16.3900,0.0000,0.0000,15.1900,84.9900
54,70EnNDPL2025/01/02,NDPL,0.0000,0.0000,0.0000,0.0000,8.9010,0.0000,0.0000,0.0000,38.9738,0.0000,12.4614,28.9200,0.0000,0.0000,34.7040,0.0000,27.6734,579.5135,0.0000,0.0000,69.6064,0.0000,0.0000,70.0700,0.0000,134.0300,14.6732,0.0000,0.0000,0.0000,0.0000,0.0000,9.3590,0.0000,0.0000,4.6910,13.8060,36.4325,0.0000,25.1956,38.6445,6.3078,13.0053,8.0965,13.8735,45.4984,0.0000,13.1740,21.6570,13.7876,0.0000,0.0000,2.7244,0.0000,0.0000,13.6311,0.0000,0.0000,0.0000,16.5856,0.0000,0.0000,0.0000,7.2313,0.3405,1.3223,0.0000,0.0000,0.0000,0.0000,5.0561,0.0000,0.0000,0.5492,0.0000,0.0000,0.0000,0.0000,215.3448,0.0000,0.0000,200.0000,0.0000,0.0000,140.0100,1.5300,1.1400,0.0000,0.0000,0.6719,0.0000,0.0000,6.6700,0.0000,0.0000,0.0000,0.0000,0.0000,0.0000,0.0000,0.0000,0.0000,0.0000,0.0000,0.0000,7.9739,0.0000,0.0000,0.0000,0.0000,90.0000,16.3900,0.0000,0.0000,15.1900,84.9900
55,70EnNDPL2025/01/02,NDPL,0.0000,0.0000,0.0000,0.0000,8.9010,0.0000,0.0000,0.0000,38.9738,0.0000,12.4614,28.9200,0.0000,0.0000,34.7040,0.0000,27.6734,579.5135,0.0000,0.0000,69.6064,0.0000,0.0000,70.0700,0.0000,134.0300,14.5699,0.0000,0.0000,0.0000,0.0000,0.0000,9.3590,0.0000,0.0000,4.6910,13.8060,36.4325,0.0000,25.1956,38.6445,6.3078,13.0053,8.0965,13.8735,45.4984,0.0000,13.1740,21.6570,13.7876,0.0000,0.0000,2.7244,0.0000,0.0000,13.6311,0.0000,0.0000,0.0000,16.5856,0.0000,0.0000,0.0000,7.2313,0.3405,1.3223,0.0000,0.0000,0.0000,0.0000,5.0561,0.0000,0.0000,0.5492,0.0000,0.0000,0.0000,0.0000,215.3448,0.0000,0.0000,200.0000,0.0000,0.0000,136.9600,1.5300,1.1400,0.0000,0.0000,0.6719,0.0000,0.0000,6.6700,0.0000,0.0000,0.0000,0.0000,0.0000,0.0000,0.0000,0.0000,0.0000,0.0000,0.0000,0.0000,7.9739,0.0000,0.0000,0.0000,0.0000,89.0000,16.3900,0.0000,0.0000,16.4000,84.9900
56,70EnNDPL2025/01/02,NDPL,0.0000,0.0000,0.0000,0.0000,8.9010,0.0000,0.0000,0.0000,38.9738,0.0000,12.4614,28.9200,0.0000,0.0000,34.7040,0.0000,27.6734,579.5135,0.0000,0.0000,69.6064,0.0000,0.0000,70.0700,0.0000,134.0300,14.3999,0.0000,0.0000,0.0000,0.0000,0.0000,9.3590,0.0000,0.0000,4.6910,13.8060,36.4325,0.0000,25.1956,38.6445,6.3078,13.0053,8.0965,13.8735,45.4984,0.0000,13.1126,21.6570,13.7876,0.0000,0.0000,2.7244,0.0000,0.0000,13.6311,0.0000,0.0000,0.0000,16.5856,0.0000,0.0000,0.0000,7.2313,0.3405,1.3223,0.0000,0.0000,0.0000,0.0000,5.0561,0.0000,0.0000,0.5492,0.0000,0.0000,0.0000,0.0000,215.3448,0.0000,0.0000,200.0000,0.0000,0.0000,132.5600,1.5300,1.1400,0.0000,0.0000,0.6719,0.0000,0.0000,6.6700,0.0000,0.0000,0.0000,0.0000,0.0000,0.0000,0.0000,0.0000,0.0000,0.0000,0.0000,0.0000,7.9739,0.0000,0.0000,0.0000,0.0000,89.0000,16.3900,0.0000,0.0000,16.4000,84.9900
57,70EnNDPL2025/01/02,NDPL,0.0000,0.0000,0.0000,0.0000,8.9010,0.0000,0.0000,0.0000,38.9738,0.0000,12.4614,28.9200,0.0000,0.0000,34.7040,0.0000,27.6734,579.5135,0.0000,0.0000,69.6064,0.0000,0.0000,70.0700,0.0000,134.0300,14.1765,0.0000,0.0000,0.0000,0.0000,0.0000,9.3590,0.0000,0.0000,4.6910,13.8060,36.4325,0.0000,25.1956,38.6445,6.3078,13.0053,8.0965,13.8735,45.4984,0.0000,13.1740,21.6570,13.7876,0.0000,0.0000,2.7244,0.0000,0.0000,13.6311,0.0000,0.0000,0.0000,16.5856,0.0000,0.0000,0.0000,7.2313,0.3405,1.3223,0.0000,0.0000,0.0000,0.0000,5.0561,0.0000,0.0000,0.5492,0.0000,0.0000,0.0000,0.0000,215.3448,0.0000,0.0000,200.0000,0.0000,0.0000,127.0300,1.5700,1.1400,0.0000,0.0000,0.6719,0.0000,0.0000,6.6700,0.0000,0.0000,0.0000,0.0000,0.0000,0.0000,0.0000,0.0000,0.0000,0.0000,0.0000,0.0000,7.9739,0.0000,0.0000,0.0000,0.0000,88.0000,16.3900,0.0000,0.0000,14.6100,83.5400
58,70EnNDPL2025/01/02,NDPL,0.0000,0.0000,0.0000,0.0000,8.9010,0.0000,0.0000,0.0000,38.9738,0.0000,12.4614,28.9200,0.0000,0.0000,34.7040,0.0000,27.6734,579.5135,0.0000,0.0000,69.6064,0.0000,0.0000,70.0700,0.0000,134.0300,13.9032,0.0000,0.0000,0.0000,0.0000,0.0000,9.3590,0.0000,0.0000,4.6910,13.8060,36.4325,0.0000,25.1956,38.6445,6.3078,13.0053,8.0965,13.8735,45.4984,0.0000,13.1740,21.6570,13.7876,0.0000,0.0000,2.7244,0.0000,0.0000,13.6311,0.0000,0.0000,0.0000,16.5856,0.0000,0.0000,0.0000,7.2313,0.3405,1.3223,0.0000,0.0000,0.0000,0.0000,5.0561,0.0000,0.0000,0.5492,0.0000,0.0000,0.0000,0.0000,215.3448,0.0000,0.0000,200.0000,0.0000,0.0000,120.5100,1.5700,1.1400,0.0000,0.0000,0.6719,0.0000,0.0000,6.6700,0.0000,0.0000,0.0000,0.0000,0.0000,0.0000,0.0000,0.0000,0.0000,0.0000,0.0000,0.0000,7.9739,0.0000,0.0000,0.0000,0.0000,86.0000,16.3900,0.0000,0.0000,14.1100,79.3600
59,70EnNDPL2025/01/02,NDPL,0.0000,0.0000,0.0000,0.0000,8.9010,0.0000,0.0000,0.0000,38.9738,0.0000,12.4614,28.9200,0.0000,0.0000,34.7040,0.0000,27.6734,579.5135,0.0000,0.0000,69.6064,0.0000,0.0000,70.0700,0.0000,134.0300,13.5799,0.0000,0.0000,0.0000,0.0000,0.0000,9.3590,0.0000,0.0000,4.6910,13.8060,36.4325,0.0000,25.1956,38.6445,6.3078,13.0053,8.0965,13.8735,45.4984,0.0000,13.1740,21.6570,13.7876,0.0000,0.0000,2.7244,0.0000,0.0000,13.6311,0.0000,0.0000,0.0000,16.5856,0.0000,0.0000,0.0000,7.2313,0.3405,1.3223,0.0000,0.0000,0.0000,0.0000,5.0561,0.0000,0.0000,0.5492,0.0000,0.0000,0.0000,0.0000,215.3448,0.0000,0.0000,200.0000,0.0000,0.0000,113.1300,1.5700,1.1400,0.0000,0.0000,0.6719,0.0000,0.0000,6.6700,0.0000,0.0000,0.0000,0.0000,0.0000,0.0000,0.0000,0.0000,0.0000,0.0000,0.0000,0.0000,7.9739,0.0000,0.0000,0.0000,0.0000,82.0000,16.3900,0.0000,0.0000,13.5200,74.8700
60,70EnNDPL2025/01/02,NDPL,0.0000,0.0000,0.0000,0.0000,8.9010,0.0000,0.0000,0.0000,38.9738,0.0000,12.4614,28.9200,0.0000,0.0000,34.7040,0.0000,27.6734,579.5135,0.0000,0.0000,69.6064,0.0000,0.0000,70.0700,0.0000,134.0300,12.7765,0.0000,0.0000,0.0000,0.0000,0.0000,9.3590,0.0000,0.0000,4.6910,13.8060,36.4325,0.0000,25.1956,38.6445,6.3078,13.0053,8.0965,13.8735,45.4984,0.0000,13.1740,21.6570,13.7876,0.0000,0.0000,2.7244,0.0000,0.0000,13.6311,0.0000,0.0000,0.0000,16.5856,0.0000,0.0000,0.0000,7.2313,0.3405,1.3223,0.0000,0.0000,0.0000,0.0000,5.0561,0.0000,0.0000,0.5492,0.0000,0.0000,0.0000,0.0000,215.3448,0.0000,0.0000,200.0000,0.0000,0.0000,104.9400,1.5700,1.1400,0.0000,0.0000,0.6719,0.0000,0.0000,6.6700,0.0000,0.0000,0.0000,0.0000,0.0000,0.0000,0.0000,0.0000,0.0000,0.0000,0.0000,0.0000,7.9739,0.0000,0.0000,0.0000,0.0000,80.0000,16.3900,0.0000,0.0000,12.9500,70.7000
61,70EnNDPL2025/01/02,NDPL,0.0000,0.0000,0.0000,0.0000,8.9010,0.0000,0.0000,0.0000,38.9738,0.0000,12.4614,28.9200,0.0000,0.0000,34.7040,0.0000,27.6734,579.5135,0.0000,0.0000,69.6064,0.0000,0.0000,70.0700,0.0000,134.0300,11.8165,0.0000,0.0000,0.0000,0.0000,0.0000,9.3590,0.0000,0.0000,4.6910,13.8060,36.4325,0.0000,25.1956,38.6445,6.3078,13.0053,8.0965,13.8735,45.4984,0.0000,13.1740,21.6570,13.7876,0.0000,0.0000,2.7244,0.0000,0.0000,13.6311,0.0000,0.0000,0.0000,16.5856,0.0000,0.0000,0.0000,7.2313,0.3405,1.3223,0.0000,0.0000,0.0000,0.0000,5.0561,0.0000,0.0000,0.5492,0.0000,0.0000,0.0000,0.0000,215.3448,0.0000,0.0000,200.0000,0.0000,0.0000,95.9100,1.5700,1.2200,0.0000,0.0000,0.6719,0.0000,0.0000,6.6700,0.0000,0.0000,0.0000,0.0000,0.0000,0.0000,0.0000,0.0000,0.0000,0.0000,0.0000,0.0000,7.9739,0.0000,0.0000,0.0000,0.0000,70.0000,16.6700,0.0000,0.0000,12.1100,64.5700
62,70EnNDPL2025/01/02,NDPL,0.0000,0.0000,0.0000,0.0000,8.9010,0.0000,0.0000,0.0000,38.9738,0.0000,12.4614,28.9200,0.0000,0.0000,34.7040,0.0000,27.6734,579.5135,0.0000,0.0000,69.6064,0.0000,0.0000,70.0700,0.0000,134.0300,10.7499,0.0000,0.0000,0.0000,0.0000,0.0000,9.3590,0.0000,0.0000,4.6910,13.8060,36.4325,0.0000,25.1956,38.6445,6.3078,13.0053,8.0965,13.8735,45.4984,0.0000,13.1740,21.6570,13.7876,0.0000,0.0000,2.7244,0.0000,0.0000,13.6311,0.0000,0.0000,0.0000,16.5856,0.0000,0.0000,0.0000,7.2313,0.3405,1.3223,0.0000,0.0000,0.0000,0.0000,5.0561,0.0000,0.0000,0.5492,0.0000,0.0000,0.0000,0.0000,215.3448,0.0000,0.0000,200.0000,0.0000,0.0000,85.8800,1.5700,1.2200,0.0000,0.0000,0.6719,0.0000,0.0000,6.6700,0.0000,0.0000,0.0000,0.0000,0.0000,0.0000,0.0000,0.0000,0.0000,0.0000,0.0000,0.0000,7.9739,0.0000,0.0000,0.0000,0.0000,63.0000,16.6700,0.0000,0.0000,10.9600,58.3300
63,70EnNDPL2025/01/02,NDPL,0.0000,0.0000,0.0000,0.0000,8.9010,0.0000,0.0000,0.0000,38.9738,0.0000,12.4614,28.9200,0.0000,0.0000,34.7040,0.0000,27.6734,579.5135,0.0000,0.0000,69.6064,0.0000,0.0000,70.0700,0.0000,134.0300,9.6299,0.0000,0.0000,0.0000,0.0000,0.0000,9.3590,0.0000,0.0000,4.6910,13.8060,36.4325,0.0000,25.1956,38.6445,6.3078,13.0053,8.0965,13.8735,45.4984,0.0000,13.1740,21.6570,13.7876,0.0000,3.8661,2.7244,0.0000,0.0000,13.6311,0.0000,0.0000,0.0000,16.5856,0.0000,0.0000,0.0000,7.2313,0.3405,2.4759,0.0000,0.0000,0.0000,0.0000,5.0561,0.0000,0.0000,0.5492,0.0000,0.0000,0.0000,0.0000,215.3448,0.0000,0.0000,200.0000,0.0000,0.0000,75.0000,1.5700,1.2200,0.0000,0.0000,0.6719,0.0000,0.0000,6.6700,0.0000,0.0000,0.0000,0.0000,0.0000,0.0000,0.0000,0.0000,0.0000,0.0000,0.0000,0.0000,7.9739,0.0000,0.0000,0.0000,0.0000,57.0000,16.6700,0.0000,0.0000,9.8900,52.1100
64,70EnNDPL2025/01/02,NDPL,0.0000,0.0000,0.0000,0.0000,8.9010,0.0000,0.0000,0.0000,38.9738,0.0000,12.4614,28.9200,0.0000,0.0000,34.7040,0.0000,27.6734,579.5135,0.0000,0.0000,69.6064,0.0000,0.0000,70.0700,0.0000,134.0300,8.4399,0.0000,0.0000,0.0000,0.0000,0.0000,9.3590,0.0000,0.0000,4.6910,13.8060,36.4325,0.0000,25.1956,38.6445,6.3078,13.0053,8.0965,13.8735,45.4984,0.0000,13.1740,21.6570,13.7876,0.0000,4.7743,2.7244,0.0000,0.0000,13.6311,0.0000,0.0000,0.0000,16.5856,0.0000,0.0000,0.0000,7.2313,0.3405,2.4759,0.0000,0.0000,0.0000,0.0000,5.0561,0.0000,0.0000,0.5492,0.0000,0.0000,0.0000,0.0000,215.3448,0.0000,0.0000,200.0000,0.0000,0.0000,63.5200,1.5700,1.2200,0.0000,0.0000,0.6719,0.0000,0.0000,6.6700,0.0000,0.0000,0.0000,0.0000,0.0000,0.0000,0.0000,0.0000,0.0000,0.0000,0.0000,0.0000,7.9739,0.0000,0.0000,0.0000,0.0000,50.0000,16.6700,0.0000,0.0000,8.8400,45.8500
65,70EnNDPL2025/01/02,NDPL,0.0000,0.0000,0.0000,0.0000,8.9010,0.0000,0.0000,0.0000,38.9738,0.0000,12.4614,28.9200,0.0000,0.0000,34.7040,0.0000,27.6734,579.5135,0.0000,0.0000,69.6064,0.0000,0.0000,65.9300,0.0000,134.0300,7.2099,0.0000,0.0000,0.0000,0.0000,0.0000,9.3590,0.0000,0.0000,4.6910,13.8060,36.4325,0.0000,25.1956,38.6445,6.3078,13.0053,8.0965,13.8735,45.4984,0.0000,13.1740,21.6570,13.7876,0.0000,4.8541,2.7244,0.0000,0.0000,13.6311,0.0000,0.0000,0.0000,16.5856,0.0000,0.0000,0.0000,7.2313,0.2393,2.4759,0.0000,0.0000,0.0000,0.0000,5.0561,0.0000,0.0000,0.5492,0.0000,0.0000,0.0000,0.0000,215.3448,0.0000,0.0000,200.0000,0.0000,0.0000,51.4400,1.6100,1.2200,0.0000,0.0000,0.6719,0.0000,0.0000,6.6700,0.0000,0.0000,0.0000,0.0000,0.0000,0.0000,0.0000,0.0000,0.0000,0.0000,0.0000,0.0000,7.9739,0.0000,0.0000,0.0000,0.0000,43.0000,17.0400,0.0000,0.0000,7.4800,38.9500
66,70EnNDPL2025/01/02,NDPL,0.0000,0.0000,0.0000,0.0000,8.9010,0.0000,0.0000,0.0000,38.9738,0.0000,12.4614,28.9200,0.0000,0.0000,34.7040,0.0000,27.6734,579.5135,0.0000,0.0000,69.6064,0.0000,0.0000,65.9300,0.0000,134.0300,5.8999,0.0000,0.0000,0.0000,0.0000,0.0000,9.3590,0.0000,0.0000,4.6910,13.8060,36.4325,0.0000,25.1956,38.6445,6.3078,13.0053,8.0965,13.8735,45.4984,0.0000,13.1740,21.6570,13.7876,0.0000,8.8919,2.7244,0.0000,0.0000,13.6311,0.0000,0.0000,0.0000,16.5856,0.0000,0.0000,0.0000,7.2313,0.2393,2.4759,0.0000,0.0000,0.0000,0.0000,5.0561,0.0000,0.0000,0.5492,0.0000,0.0000,0.0000,0.0000,215.3448,0.0000,0.0000,200.0000,0.0000,0.0000,38.9400,1.6100,1.2200,0.0000,0.0000,0.6719,0.0000,0.0000,6.6700,0.0000,0.0000,0.0000,0.0000,0.0000,0.0000,0.0000,0.0000,0.0000,0.0000,0.0000,0.0000,7.9739,0.0000,0.0000,0.0000,0.0000,37.0000,17.0400,0.0000,0.0000,6.2200,32.0000
67,70EnNDPL2025/01/02,NDPL,0.0000,0.0000,0.0000,0.0000,8.9010,0.0000,0.0000,0.0000,38.9738,0.0000,12.4614,28.9200,0.0000,0.0000,34.7040,0.0000,27.6734,579.5135,0.0000,0.0000,69.6064,0.0000,0.0000,74.4000,0.0000,134.0300,4.7466,0.0000,0.0000,0.0000,0.0000,0.0000,9.3590,0.0000,0.0000,4.6910,13.8060,36.4325,0.0000,25.1956,38.6445,6.3078,13.0053,8.0965,13.8735,45.4984,0.0000,13.1740,21.6570,13.7876,0.0000,14.3228,2.7244,0.0000,0.0000,13.6311,0.0000,0.0000,0.0000,16.5856,0.0000,0.0000,0.0000,7.2313,0.2393,2.4759,0.0000,0.0000,0.0000,0.0000,5.0561,0.0000,0.0000,0.5492,0.0000,0.0000,0.0000,0.0000,215.3448,0.0000,0.0000,200.0000,0.0000,0.0000,27.0400,1.6100,1.2200,0.0000,0.0000,0.6719,0.0000,0.0000,6.6700,0.0000,0.0000,0.0000,0.0000,0.0000,0.0000,0.0000,0.0000,0.0000,0.0000,0.0000,0.0000,7.9739,0.0000,0.0000,0.0000,0.0000,29.0000,17.0400,0.0000,0.0000,4.6200,25.0700
68,70EnNDPL2025/01/02,NDPL,0.0000,0.0000,0.0000,0.0000,8.9010,0.0000,0.0000,0.0000,38.9738,0.0000,12.4614,28.9200,0.0000,0.0000,34.7040,0.0000,27.6734,579.5135,7.1761,0.0000,69.6064,0.0000,0.0000,82.8900,0.0000,134.0300,3.6033,0.0000,0.0000,0.0000,0.0000,0.0000,9.3590,0.0000,0.0000,4.6910,13.8060,36.4325,0.0000,25.1956,38.6445,6.3078,13.0053,8.0965,13.8735,45.4984,0.0000,13.1740,21.6570,13.7876,0.0000,14.3228,2.7244,0.0000,0.0000,13.6311,0.0000,0.0000,0.0000,16.5856,0.0000,0.0000,0.0000,7.2313,0.2393,2.4759,0.0000,1.0216,0.0000,0.0000,5.0561,0.0000,0.0000,0.5492,0.0000,0.0000,0.0000,0.0000,215.3448,0.0000,0.0000,200.0000,0.0000,0.0000,17.2500,1.6100,1.2200,0.0000,0.0000,0.6719,0.0000,0.0000,6.6700,0.0000,0.0000,0.0000,0.0000,0.0000,0.0000,0.0000,0.0000,0.0000,0.0000,0.0000,0.0000,7.9739,0.0000,0.0000,0.0000,0.0000,20.0000,17.0400,0.0000,0.0000,3.1600,18.1100
69,70EnNDPL2025/01/02,NDPL,0.0000,0.0000,0.0000,0.0000,8.9010,0.0000,0.0000,0.0000,38.9738,0.0000,12.4614,28.9200,0.0000,0.0000,34.7040,0.0000,27.6734,579.5135,14.3552,0.0000,69.6064,0.0000,0.0000,91.3600,0.0000,134.0300,2.8233,0.0000,0.0000,0.0000,0.0000,0.0000,8.7505,0.0000,0.0000,4.6910,13.8060,36.4325,0.0000,25.1956,38.6445,6.3078,13.0053,8.0965,13.8735,45.4984,0.0000,13.2722,21.6570,13.7876,0.0000,19.0971,5.4457,0.0000,0.0000,13.6311,0.0000,0.0000,0.0000,16.5856,0.0000,0.0000,0.0000,7.2313,0.3405,1.3223,0.0000,4.0406,0.0000,0.0000,5.0561,0.0000,0.0000,0.5492,0.3375,0.0000,0.0000,0.0000,215.3448,0.0000,0.0000,200.0000,0.0000,0.0000,10.2500,1.6100,1.3000,0.0000,0.0000,0.6719,0.0000,0.0000,6.6700,0.0000,0.0000,0.0000,0.0000,0.0000,0.0000,0.0000,0.0000,0.0000,0.0000,0.0000,0.0000,7.9739,0.0000,0.0000,0.0000,0.0000,13.0000,17.3200,0.0000,0.0000,2.0600,13.8900
70,70EnNDPL2025/01/02,NDPL,0.0000,0.0000,0.0000,0.0000,8.9010,0.0000,0.0000,0.0000,38.9738,0.0000,12.4614,28.9200,0.0000,0.0000,34.7040,0.0000,27.6734,579.5135,21.5282,0.0000,69.6064,0.0000,0.0000,114.9100,0.0000,134.0300,1.9166,0.0000,0.0000,0.0000,0.0000,0.0000,9.3590,0.0000,0.0000,4.6910,13.8060,36.4325,0.0000,25.1956,38.6445,6.3078,13.0053,8.0965,13.8735,45.4984,0.0000,13.3673,21.6570,13.7876,0.0000,19.0971,8.1701,1.6168,0.0000,13.6311,0.0000,0.0000,0.0000,16.5856,0.0000,0.0000,0.0000,7.2313,0.3405,1.3223,3.7307,4.0406,2.9668,0.0000,10.1091,0.0000,0.0000,0.5492,2.0003,0.0000,0.0000,0.0000,215.3448,0.0000,0.0000,200.0000,0.0000,0.0000,5.1400,1.6100,1.3000,0.0000,0.0000,0.6719,0.0000,0.0000,6.6700,0.0000,0.0000,0.0000,0.0000,0.0000,0.0000,0.0000,0.0000,0.0000,0.0000,0.0000,0.0000,7.9739,0.0000,0.0000,0.0000,0.0000,6.0000,17.3200,0.0000,0.0000,1.2300,9.7100
71,70EnNDPL2025/01/02,NDPL,0.0000,0.0000,0.0000,0.0000,8.9010,0.0000,0.0000,0.0000,38.9738,0.0000,12.4614,28.9200,0.0000,0.0000,34.7040,0.0000,27.6734,579.5135,28.7042,0.0000,69.6064,0.0000,0.0000,114.9100,0.0000,134.0300,1.2500,0.0000,0.0000,0.0000,0.0000,0.0000,9.3590,0.0000,0.0000,4.6910,13.8060,36.4325,0.0000,25.1956,38.6445,6.3078,13.0053,8.0965,13.8735,45.4984,0.0000,13.6250,21.6570,13.7876,0.0000,19.0971,12.2198,3.2306,0.0000,13.6311,0.0000,0.0000,0.0000,16.5856,0.0000,0.0000,0.0000,7.2313,0.3405,1.3223,4.3105,8.0811,5.9458,2.4299,10.1091,0.0000,0.0000,0.5492,4.0007,0.0000,0.0000,0.0000,215.3448,0.0000,0.0000,200.0000,0.0000,0.0000,1.0400,1.6100,1.3000,0.0000,0.0000,0.6719,0.0000,0.0000,6.6700,0.0000,0.0000,0.0000,0.0000,0.0000,0.0000,0.0000,0.0000,0.0000,0.0000,0.0000,0.0000,7.9739,0.0000,0.0000,0.0000,0.0000,2.0000,17.3200,0.0000,0.0000,0.5800,5.5100
72,70EnNDPL2025/01/02,NDPL,0.0000,0.0000,0.0000,0.0000,8.9010,0.0000,0.0000,0.0000,38.9738,0.0000,12.4614,28.9200,0.0000,0.0000,34.7040,0.0000,27.6734,579.5135,35.8833,0.0000,69.6064,0.0000,0.0000,114.9100,0.0000,134.0300,0.7167,0.0000,0.0000,0.0000,0.0000,0.0000,9.3590,0.0000,0.0000,4.6910,13.8060,36.4325,0.0000,25.1956,38.6445,6.3078,13.0053,8.0965,13.8735,45.4984,0.0000,13.6250,21.6570,13.7876,0.0000,19.0971,12.2198,4.6204,0.0000,13.6311,0.0000,0.0000,0.0000,16.5856,0.0000,0.0000,0.0000,7.2313,0.3405,1.3223,8.6057,8.0811,5.9458,4.9027,10.1091,0.0000,0.0000,0.5492,4.0007,0.0000,0.0000,0.0000,215.3448,0.0000,0.0000,200.0000,0.0000,0.0000,200.0000,1.6100,1.3000,0.0000,0.0000,0.6719,0.0000,0.0000,6.6700,0.0000,0.0000,0.0000,0.0000,0.0000,0.0000,0.0000,0.0000,0.0000,0.0000,0.0000,0.0000,7.9739,0.0000,0.0000,0.0000,0.0000,1.0000,17.3200,0.0000,0.0000,0.1000,1.3600
73,70EnNDPL2025/01/02,NDPL,0.0000,0.0000,0.0000,0.0000,8.9010,0.0000,0.0000,0.0000,38.9738,0.0000,12.4614,28.9200,0.0000,0.0000,34.7040,0.0000,27.6734,579.5135,43.0594,0.0000,69.6064,0.0000,0.0000,114.9100,0.0000,134.0300,0.3233,0.0000,0.0000,0.0000,0.0000,0.0000,9.3590,0.0000,0.0000,4.6910,13.8060,36.4325,0.0000,25.1956,38.6445,6.3078,13.0053,8.0965,13.8735,45.4984,0.0000,13.6925,21.6570,13.7876,0.0000,19.0971,12.2198,4.6204,0.0000,13.6311,0.0000,0.0000,0.0000,16.5856,0.0000,0.0000,0.0000,7.2313,0.3405,1.3223,8.6057,8.0811,5.9458,8.4094,10.1091,0.0000,0.0000,0.5492,4.0007,0.0000,0.0000,0.0000,217.5200,0.0000,0.0000,200.0000,0.0000,0.0000,200.0000,1.6100,1.3000,0.0000,0.0000,0.6719,0.0000,0.0000,6.6700,0.0000,0.0000,0.0000,0.0000,0.0000,0.0000,0.0000,0.0000,0.0000,0.0000,0.0000,0.0000,7.9739,0.0000,0.0000,0.0000,0.0000,200.0000,17.7700,0.0000,0.0000,0.0600,0.7700
74,70EnNDPL2025/01/02,NDPL,0.0000,0.0000,0.0000,0.0000,8.9010,0.0000,0.0000,0.0000,38.9738,0.0000,12.4614,28.9200,0.0000,0.0000,34.7040,0.0000,27.6734,579.5135,43.0594,0.0000,69.6064,0.0000,0.0000,114.9100,0.0000,134.0300,0.1100,0.0000,0.0000,0.0000,0.0000,0.0000,9.3590,0.0000,0.0000,4.6910,13.8060,36.4325,0.0000,25.1956,38.6445,6.3078,13.0053,8.0965,13.8735,45.4984,0.0000,13.7538,21.6570,13.7876,0.0000,19.0971,12.2198,4.6204,0.0000,13.6311,0.0000,0.0000,0.0000,16.5856,0.0000,0.0000,0.0000,7.2313,0.3405,1.3223,8.6057,8.0811,5.9458,8.4094,10.1091,0.0000,0.0000,0.5492,4.0007,0.0000,0.0000,0.0000,217.5200,0.0000,0.0000,200.0000,0.0000,0.0000,200.0000,1.6100,1.3000,0.0000,0.0000,0.6719,0.0000,0.0000,6.6700,0.0000,0.0000,0.0000,0.0000,0.0000,0.0000,0.0000,0.0000,0.0000,0.0000,0.0000,0.0000,7.9739,0.0000,0.0000,0.0000,0.0000,200.0000,17.7700,0.0000,0.0000,0.0200,0.3500
75,70EnNDPL2025/01/02,NDPL,0.0000,0.0000,0.0000,0.0000,8.9010,0.0000,0.0000,0.0000,38.9738,0.0000,12.4614,28.9200,0.0000,0.0000,34.7040,0.0000,27.6734,579.5135,43.0594,0.0000,69.6064,0.0000,0.0000,114.9100,0.0000,134.0300,0.0000,0.0000,0.0000,0.0000,0.0000,0.0000,9.3590,0.0000,0.0000,4.6910,13.8060,36.4325,0.0000,25.1956,38.6445,6.3078,13.0053,8.0965,13.8735,45.4984,0.0000,13.7538,21.9239,13.7876,0.0000,19.0971,12.2198,4.6204,0.0000,13.6311,0.0000,0.0000,0.0000,16.5856,0.0000,0.0000,0.0000,7.2313,1.0155,1.3223,8.6057,8.0811,5.9458,8.4094,10.1091,0.0000,0.0000,0.5492,4.0007,0.0000,0.0000,0.0000,217.5200,0.0000,0.0000,200.0000,0.0000,0.0000,200.0000,1.6100,1.3000,0.0000,0.0000,0.6719,0.0000,0.0000,6.6700,0.0000,0.0000,0.0000,0.0000,0.0000,0.0000,0.0000,0.0000,0.0000,0.0000,0.0000,0.0000,7.9739,0.0000,0.0000,0.0000,0.0000,200.0000,17.7700,0.0000,0.0000,100.0000,200.0000
76,70EnNDPL2025/01/02,NDPL,0.0000,0.0000,0.0000,0.0000,8.9010,0.0000,0.0000,0.0000,38.9738,0.0000,12.4614,28.9200,0.0000,0.0000,34.7040,0.0000,27.6734,579.5135,34.8648,0.0000,69.6064,0.0000,0.0000,114.9100,0.0000,134.0300,0.0000,0.0000,0.0000,0.0000,0.0000,0.0000,9.3590,0.0000,0.0000,4.6910,13.8060,36.4325,0.0000,25.1956,38.6445,6.3078,13.0053,8.0965,13.8735,45.4984,0.0000,13.7538,21.9239,13.7876,0.0000,19.0971,6.1115,3.2306,0.0000,13.6311,0.0000,0.0000,0.0000,16.5856,0.0000,0.0000,0.0000,7.2313,8.1271,1.3223,8.6057,8.0811,2.9668,8.4094,10.1091,0.0000,0.0000,0.5492,2.0003,0.0000,0.0000,0.0000,217.5200,0.0000,0.0000,200.0000,0.0000,0.0000,200.0000,1.6100,1.3000,0.0000,0.0000,0.6719,0.0000,0.0000,6.6700,0.0000,0.0000,0.0000,0.0000,0.0000,0.0000,0.0000,0.0000,0.0000,0.0000,0.0000,0.0000,7.9739,0.0000,0.0000,0.0000,0.0000,200.0000,17.7700,0.0000,0.0000,100.0000,200.0000
77,70EnNDPL2025/01/02,NDPL,0.0000,0.0000,0.0000,0.0000,8.9010,0.0000,0.0000,0.0000,38.9738,0.0000,12.4614,28.9200,0.0000,0.0000,34.7040,0.0000,27.6734,579.5135,26.1486,0.0000,69.6064,0.0000,0.0000,114.9100,0.0000,134.0300,0.0000,0.0000,0.0000,0.0000,0.0000,0.0000,9.3590,0.0000,0.0000,4.6910,15.9536,36.4325,0.0000,25.1956,38.6445,6.3078,13.0053,8.0965,13.8735,45.4984,0.0000,13.8213,21.9239,20.8471,0.0000,19.0971,5.4457,1.6168,0.0000,13.6311,0.0000,0.0000,0.0000,16.5856,0.0000,0.0000,0.0000,7.2313,8.1271,1.3223,7.5135,4.0099,2.9668,8.4094,10.1091,1.1720,0.0000,0.5492,0.3375,0.0000,0.0000,0.0000,217.5200,0.0000,0.0000,200.0000,0.0000,0.0000,200.0000,1.5700,1.2200,0.0000,0.0000,0.6719,0.0000,0.0000,6.6700,0.0000,0.0000,0.0000,0.0000,0.0000,0.0000,0.0000,0.0000,0.0000,0.0000,0.0000,0.0000,7.9739,0.0000,0.0000,0.0000,0.0000,200.0000,18.2300,0.0000,0.0000,100.0000,200.0000
78,70EnNDPL2025/01/02,NDPL,0.0000,0.0000,0.0000,0.0000,8.9010,0.0000,0.0000,0.0000,38.9738,0.0000,12.4614,28.9200,0.0000,0.0000,34.7040,0.0000,27.6734,579.5135,21.5282,0.0000,69.6064,0.0000,0.0000,114.9100,0.0000,134.0300,0.0000,0.0000,0.0000,0.0000,0.0000,0.0000,9.3590,0.0000,0.0000,4.6910,18.1012,36.4325,0.0000,25.1956,38.6445,6.3078,13.0053,8.0965,13.8735,45.4984,0.0000,13.8213,21.9239,20.8471,0.0000,19.0971,5.4457,0.0000,0.0000,13.6311,0.0000,0.0000,0.0000,16.5856,0.0000,0.0000,0.0000,7.2313,8.1271,1.3223,3.6847,4.0099,2.9668,4.9027,10.1091,5.0775,0.0000,0.5492,0.0000,0.0000,0.0000,0.0000,217.5200,0.0000,0.0000,200.0000,0.0000,0.0000,200.0000,1.5700,1.2200,0.0000,0.0000,0.6719,0.0000,0.0000,6.6700,0.0000,0.0000,0.0000,0.0000,0.0000,0.0000,0.0000,0.0000,0.0000,0.0000,0.0000,0.0000,7.9739,0.0000,0.0000,0.0000,0.0000,200.0000,18.2300,0.0000,0.0000,100.0000,200.0000
79,70EnNDPL2025/01/02,NDPL,0.0000,0.0000,0.0000,0.0000,8.9010,0.0000,0.0000,0.0000,38.9738,0.0000,12.4614,28.9200,0.0000,0.0000,34.7040,0.0000,27.6734,579.5135,13.0727,0.0000,69.6064,0.0000,0.0000,114.9100,0.0000,134.0300,0.0000,0.0000,0.0000,0.0000,0.0000,0.0000,9.3590,0.0000,0.0000,4.6910,20.2488,36.4325,0.0000,25.1956,38.6445,6.3078,13.0053,8.0965,13.8735,45.4984,0.0000,13.6250,21.9239,20.8471,0.0000,19.0971,5.4457,0.0000,0.0000,13.6311,0.0000,0.0000,0.0000,16.5856,0.0000,0.0000,0.0000,7.2313,8.1271,1.3223,3.6847,4.0099,2.9668,2.4299,10.1091,5.0775,0.0000,0.5492,0.0000,0.0000,0.0000,0.0000,217.5200,0.0000,0.0000,200.0000,0.0000,0.0000,200.0000,1.5700,1.2200,0.0000,0.0000,0.6719,0.0000,0.0000,6.6700,0.0000,0.0000,0.0000,0.0000,0.0000,0.0000,0.0000,0.0000,0.0000,0.0000,0.0000,0.0000,7.9739,0.0000,0.0000,0.0000,0.0000,200.0000,18.2300,0.0000,0.0000,100.0000,200.0000
80,70EnNDPL2025/01/02,NDPL,0.0000,0.0000,0.0000,0.0000,8.9010,0.0000,0.0000,0.0000,38.9738,0.0000,12.4614,28.9200,0.0000,0.0000,34.7040,0.0000,27.6734,579.5135,6.3906,0.0000,69.6064,0.0000,0.0000,114.9100,0.0000,134.0300,0.0000,0.0000,0.0000,0.0000,0.0000,0.0000,9.3590,0.0000,0.0000,4.6910,22.0896,36.4325,0.0000,25.1956,38.6445,6.3078,13.0053,8.0965,13.8735,45.4984,0.0000,13.6250,21.9239,20.8471,0.0000,19.0971,5.4457,0.0000,0.0000,13.6311,0.0000,0.0000,0.0000,16.5856,0.0000,0.0000,0.0000,7.2313,2.0341,1.3223,0.0000,4.0099,2.9668,0.0000,10.1091,5.0775,0.0000,0.5492,0.0000,0.0000,0.0000,0.0000,217.5200,0.0000,0.0000,200.0000,0.0000,0.0000,200.0000,1.5700,1.2200,0.0000,0.0000,0.6719,0.0000,0.0000,6.6700,0.0000,0.0000,0.0000,0.0000,0.0000,0.0000,0.0000,0.0000,0.0000,0.0000,0.0000,0.0000,7.9739,0.0000,0.0000,0.0000,0.0000,200.0000,18.2300,0.0000,0.0000,100.0000,200.0000
81,70EnNDPL2025/01/02,NDPL,0.0000,0.0000,0.0000,0.0000,8.9010,0.0000,0.0000,0.0000,38.9738,0.0000,12.4614,28.9200,0.0000,0.0000,34.7040,0.0000,27.6734,579.5135,0.0000,0.0000,69.6064,0.0000,0.0000,114.9100,0.0000,134.0300,0.0000,0.0000,0.0000,0.0000,0.0000,0.0000,9.3590,0.0000,0.0000,4.6910,22.0896,36.4325,0.0000,25.1956,38.6445,6.3078,13.0053,8.0965,13.8735,45.4984,0.0000,13.6250,21.9239,20.8471,0.0000,14.3228,5.4457,0.0000,0.0000,13.6311,0.0000,0.0000,0.0000,16.5856,0.0000,0.0000,0.0000,7.2313,2.0341,1.3223,0.0000,4.0099,2.9668,0.0000,10.1091,5.0775,0.0000,0.5492,0.0000,0.0000,0.0000,0.0000,217.5200,0.0000,0.0000,200.0000,0.0000,0.0000,200.0000,1.5700,1.2200,0.0000,0.0000,0.6719,0.0000,0.0000,6.6700,0.0000,0.0000,0.0000,0.0000,0.0000,0.0000,0.0000,0.0000,0.0000,0.0000,0.0000,0.0000,7.9739,0.0000,0.0000,0.0000,0.0000,200.0000,18.7000,0.0000,0.0000,100.0000,200.0000
82,70EnNDPL2025/01/02,NDPL,0.0000,0.0000,0.0000,0.0000,8.9010,0.0000,0.0000,0.0000,38.9738,0.0000,12.4614,28.9200,0.0000,0.0000,34.7040,0.0000,27.6734,579.5135,0.0000,0.0000,69.6064,0.0000,0.0000,114.9100,0.0000,134.0300,0.0000,0.0000,0.0000,0.0000,0.0000,0.0000,9.3590,0.0000,0.0000,4.6910,22.0896,36.4325,0.0000,25.1956,38.6445,6.3078,13.0053,8.0965,13.8735,45.4984,0.0000,13.6250,21.9239,20.8471,0.0000,14.3228,5.4457,0.0000,0.0000,13.6311,0.0000,0.0000,0.0000,16.5856,0.0000,0.0000,0.0000,7.2313,0.3405,1.3223,0.0000,4.0099,2.9668,0.0000,10.1091,5.0775,0.0000,0.5492,0.0000,0.0000,0.0000,0.0000,217.5200,0.0000,0.0000,200.0000,0.0000,0.0000,200.0000,1.5700,1.2200,0.0000,0.0000,0.6719,0.0000,0.0000,6.6700,0.0000,0.0000,0.0000,0.0000,0.0000,0.0000,0.0000,0.0000,0.0000,0.0000,0.0000,0.0000,7.9739,0.0000,0.0000,0.0000,0.0000,200.0000,18.7000,0.0000,0.0000,100.0000,200.0000
83,70EnNDPL2025/01/02,NDPL,0.0000,0.0000,0.0000,0.0000,8.9010,0.0000,0.0000,0.0000,38.9738,0.0000,12.4614,28.9200,0.0000,0.0000,34.7040,0.0000,27.6734,579.5135,0.0000,0.0000,69.6064,0.0000,0.0000,106.4300,0.0000,134.0300,0.0000,0.0000,0.0000,0.0000,0.0000,0.0000,9.3590,0.0000,0.0000,4.6910,22.0896,36.4325,0.0000,25.1956,38.6445,6.3078,13.0053,8.0965,13.8735,45.4984,0.0000,13.6250,21.9239,20.8471,0.0000,9.5485,5.4457,0.0000,0.0000,13.6311,0.0000,0.0000,0.0000,16.5856,0.0000,0.0000,0.0000,7.2313,0.3405,1.3223,0.0000,4.0099,2.9668,0.0000,5.0561,5.0775,0.0000,0.5492,0.0000,0.0000,0.0000,0.0000,217.5200,0.0000,0.0000,200.0000,0.0000,0.0000,200.0000,1.5700,1.2200,0.0000,0.0000,0.6719,0.0000,0.0000,6.6700,0.0000,0.0000,0.0000,0.0000,0.0000,0.0000,0.0000,0.0000,0.0000,0.0000,0.0000,0.0000,7.9739,0.0000,0.0000,0.0000,0.0000,200.0000,18.7000,0.0000,0.0000,100.0000,200.0000
84,70EnNDPL2025/01/02,NDPL,0.0000,0.0000,0.0000,0.0000,8.9010,0.0000,0.0000,0.0000,38.9738,0.0000,12.4614,28.9200,0.0000,0.0000,34.7040,0.0000,27.6734,579.5135,0.0000,0.0000,69.6064,0.0000,0.0000,97.9500,0.0000,134.0300,0.0000,0.0000,0.0000,0.0000,0.0000,0.0000,9.3590,0.0000,0.0000,4.6910,22.0896,36.4325,0.0000,25.1956,38.6445,6.3078,13.0053,8.0965,13.8735,45.4984,0.0000,13.6250,21.9239,20.8471,0.0000,9.5485,5.4457,0.0000,0.0000,13.6311,0.0000,0.0000,0.0000,16.5856,0.0000,0.0000,0.0000,7.2313,1.0155,1.3223,0.0000,4.0099,2.9668,0.0000,5.0561,1.0922,0.0000,0.5492,0.0000,0.0000,0.0000,0.0000,217.5200,0.0000,0.0000,200.0000,0.0000,0.0000,200.0000,1.5700,1.2200,0.0000,0.0000,0.6719,0.0000,0.0000,6.6700,0.0000,0.0000,0.0000,0.0000,0.0000,0.0000,0.0000,0.0000,0.0000,0.0000,0.0000,0.0000,7.9739,0.0000,0.0000,0.0000,0.0000,200.0000,18.7000,0.0000,0.0000,100.0000,200.0000
85,70EnNDPL2025/01/02,NDPL,0.0000,0.0000,0.0000,0.0000,8.9010,0.0000,0.0000,0.0000,38.9738,0.0000,12.4614,28.9200,0.0000,0.0000,34.7040,0.0000,27.6734,579.5135,0.0000,0.0000,69.6064,0.0000,0.0000,89.4800,0.0000,134.0300,0.0000,0.0000,0.0000,0.0000,0.0000,0.0000,9.3590,0.0000,0.0000,4.6910,22.0896,36.4325,0.0000,25.1956,38.6445,6.3078,13.0053,8.0965,13.8735,45.4984,0.0000,13.6250,21.9239,20.8471,0.0000,9.5485,5.4457,0.0000,0.0000,13.6311,0.0000,0.0000,0.0000,16.5856,0.0000,0.0000,0.0000,7.2313,8.1271,1.3223,0.0000,4.0099,2.9668,0.0000,5.0561,0.0000,0.0000,0.0000,0.0000,0.0000,0.0000,0.0000,217.5200,0.0000,0.0000,200.0000,0.0000,0.0000,200.0000,1.5700,1.2200,0.0000,0.0000,0.6719,0.0000,0.0000,6.6700,0.0000,0.0000,0.0000,0.0000,0.0000,0.0000,0.0000,0.0000,0.0000,0.0000,0.0000,0.0000,7.9739,0.0000,0.0000,0.0000,0.0000,200.0000,18.7000,0.0000,0.0000,100.0000,200.0000
86,70EnNDPL2025/01/02,NDPL,0.0000,0.0000,0.0000,0.0000,8.9010,0.0000,0.0000,0.0000,38.9738,0.0000,12.4614,28.9200,0.0000,0.0000,34.7040,0.0000,27.6734,579.5135,0.0000,0.0000,69.6064,0.0000,0.0000,81.0100,0.0000,134.0300,0.0000,0.0000,0.0000,0.0000,0.0000,0.0000,9.3590,0.0000,0.0000,4.6910,22.0896,36.4325,0.0000,25.1956,38.6445,6.3078,13.0053,8.0965,13.8735,45.4984,0.0000,13.6250,21.9239,20.8471,0.0000,9.5485,2.7244,0.0000,0.0000,13.6311,0.0000,0.0000,0.0000,16.5856,0.0000,0.0000,0.0000,7.2313,8.1271,1.3223,0.0000,4.0099,2.9668,0.0000,5.0561,0.0000,0.0000,0.0000,0.0000,0.0000,0.0000,0.0000,217.5200,0.0000,0.0000,200.0000,0.0000,0.0000,200.0000,1.5700,1.2200,0.0000,0.0000,0.6719,0.0000,0.0000,6.6700,0.0000,0.0000,0.0000,0.0000,0.0000,0.0000,0.0000,0.0000,0.0000,0.0000,0.0000,0.0000,7.9739,0.0000,0.0000,0.0000,0.0000,200.0000,18.7000,0.0000,0.0000,100.0000,200.0000
87,70EnNDPL2025/01/02,NDPL,0.0000,0.0000,0.0000,0.0000,8.9010,0.0000,0.0000,0.0000,38.9738,0.0000,12.4614,28.9200,0.0000,0.0000,34.7040,0.0000,27.6734,579.5135,0.0000,0.0000,69.6064,0.0000,0.0000,72.5200,0.0000,134.0300,0.0000,0.0000,0.0000,0.0000,0.0000,0.0000,9.3590,0.0000,0.0000,4.6910,22.0896,36.4325,0.0000,25.1956,38.6445,6.3078,13.0053,8.0965,13.8735,45.4984,0.0000,13.6250,21.9239,20.8471,0.0000,4.7743,2.7244,0.0000,0.0000,13.6311,0.0000,0.0000,0.0000,16.5856,0.0000,0.0000,0.0000,7.2313,8.1271,1.3223,0.0000,0.0000,2.9668,0.0000,5.0561,0.0000,0.0000,0.0000,0.0000,0.0000,0.0000,0.0000,217.5200,0.0000,0.0000,200.0000,0.0000,0.0000,200.0000,1.5700,1.2200,0.0000,0.0000,0.6719,0.0000,0.0000,6.6700,0.0000,0.0000,0.0000,0.0000,0.0000,0.0000,0.0000,0.0000,0.0000,0.0000,0.0000,0.0000,7.9739,0.0000,0.0000,0.0000,0.0000,200.0000,18.7000,0.0000,0.0000,100.0000,200.0000
88,70EnNDPL2025/01/02,NDPL,0.0000,0.0000,0.0000,0.0000,8.9010,0.0000,0.0000,0.0000,38.9738,0.0000,12.4614,28.9200,0.0000,0.0000,34.7040,0.0000,27.6734,579.5135,0.0000,0.0000,69.6064,0.0000,0.0000,70.0700,0.0000,134.0300,0.0000,0.0000,0.0000,0.0000,0.0000,0.0000,9.3590,0.0000,0.0000,4.6910,22.0896,36.4325,0.0000,25.1956,38.6445,6.3078,13.0053,8.0965,13.8735,45.4984,0.0000,13.6250,21.9239,20.8471,0.0000,4.7743,2.7244,0.0000,0.0000,13.6311,0.0000,0.0000,0.0000,16.5856,0.0000,0.0000,0.0000,7.2313,4.7401,1.3223,0.0000,0.0000,0.0000,0.0000,5.0561,0.0000,0.0000,0.0000,0.0000,0.0000,0.0000,0.0000,217.5200,0.0000,0.0000,200.0000,0.0000,0.0000,200.0000,1.5700,1.2200,0.0000,0.0000,0.6719,0.0000,0.0000,6.6700,0.0000,0.0000,0.0000,0.0000,0.0000,0.0000,0.0000,0.0000,0.0000,0.0000,0.0000,0.0000,7.9739,0.0000,0.0000,0.0000,0.0000,200.0000,18.7000,0.0000,0.0000,100.0000,200.0000
89,70EnNDPL2025/01/02,NDPL,0.0000,0.0000,0.0000,0.0000,8.9010,0.0000,0.0000,0.0000,38.9738,0.0000,12.4614,28.9200,0.0000,0.0000,34.7040,0.0000,27.6734,579.5135,0.0000,0.0000,69.6064,0.0000,0.0000,70.0700,0.0000,134.0300,0.0000,0.0000,0.0000,0.0000,0.0000,0.0000,9.3590,0.0000,0.0000,4.6910,22.0896,36.4325,0.0000,25.1956,38.6445,6.3078,13.0053,8.0965,13.8735,45.4984,0.0000,13.6925,21.9239,20.8471,0.0000,4.7743,2.7244,0.0000,0.0000,13.6311,0.0000,0.0000,0.0000,16.5856,0.0000,0.0000,0.0000,7.2313,2.3716,1.3223,0.0000,0.0000,0.0000,0.0000,5.0561,0.0000,0.0000,0.0000,0.0000,0.0000,0.0000,0.0000,217.5200,0.0000,0.0000,200.0000,0.0000,0.0000,200.0000,1.5700,1.1400,0.0000,0.0000,0.6719,0.0000,0.0000,6.6700,0.0000,0.0000,0.0000,0.0000,0.0000,0.0000,0.0000,0.0000,0.0000,0.0000,0.0000,0.0000,7.9739,0.0000,0.0000,0.0000,0.0000,200.0000,18.9800,0.0000,0.0000,100.0000,200.0000
90,70EnNDPL2025/01/02,NDPL,0.0000,0.0000,0.0000,0.0000,8.9010,0.0000,0.0000,0.0000,38.9738,0.0000,12.4614,28.9200,0.0000,0.0000,34.7040,0.0000,27.6734,579.5135,0.0000,0.0000,69.6064,0.0000,0.0000,70.0700,0.0000,134.0300,0.0000,0.0000,0.0000,0.0000,0.0000,0.0000,9.3590,0.0000,0.0000,4.6910,22.0896,36.4325,0.0000,25.1956,38.6445,6.3078,13.0053,8.0965,13.8735,45.4984,0.0000,13.7538,21.9239,20.8471,0.0000,4.7743,2.7244,0.0000,0.0000,13.6311,0.0000,0.0000,0.0000,16.5856,0.0000,0.0000,0.0000,7.2313,2.3716,1.3223,0.0000,0.0000,0.0000,0.0000,5.0561,0.0000,0.0000,0.0000,0.0000,0.0000,0.0000,0.0000,217.5200,0.0000,0.0000,200.0000,0.0000,0.0000,200.0000,1.5700,1.1400,0.0000,0.0000,0.6719,0.0000,0.0000,6.6700,0.0000,0.0000,0.0000,0.0000,0.0000,0.0000,0.0000,0.0000,0.0000,0.0000,0.0000,0.0000,7.9739,0.0000,0.0000,0.0000,0.0000,200.0000,18.9800,0.0000,0.0000,100.0000,200.0000
91,70EnNDPL2025/01/02,NDPL,0.0000,0.0000,0.0000,0.0000,8.9010,0.0000,0.0000,0.0000,38.9738,0.0000,12.4614,28.9200,0.0000,0.0000,34.7040,0.0000,27.6734,579.5135,0.0000,0.0000,69.6064,0.0000,0.0000,70.0700,0.0000,134.0300,0.0000,0.0000,0.0000,0.0000,0.0000,0.0000,9.3590,0.0000,0.0000,4.6910,23.6236,36.4325,0.0000,25.1956,38.6445,6.3078,13.0053,8.0965,13.8735,45.4984,0.0000,13.7538,21.9239,20.8471,0.0000,4.7743,2.7244,0.0000,0.0000,13.6311,0.0000,0.0000,0.0000,16.5856,0.0000,0.0000,0.0000,7.2313,2.4391,1.3223,0.0000,0.0000,0.0000,0.0000,5.0561,0.0000,0.0000,0.0000,0.0000,0.0000,0.0000,0.0000,217.5200,0.0000,0.0000,200.0000,0.0000,0.0000,200.0000,1.5700,1.1400,0.0000,0.0000,0.6719,0.0000,0.0000,6.6700,0.0000,0.0000,0.0000,0.0000,0.0000,0.0000,0.0000,0.0000,0.0000,0.0000,0.0000,0.0000,7.9739,0.0000,0.0000,0.0000,0.0000,200.0000,18.9800,0.0000,0.0000,100.0000,200.0000
92,70EnNDPL2025/01/02,NDPL,0.0000,0.0000,0.0000,0.0000,8.9010,0.0000,0.0000,0.0000,38.9738,0.0000,12.4614,28.9200,0.0000,0.0000,34.7040,0.0000,27.6734,579.5135,0.0000,0.0000,69.6064,0.0000,0.0000,70.0700,0.0000,134.0300,0.0000,0.0000,0.0000,0.0000,0.0000,0.0000,9.3590,0.0000,0.0000,4.6910,25.1576,36.4325,0.0000,25.1956,38.6445,6.3078,13.0053,8.0965,13.8735,45.4984,0.0000,13.7538,21.9239,20.8471,0.0000,0.0000,2.7244,0.0000,0.0000,13.6311,0.0000,0.0000,0.0000,16.5856,0.0000,0.0000,0.0000,7.2313,2.4391,1.3223,0.0000,0.0000,0.0000,0.0000,5.0561,0.0000,0.0000,0.0000,0.0000,0.0000,0.0000,0.0000,217.5200,0.0000,0.0000,200.0000,0.0000,0.0000,200.0000,1.5700,1.1400,0.0000,0.0000,0.6719,0.0000,0.0000,6.6700,0.0000,0.0000,0.0000,0.0000,0.0000,0.0000,0.0000,0.0000,0.0000,0.0000,0.0000,0.0000,7.9739,0.0000,0.0000,0.0000,0.0000,200.0000,18.9800,0.0000,0.0000,100.0000,200.0000
93,70EnNDPL2025/01/02,NDPL,0.0000,0.0000,0.0000,0.0000,8.9010,0.0000,0.0000,0.0000,38.9738,0.0000,12.4614,28.9200,0.0000,0.0000,34.7040,0.0000,27.6734,579.5135,0.0000,0.0000,69.6064,0.0000,0.0000,70.0700,0.0000,134.0300,0.0000,0.0000,0.0000,0.0000,0.0000,0.0000,9.3590,0.0000,0.0000,4.6910,26.6916,36.4325,0.0000,25.1956,38.6445,6.3078,13.0053,8.0965,13.8735,45.4984,0.0000,13.7538,21.9239,20.8471,0.0000,0.0000,2.7244,0.0000,0.0000,13.6311,0.0000,0.0000,0.0000,16.5856,0.0000,0.0000,0.0000,7.2313,0.6780,1.3223,0.0000,0.0000,0.0000,0.0000,5.0561,0.0000,0.0000,0.0000,0.0000,0.0000,0.0000,0.0000,217.5200,0.0000,0.0000,200.0000,0.0000,0.0000,200.0000,1.5700,1.1400,0.0000,0.0000,0.6719,0.0000,0.0000,6.6700,0.0000,0.0000,0.0000,0.0000,0.0000,0.0000,0.0000,0.0000,0.0000,0.0000,0.0000,0.0000,7.9739,0.0000,0.0000,0.0000,0.0000,200.0000,18.9800,0.0000,0.0000,100.0000,200.0000
94,70EnNDPL2025/01/02,NDPL,0.0000,0.0000,0.0000,0.0000,8.9010,0.0000,0.0000,0.0000,38.9738,0.0000,12.4614,28.9200,0.0000,0.0000,34.7040,0.0000,27.6734,579.5135,0.0000,0.0000,69.6064,0.0000,0.0000,70.0700,0.0000,134.0300,0.0000,0.0000,0.0000,0.0000,0.0000,0.0000,9.3590,0.0000,0.0000,4.6910,28.2256,36.4325,0.0000,25.1956,38.6445,6.3078,13.0053,8.0965,13.8735,45.4984,0.0000,13.8213,21.9239,20.8471,0.0000,0.0000,2.7244,0.0000,0.0000,13.6311,0.0000,0.0000,0.0000,16.5856,0.0000,0.0000,0.0000,7.2313,0.6780,1.3223,0.0000,0.0000,0.0000,0.0000,5.0561,0.0000,0.0000,0.0000,0.0000,0.0000,0.0000,0.0000,217.5200,0.0000,0.0000,200.0000,0.0000,0.0000,200.0000,1.5700,1.1400,0.0000,0.0000,0.6719,0.0000,0.0000,6.6700,0.0000,0.0000,0.0000,0.0000,0.0000,0.0000,0.0000,0.0000,0.0000,0.0000,0.0000,0.0000,7.9739,0.0000,0.0000,0.0000,0.0000,200.0000,18.9800,0.0000,0.0000,100.0000,200.0000
95,70EnNDPL2025/01/02,NDPL,0.0000,0.0000,0.0000,0.0000,8.9010,0.0000,0.0000,0.0000,38.9738,0.0000,12.4614,28.9200,0.0000,0.0000,34.7040,0.0000,27.6734,579.5135,0.0000,0.0000,69.6064,0.0000,0.0000,70.0700,0.0000,134.0300,0.0000,0.0000,0.0000,0.0000,0.0000,0.0000,9.3590,0.0000,0.0000,4.6910,28.2256,36.4325,0.0000,25.1956,38.6445,6.3078,13.0053,8.0965,13.8735,45.4984,0.0000,13.8213,21.9239,20.8471,0.0000,0.0000,2.7244,0.0000,0.0000,13.6311,0.0000,0.0000,0.0000,16.5856,0.0000,0.0000,0.0000,7.2313,0.2025,1.3223,0.0000,0.0000,0.0000,0.0000,5.0561,0.0000,0.0000,0.0000,0.0000,0.0000,0.0000,0.0000,217.5200,0.0000,0.0000,200.0000,0.0000,0.0000,200.0000,1.5700,1.1400,0.0000,0.0000,0.6719,0.0000,0.0000,6.6700,0.0000,0.0000,0.0000,0.0000,0.0000,0.0000,0.0000,0.0000,0.0000,0.0000,0.0000,0.0000,6.9207,0.0000,0.0000,0.0000,0.0000,200.0000,18.9800,0.0000,0.0000,100.0000,200.0000
96,70EnNDPL2025/01/02,NDPL,0.0000,0.0000,0.0000,0.0000,8.9010,0.0000,0.0000,0.0000,38.9738,0.0000,12.4614,28.9200,0.0000,0.0000,34.7040,0.0000,27.6734,579.5135,0.0000,0.0000,69.6064,0.0000,0.0000,70.0700,0.0000,134.0300,0.0000,0.0000,0.0000,0.0000,0.0000,0.0000,9.3590,0.0000,0.0000,4.6910,28.2256,36.4325,0.0000,25.1956,38.6445,6.3078,13.0053,8.0965,13.8735,45.4984,0.0000,13.8213,21.9239,20.8471,0.0000,0.0000,2.7244,0.0000,0.0000,13.6311,0.0000,0.0000,0.0000,16.5856,0.0000,0.0000,0.0000,7.2313,0.2025,1.3223,0.0000,0.0000,0.0000,0.0000,5.0561,0.0000,0.0000,0.0000,0.0000,0.0000,0.0000,0.0000,217.5200,0.0000,0.0000,200.0000,0.0000,0.0000,200.0000,1.5700,1.1400,0.0000,0.0000,0.6719,0.0000,0.0000,6.6700,0.0000,0.0000,0.0000,0.0000,0.0000,0.0000,0.0000,0.0000,0.0000,0.0000,0.0000,0.0000,6.9207,0.0000,0.0000,0.0000,0.0000,200.0000,18.9800,0.0000,0.0000,100.0000,200.0000
