timeslot,revisionno,discomcode,BTPS,PRAGATI,RPH,DADRI_T,GT_OC,CSGS,GT_RLNG,PRG_RLNG,DVC,GT_LF,GT_CC,PRG_G_CC,GT_RLG_C,GT_LF_CC,PG_RLG_C,REGULATE,MTPS6,JHAJJAR,NJPC,CCGT_OC,CCGT_CC,CCGT_RCC,CCGT_ROC,CLPJHAJR,MEJIA7,MAITHON,SECI,RITHL_CC,RITHL_OC,RITHL_RC,RITHL_RO,NHPC,DADRI_T2,ANTA_GF,AURY_GF,FARAKKA,RIHAND1,RIHAND2,RIHAND3,SASAN,SNGRAULI,UNCHHAR1,UNCHHAR2,UNCHHAR3,KAHLGAN1,KAHLGAN2,DADRI_GF,ANTA_RF,AURY_RF,DADRI_RF,KOLDAM,TH_HPP,KTWR_HEP,SEWA2,DMSWSL,NAPP,RAPPB,MUNDRA,RAMPUR,RAPPC,TALA,ANTA_LF,AURY_LF,DADRI_LF,URI,URI2,CHAMERA1,CHAMERA2,CHAMERA3,DHAULIGNGA,DULHASTI,PARBATI3,SALAL,TANAKPUR,BSIUL,UNCHAHAR4,PRG_CCLF,PRG_OCLF,CCGTCCSPOT,CCGTOCSPOT,SNG_HYDRO,SHEP,GIREL,RUMS_DMRC,SEIPL,THPPL,NHPPL,ANTA_CRF,AURY_CRF,DADR_CRF,ALFANR_I,ALFANR_II,ALFANR_III,ERCPL_FTG,ERPCL_FTG2,AP41PL_BHDL,ASE4PL,KUDGI,SRIJAN_M,SITAC_BRPL,SITAC_BYPL,TANDA2,KSHNGNGA,SOLAPUR,MEJA,TWEPL,GBHHPL,THAR_BYPL,THAR_BRPL,ASEJ2PL_BYPL,ASEJ2PL_TPDDL,CHANJUII,SECI_BRPL,SECI_BYPL,SECI_TPDDL,APSEPL_FTG,PARBATI2,KHURJA,GHATAMPUR,RAPPD
1,65EnNDPL2025/04/26,NDPL,0.0000,0.0000,0.0000,0.0000,0.0000,0.0000,0.0000,0.0000,77.6893,0.0000,23.1426,57.8400,0.0000,0.0000,0.0000,0.0000,27.6734,356.7015,19.4654,0.0000,69.6000,0.0000,0.0000,114.9700,0.0000,271.8600,0.0000,0.0000,0.0000,0.0000,0.0000,0.0000,9.3648,0.0000,0.0000,6.3814,13.4990,36.4397,0.0000,104.5820,42.8469,6.3946,12.8650,8.0936,13.9686,45.4984,0.0000,12.5622,18.9907,24.2187,0.0000,8.6989,2.7233,4.8479,0.0000,6.3884,0.0000,0.0000,0.0000,15.8861,0.0000,0.0000,0.0000,0.0000,15.2418,9.9061,8.6057,12.1244,5.9398,2.8043,15.1666,5.8609,0.0000,0.0000,6.0010,0.0000,0.0000,0.0000,204.4500,0.0000,0.8796,4.1100,0.0000,0.0000,200.0000,20.0000,4.2200,0.0000,0.0000,0.0000,0.0000,0.0000,25.0000,0.0000,0.0000,0.0000,0.0000,0.0000,0.0000,0.0000,0.0000,0.0000,0.0000,0.0000,0.0000,3.6108,0.0000,0.0000,0.0000,0.0000,200.0000,18.7000,0.0000,0.0000,100.0000,0.0000,3.7616,0.0000,0.0000,7.0650
2,65EnNDPL2025/04/26,NDPL,0.0000,0.0000,0.0000,0.0000,0.0000,0.0000,0.0000,0.0000,77.6893,0.0000,23.1426,57.8400,0.0000,0.0000,0.0000,0.0000,27.6734,356.7015,19.4654,0.0000,69.6000,0.0000,0.0000,114.9700,0.0000,271.8600,0.0000,0.0000,0.0000,0.0000,0.0000,0.0000,9.3648,0.0000,0.0000,6.3814,13.4990,36.4397,0.0000,104.5820,42.8469,6.3946,12.8650,8.0936,13.9686,45.4984,0.0000,12.5622,18.9907,24.2187,0.0000,8.6989,2.7233,4.8479,0.0000,6.3884,0.0000,0.0000,0.0000,15.8861,0.0000,0.0000,0.0000,0.0000,15.2418,9.9061,8.6057,12.1244,5.9398,2.8043,15.1666,5.8609,0.0000,0.0000,6.0010,0.0000,0.0000,0.0000,204.4500,0.0000,0.8796,4.1100,0.0000,0.0000,200.0000,20.0000,4.2200,0.0000,0.0000,0.0000,0.0000,0.0000,24.3300,0.0000,0.0000,0.0000,0.0000,0.0000,0.0000,0.0000,0.0000,0.0000,0.0000,0.0000,0.0000,3.6108,0.0000,0.0000,0.0000,0.0000,200.0000,18.7000,0.0000,0.0000,100.0000,0.0000,3.7616,0.0000,0.0000,7.0650
3,65EnNDPL2025/04/26,NDPL,0.0000,0.0000,0.0000,0.0000,0.0000,0.0000,0.0000,0.0000,77.6893,0.0000,23.1426,57.8400,0.0000,0.0000,0.0000,0.0000,27.6734,356.7015,19.4654,0.0000,69.6000,0.0000,0.0000,114.9700,0.0000,271.8600,0.0000,0.0000,0.0000,0.0000,0.0000,0.0000,9.3648,0.0000,0.0000,6.3814,13.4990,36.4397,0.0000,104.5820,42.8469,6.3946,12.8650,8.0936,13.9686,45.4984,0.0000,12.5622,18.9907,24.2187,0.0000,8.6989,2.7233,4.8479,0.0000,6.3884,0.0000,0.0000,0.0000,15.8861,0.0000,0.0000,0.0000,0.0000,15.2418,9.9061,8.6057,12.1244,5.9398,2.8043,15.1666,5.0003,0.0000,0.0000,6.0010,0.0000,0.0000,0.0000,204.4500,0.0000,0.8796,4.1100,0.0000,0.0000,200.0000,20.0000,4.2200,0.0000,0.0000,0.0000,0.0000,0.0000,23.6700,0.0000,0.0000,0.0000,0.0000,0.0000,0.0000,0.0000,0.0000,0.0000,0.0000,0.0000,0.0000,3.6108,0.0000,0.0000,0.0000,0.0000,200.0000,18.7000,0.0000,0.0000,100.0000,0.0000,3.7616,0.0000,0.0000,7.0650
4,65EnNDPL2025/04/26,NDPL,0.0000,0.0000,0.0000,0.0000,0.0000,0.0000,0.0000,0.0000,77.6893,0.0000,23.1426,57.8400,0.0000,0.0000,0.0000,0.0000,27.6734,356.7015,19.4654,0.0000,69.6000,0.0000,0.0000,114.9700,0.0000,271.8600,0.0000,0.0000,0.0000,0.0000,0.0000,0.0000,9.3648,0.0000,0.0000,6.3814,13.4990,36.4397,0.0000,104.5820,42.8469,6.3946,12.8650,8.0936,13.9686,45.4984,0.0000,12.5622,18.9907,24.2187,0.0000,8.6989,2.7233,4.8479,0.0000,6.3884,0.0000,0.0000,0.0000,15.8861,0.0000,0.0000,0.0000,0.0000,16.0640,9.9061,8.6057,12.1244,5.9398,2.8043,15.1666,5.0003,0.0000,0.0000,6.0010,0.0000,0.0000,0.0000,204.4500,0.0000,0.8796,4.1100,0.0000,0.0000,200.0000,20.0000,4.2200,0.0000,0.0000,0.0000,0.0000,0.0000,23.3300,0.0000,0.0000,0.0000,0.0000,0.0000,0.0000,0.0000,0.0000,0.0000,0.0000,0.0000,0.0000,3.6108,0.0000,0.0000,0.0000,0.0000,200.0000,18.7000,0.0000,0.0000,100.0000,0.0000,3.7616,0.0000,0.0000,7.0650
5,65EnNDPL2025/04/26,NDPL,0.0000,0.0000,0.0000,0.0000,0.0000,0.0000,0.0000,0.0000,77.6893,0.0000,23.1426,57.8400,0.0000,0.0000,0.0000,0.0000,27.6734,356.7015,19.4654,0.0000,69.6000,0.0000,0.0000,114.9700,0.0000,271.8600,0.0000,0.0000,0.0000,0.0000,0.0000,0.0000,9.3648,0.0000,0.0000,6.3814,13.4990,36.4397,0.0000,104.5820,42.8469,6.3946,12.8650,8.0936,13.9686,45.4984,0.0000,12.5622,18.9907,24.2187,0.0000,8.3520,2.7233,4.8479,0.0000,6.3884,0.0000,0.0000,0.0000,15.8861,0.0000,0.0000,0.0000,0.0000,16.0640,9.9061,8.6057,8.0805,5.9398,2.8043,15.1666,5.0003,0.0000,0.0000,6.0010,0.0000,0.0000,0.0000,204.4500,0.0000,0.8796,4.1100,0.0000,0.0000,200.0000,20.0000,4.2200,0.0000,0.0000,0.0000,0.0000,0.0000,25.1700,0.0000,0.0000,0.0000,0.0000,0.0000,0.0000,0.0000,0.0000,0.0000,0.0000,0.0000,0.0000,3.6108,0.0000,0.0000,0.0000,0.0000,200.0000,18.7000,0.0000,0.0000,100.0000,0.0000,3.7616,0.0000,0.0000,7.0650
6,65EnNDPL2025/04/26,NDPL,0.0000,0.0000,0.0000,0.0000,0.0000,0.0000,0.0000,0.0000,77.6893,0.0000,23.1426,57.8400,0.0000,0.0000,0.0000,0.0000,27.6734,356.7015,19.4654,0.0000,69.6000,0.0000,0.0000,114.9700,0.0000,271.8600,0.0000,0.0000,0.0000,0.0000,0.0000,0.0000,9.3648,0.0000,0.0000,6.3814,13.4990,36.4397,0.0000,104.5820,42.8469,6.3946,12.8650,8.0936,13.9686,45.4984,0.0000,12.5622,18.9907,24.2187,0.0000,8.3520,2.7233,4.8479,0.0000,6.3884,0.0000,0.0000,0.0000,15.8861,0.0000,0.0000,0.0000,0.0000,16.0640,9.9061,8.6057,8.0805,5.9398,2.8043,15.1666,5.0003,0.0000,0.0000,6.0010,0.0000,0.0000,0.0000,204.4500,0.0000,0.8796,4.1100,0.0000,0.0000,200.0000,20.0000,4.2200,0.0000,0.0000,0.0000,0.0000,0.0000,24.5000,0.0000,0.0000,0.0000,0.0000,0.0000,0.0000,0.0000,0.0000,0.0000,0.0000,0.0000,0.0000,3.6108,0.0000,0.0000,0.0000,0.0000,200.0000,18.7000,0.0000,0.0000,100.0000,0.0000,3.7616,0.0000,0.0000,7.0650
7,65EnNDPL2025/04/26,NDPL,0.0000,0.0000,0.0000,0.0000,0.0000,0.0000,0.0000,0.0000,72.3492,0.0000,23.1426,57.8400,0.0000,0.0000,0.0000,0.0000,27.6734,356.7015,19.4654,0.0000,69.6000,0.0000,0.0000,114.9700,0.0000,271.8600,0.0000,0.0000,0.0000,0.0000,0.0000,0.0000,9.3648,0.0000,0.0000,6.3814,13.4990,36.4397,0.0000,104.5820,42.8469,6.3946,12.8650,8.0936,13.9686,45.4984,0.0000,12.5622,18.9932,24.2162,0.0000,8.3520,2.7233,4.8479,0.0000,6.3884,0.0000,0.0000,0.0000,15.8861,0.0000,0.0000,0.0000,0.0000,16.0640,9.9061,8.6057,8.0805,5.9398,2.8043,15.1666,5.0003,0.0000,0.0000,6.0010,0.0000,0.0000,0.0000,204.4500,0.0000,0.8796,4.1100,0.0000,0.0000,200.0000,20.0000,4.2200,0.0000,0.0000,0.0000,0.0000,0.0000,27.0000,0.0000,0.0000,0.0000,0.0000,0.0000,0.0000,0.0000,0.0000,0.0000,0.0000,0.0000,0.0000,3.6108,0.0000,0.0000,0.0000,0.0000,200.0000,18.7000,0.0000,0.0000,100.0000,0.0000,3.7616,0.0000,0.0000,7.0650
8,65EnNDPL2025/04/26,NDPL,0.0000,0.0000,0.0000,0.0000,0.0000,0.0000,0.0000,0.0000,72.3492,0.0000,23.1426,57.8400,0.0000,0.0000,0.0000,0.0000,27.6734,356.7015,19.4654,0.0000,69.6000,0.0000,0.0000,114.9700,0.0000,271.8600,0.0000,0.0000,0.0000,0.0000,0.0000,0.0000,9.3648,0.0000,0.0000,6.3814,13.4990,36.4397,0.0000,104.5820,42.8469,6.3946,12.8650,8.0936,13.9686,45.4984,0.0000,12.5622,18.9932,24.2162,0.0000,5.5672,2.7233,4.8479,0.0000,6.3884,0.0000,0.0000,0.0000,15.8861,0.0000,0.0000,0.0000,0.0000,16.0640,9.9061,8.6057,8.0805,5.9398,2.8043,15.1666,5.0003,0.0000,0.0000,6.0010,0.0000,0.0000,0.0000,204.4500,0.0000,0.8796,4.1100,0.0000,0.0000,200.0000,20.0000,4.2200,0.0000,0.0000,0.0000,0.0000,0.0000,26.3300,0.0000,0.0000,0.0000,0.0000,0.0000,0.0000,0.0000,0.0000,0.0000,0.0000,0.0000,0.0000,3.6108,0.0000,0.0000,0.0000,0.0000,200.0000,18.7000,0.0000,0.0000,100.0000,0.0000,3.7616,0.0000,0.0000,7.0650
9,65EnNDPL2025/04/26,NDPL,0.0000,0.0000,0.0000,0.0000,0.0000,0.0000,0.0000,0.0000,72.3492,0.0000,23.1426,57.8400,0.0000,0.0000,0.0000,0.0000,27.6734,356.7015,19.4654,0.0000,69.6000,0.0000,0.0000,114.9700,0.0000,271.8600,0.0000,0.0000,0.0000,0.0000,0.0000,0.0000,9.3648,0.0000,0.0000,6.3814,13.4990,36.4397,0.0000,104.5820,42.8469,6.3946,12.8650,8.0936,13.9686,45.4984,0.0000,12.7218,18.9932,24.2162,0.0000,5.5672,2.7233,4.8479,0.0000,6.3884,0.0000,0.0000,0.0000,15.8861,0.0000,0.0000,0.0000,0.0000,16.0640,9.9061,8.6057,8.0805,5.9398,2.8043,15.1666,5.0003,0.0000,0.0000,6.0010,0.0000,0.0000,0.0000,204.4500,0.0000,0.8796,3.9500,0.0000,0.0000,200.0000,20.0000,4.3000,0.0000,0.0000,0.0000,0.0000,0.0000,26.0000,0.0000,0.0000,0.0000,0.0000,0.0000,0.0000,0.0000,0.0000,0.0000,0.0000,0.0000,0.0000,3.6108,0.0000,0.0000,0.0000,0.0000,200.0000,18.5100,0.0000,0.0000,100.0000,0.0000,3.7616,0.0000,0.0000,7.0650
10,65EnNDPL2025/04/26,NDPL,0.0000,0.0000,0.0000,0.0000,0.0000,0.0000,0.0000,0.0000,72.3492,0.0000,23.1426,57.8400,0.0000,0.0000,0.0000,0.0000,27.6734,356.7015,19.4654,0.0000,69.6000,0.0000,0.0000,114.9700,0.0000,271.8600,0.0000,0.0000,0.0000,0.0000,0.0000,0.0000,9.3648,0.0000,0.0000,6.3814,13.4990,36.4397,0.0000,104.5820,42.8469,6.3946,12.8650,8.0936,13.9686,45.4984,0.0000,12.7218,18.9932,24.2162,0.0000,2.7848,2.7233,3.2345,0.0000,6.3884,0.0000,0.0000,0.0000,15.8861,0.0000,0.0000,0.0000,0.0000,15.2418,9.9061,8.6057,8.0805,5.9398,2.8043,15.1666,5.0003,0.0000,0.0000,6.0010,0.0000,0.0000,0.0000,204.4500,0.0000,0.8796,3.9500,0.0000,0.0000,200.0000,20.0000,4.3000,0.0000,0.0000,0.0000,0.0000,0.0000,25.8300,0.0000,0.0000,0.0000,0.0000,0.0000,0.0000,0.0000,0.0000,0.0000,0.0000,0.0000,0.0000,3.6108,0.0000,0.0000,0.0000,0.0000,200.0000,18.5100,0.0000,0.0000,100.0000,0.0000,3.7616,0.0000,0.0000,7.0650
11,65EnNDPL2025/04/26,NDPL,0.0000,0.0000,0.0000,0.0000,0.0000,0.0000,0.0000,0.0000,72.3492,0.0000,23.1426,57.8400,0.0000,0.0000,0.0000,0.0000,27.6734,356.7015,19.4654,0.0000,69.6000,0.0000,0.0000,114.9700,0.0000,271.8600,0.0000,0.0000,0.0000,0.0000,0.0000,0.0000,9.3648,0.0000,0.0000,6.3814,13.4990,36.4397,0.0000,104.5820,42.8469,6.3946,12.8650,8.0936,13.9686,45.4984,0.0000,12.7218,18.9932,24.2162,0.0000,2.7848,2.7233,3.2345,0.0000,6.3884,0.0000,0.0000,0.0000,15.8861,0.0000,0.0000,0.0000,0.0000,15.2418,9.9061,8.6057,8.0805,5.9398,2.8043,15.1666,5.0003,0.0000,1.9236,6.0010,0.0000,0.0000,0.0000,204.4500,0.0000,0.8796,3.9500,0.0000,0.0000,200.0000,20.0000,4.3000,0.0000,0.0000,0.0000,0.0000,0.0000,25.6700,0.0000,0.0000,0.0000,0.0000,0.0000,0.0000,0.0000,0.0000,0.0000,0.0000,0.0000,0.0000,3.6108,0.0000,0.0000,0.0000,0.0000,200.0000,18.5100,0.0000,0.0000,100.0000,0.0000,3.7616,0.0000,0.0000,7.0650
12,65EnNDPL2025/04/26,NDPL,0.0000,0.0000,0.0000,0.0000,0.0000,0.0000,0.0000,0.0000,72.3492,0.0000,23.1426,57.8400,0.0000,0.0000,0.0000,0.0000,27.6734,356.7015,19.4654,0.0000,69.6000,0.0000,0.0000,114.9700,0.0000,271.8600,0.0000,0.0000,0.0000,0.0000,0.0000,0.0000,9.3648,0.0000,0.0000,6.3814,13.4990,36.4397,0.0000,104.5820,42.8469,6.3946,12.8650,8.0936,13.9686,45.4984,0.0000,12.7218,18.9932,24.2162,0.0000,2.7848,2.7233,3.2345,0.0000,6.3884,0.0000,0.0000,0.0000,15.8861,0.0000,0.0000,0.0000,0.0000,15.2418,9.9061,8.6057,8.0805,5.9398,2.8043,15.1666,5.0003,0.0000,1.9236,6.0010,0.0000,0.0000,0.0000,204.4500,0.0000,0.8796,3.9500,0.0000,0.0000,200.0000,20.0000,4.3000,0.0000,0.0000,0.0000,0.0000,0.0000,25.5000,0.0000,0.0000,0.0000,0.0000,0.0000,0.0000,0.0000,0.0000,0.0000,0.0000,0.0000,0.0000,3.6108,0.0000,0.0000,0.0000,0.0000,200.0000,18.5100,0.0000,0.0000,100.0000,0.0000,3.7616,0.0000,0.0000,7.0650
13,65EnNDPL2025/04/26,NDPL,0.0000,0.0000,0.0000,0.0000,0.0000,0.0000,0.0000,0.0000,72.3492,0.0000,23.1426,57.8400,0.0000,0.0000,0.0000,0.0000,27.6734,356.7015,19.4654,0.0000,69.6000,0.0000,0.0000,114.9700,0.0000,271.8600,0.0000,0.0000,0.0000,0.0000,0.0000,0.0000,9.3648,0.0000,0.0000,6.3814,13.4990,36.4397,0.0000,104.5820,42.8469,6.3946,12.8650,8.0936,13.9686,45.4984,0.0000,12.7218,18.9932,24.2162,0.0000,0.0000,2.7233,3.2345,0.0000,6.3884,0.0000,0.0000,0.0000,15.8861,0.0000,0.0000,0.0000,0.0000,15.2418,9.0788,8.6057,8.0805,5.9398,2.8043,15.1666,5.0003,0.0000,1.9236,6.0010,0.0000,0.0000,0.0000,204.4500,0.0000,0.8796,3.8700,0.0000,0.0000,200.0000,20.0000,4.3000,0.0000,0.0000,0.0000,0.0000,0.0000,21.1700,0.0000,0.0000,0.0000,0.0000,0.0000,0.0000,0.0000,0.0000,0.0000,0.0000,0.0000,0.0000,3.6108,0.0000,0.0000,0.0000,0.0000,200.0000,18.3300,0.0000,0.0000,100.0000,0.0000,3.7616,0.0000,0.0000,7.0650
14,65EnNDPL2025/04/26,NDPL,0.0000,0.0000,0.0000,0.0000,0.0000,0.0000,0.0000,0.0000,72.3492,0.0000,23.1426,57.8400,0.0000,0.0000,0.0000,0.0000,27.6734,356.7015,19.4654,0.0000,69.6000,0.0000,0.0000,114.9700,0.0000,271.8600,0.0000,0.0000,0.0000,0.0000,0.0000,0.0000,9.3648,0.0000,0.0000,6.3814,13.4990,36.4397,0.0000,104.5820,42.8469,6.3946,12.8650,8.0936,13.9686,45.4984,0.0000,12.7218,18.9932,24.2162,0.0000,0.0000,2.7233,3.2345,0.0000,6.3884,0.0000,0.0000,0.0000,15.8861,0.0000,0.0000,0.0000,0.0000,15.2418,9.0788,8.6057,8.0805,5.9398,2.8043,15.1666,5.0003,0.0000,1.9236,6.0010,0.0000,0.0000,0.0000,204.4500,0.0000,0.8796,3.8700,0.0000,0.0000,200.0000,20.0000,4.3000,0.0000,0.0000,0.0000,0.0000,0.0000,21.1700,0.0000,0.0000,0.0000,0.0000,0.0000,0.0000,0.0000,0.0000,0.0000,0.0000,0.0000,0.0000,3.6108,0.0000,0.0000,0.0000,0.0000,200.0000,18.3300,0.0000,0.0000,100.0000,0.0000,3.7616,0.0000,0.0000,7.0650
15,65EnNDPL2025/04/26,NDPL,0.0000,0.0000,0.0000,0.0000,0.0000,0.0000,0.0000,0.0000,72.3492,0.0000,23.1426,57.8400,0.0000,0.0000,0.0000,0.0000,27.6734,356.7015,19.4654,0.0000,69.6000,0.0000,0.0000,114.9700,0.0000,271.8600,0.0000,0.0000,0.0000,0.0000,0.0000,0.0000,9.3648,0.0000,0.0000,6.3814,13.4990,36.4397,0.0000,104.5820,42.8469,6.3946,12.8650,8.0936,13.9686,45.4984,0.0000,12.7218,18.9932,24.2162,0.0000,0.0000,2.7233,3.2345,0.0000,6.3884,0.0000,0.0000,0.0000,15.8861,0.0000,0.0000,0.0000,0.0000,15.2418,9.0788,8.6057,8.0805,5.9398,2.8043,15.1666,5.0003,0.0000,1.9236,6.0010,0.0000,0.0000,0.0000,204.4500,0.0000,0.8796,3.8700,0.0000,0.0000,200.0000,20.0000,4.3000,0.0000,0.0000,0.0000,0.0000,0.0000,21.1700,0.0000,0.0000,0.0000,0.0000,0.0000,0.0000,0.0000,0.0000,0.0000,0.0000,0.0000,0.0000,4.5135,0.0000,0.0000,0.0000,0.0000,200.0000,18.3300,0.0000,0.0000,100.0000,0.0000,3.7616,0.0000,0.0000,7.0650
16,65EnNDPL2025/04/26,NDPL,0.0000,0.0000,0.0000,0.0000,0.0000,0.0000,0.0000,0.0000,72.3492,0.0000,23.1426,57.8400,0.0000,0.0000,0.0000,0.0000,27.6734,356.7015,19.4654,0.0000,69.6000,0.0000,0.0000,114.9700,0.0000,271.8600,0.0000,0.0000,0.0000,0.0000,0.0000,0.0000,9.3648,0.0000,0.0000,6.3814,13.4990,36.4397,0.0000,104.5820,42.8469,6.3946,12.8650,8.0936,13.9686,45.4984,0.0000,12.7218,18.9932,24.2162,0.0000,0.0000,2.7233,3.2345,0.0000,6.3884,0.0000,0.0000,0.0000,15.8861,0.0000,0.0000,0.0000,0.0000,15.2418,9.0788,8.6057,8.0805,2.9712,2.8043,15.1666,5.0003,0.0000,1.9236,4.0007,0.0000,0.0000,0.0000,204.4500,0.0000,0.8796,3.8700,0.0000,0.0000,200.0000,20.0000,4.3000,0.0000,0.0000,0.0000,0.0000,0.0000,21.3300,0.0000,0.0000,0.0000,0.0000,0.0000,0.0000,0.0000,0.0000,0.0000,0.0000,0.0000,0.0000,5.4162,0.0000,0.0000,0.0000,0.0000,200.0000,18.3300,0.0000,0.0000,100.0000,0.0000,3.7616,0.0000,0.0000,7.0650
17,65EnNDPL2025/04/26,NDPL,0.0000,0.0000,0.0000,0.0000,0.0000,0.0000,0.0000,0.0000,72.3492,0.0000,23.1426,57.8400,0.0000,0.0000,0.0000,0.0000,27.6734,356.7015,19.4654,0.0000,69.6000,0.0000,0.0000,114.9700,0.0000,271.8600,0.0000,0.0000,0.0000,0.0000,0.0000,0.0000,9.3648,0.0000,0.0000,6.3814,13.4990,36.4397,0.0000,104.5820,42.8469,6.3946,12.8650,8.0936,13.9686,45.4984,0.0000,12.7218,18.9932,24.2162,0.0000,0.0000,2.7233,3.2345,0.0000,6.3884,0.0000,0.0000,0.0000,15.8861,0.0000,0.0000,0.0000,0.0000,15.2418,9.0788,8.6057,8.0805,2.9712,2.8043,15.1666,5.0003,0.0000,0.0000,4.0007,0.0000,0.0000,0.0000,204.4500,0.0000,0.8796,3.8700,0.0000,0.0000,200.0000,20.0000,3.8400,0.0000,0.0000,0.0000,0.0000,0.0000,21.5000,0.0000,0.0000,0.0000,0.0000,0.0000,0.0000,0.0000,0.0000,0.0000,0.0000,0.0000,0.0000,6.6198,0.0000,0.0000,0.0000,0.0000,200.0000,18.0500,0.0000,0.0000,100.0000,0.0000,3.7616,0.0000,0.0000,7.0650
18,65EnNDPL2025/04/26,NDPL,0.0000,0.0000,0.0000,0.0000,0.0000,0.0000,0.0000,0.0000,72.3492,0.0000,23.1426,57.8400,0.0000,0.0000,0.0000,0.0000,27.6734,346.7543,12.7832,0.0000,69.6000,0.0000,0.0000,114.9700,0.0000,271.8600,0.0000,0.0000,0.0000,0.0000,0.0000,0.0000,9.3648,0.0000,0.0000,6.3814,13.4990,36.4397,0.0000,104.5820,42.8469,6.3946,12.8650,8.0936,13.9686,45.4984,0.0000,12.7218,18.9932,24.2162,0.0000,0.0000,2.7233,3.2345,0.0000,6.3884,0.0000,0.0000,0.0000,15.8861,0.0000,0.0000,0.0000,0.0000,15.2418,9.0788,4.2921,8.0805,2.9712,2.8043,15.1666,5.0003,0.0000,0.0000,4.0007,0.0000,0.0000,0.0000,204.4500,0.0000,0.8796,3.8700,0.0000,0.0000,200.0000,20.0000,3.8400,0.0000,0.0000,0.0000,0.0000,0.0000,21.6700,0.0000,0.0000,0.0000,0.0000,0.0000,0.0000,0.0000,0.0000,0.0000,0.0000,0.0000,0.0000,6.6198,0.0000,0.0000,0.0000,0.0000,200.0000,18.0500,0.0000,0.0000,100.0000,0.0000,3.7616,0.0000,0.0000,7.0650
19,65EnNDPL2025/04/26,NDPL,0.0000,0.0000,0.0000,0.0000,0.0000,0.0000,0.0000,0.0000,72.3492,0.0000,23.1426,57.8400,0.0000,0.0000,0.0000,0.0000,27.6734,346.7543,12.7832,0.0000,69.6000,0.0000,0.0000,114.9700,0.0000,271.8600,0.0000,0.0000,0.0000,0.0000,0.0000,0.0000,9.3648,0.0000,0.0000,6.3814,13.4990,36.4397,0.0000,104.5820,42.8469,6.3946,12.8650,8.0936,13.9686,45.4984,0.0000,12.7218,18.9932,24.2162,0.0000,0.0000,2.7233,3.2345,0.0000,6.3884,0.0000,0.0000,0.0000,15.8861,0.0000,0.0000,0.0000,0.0000,15.2418,9.0788,4.2921,8.0805,2.9712,2.8043,15.1666,5.0003,0.0000,0.0000,4.0007,0.0000,0.0000,0.0000,204.4500,0.0000,0.8796,3.8700,0.0000,0.0000,200.0000,20.0000,4.2200,0.0000,0.0000,0.0000,0.0000,0.0000,22.0000,0.0000,0.0000,0.0000,0.0000,0.0000,0.0000,0.0000,0.0000,0.0000,0.0000,0.0000,0.0000,6.6198,0.0000,0.0000,0.0000,0.0000,200.0000,18.0500,0.0000,0.0000,100.0000,0.0000,3.7616,0.0000,0.0000,7.0650
20,65EnNDPL2025/04/26,NDPL,0.0000,0.0000,0.0000,0.0000,0.0000,0.0000,0.0000,0.0000,72.3492,0.0000,23.1426,57.8400,0.0000,0.0000,0.0000,0.0000,27.6734,346.7543,12.7832,0.0000,69.6000,0.0000,0.0000,114.9700,0.0000,271.8600,0.0000,0.0000,0.0000,0.0000,0.0000,0.0000,9.3648,0.0000,0.0000,6.3814,13.4990,36.4397,0.0000,104.5820,42.8469,6.3946,12.8650,8.0936,13.9686,45.4984,0.0000,12.7218,18.9932,24.2162,0.0000,0.0000,2.7233,3.2345,0.0000,6.3884,0.0000,0.0000,0.0000,15.8861,0.0000,0.0000,0.0000,0.0000,15.2418,9.0788,4.2921,4.0415,2.9712,2.8043,15.1666,5.0003,0.0000,0.0000,4.0007,0.0000,0.0000,0.0000,204.4500,0.0000,0.8796,3.8700,0.0000,0.0000,200.0000,20.0000,4.2200,0.0000,0.0000,0.0000,0.0000,0.0000,22.1700,0.0000,0.0000,0.0000,0.0000,0.0000,0.0000,0.0000,0.0000,0.0000,0.0000,0.0000,0.0000,6.0180,0.0000,0.0000,0.0000,0.0000,200.0000,18.0500,0.0000,0.0000,100.0000,0.0000,3.7616,0.0000,0.0000,7.0650
21,65EnNDPL2025/04/26,NDPL,0.0000,0.0000,0.0000,0.0000,0.0000,0.0000,0.0000,0.0000,72.3492,0.0000,23.1426,57.8400,0.0000,0.0000,0.0000,0.0000,27.6734,346.7543,12.7832,0.0000,69.6000,0.0000,0.0000,114.9700,0.0000,271.8600,0.0000,0.0000,0.0000,0.0000,0.0000,0.0000,9.3648,0.0000,0.0000,6.3814,13.4990,36.4397,0.0000,104.5820,42.8469,6.3946,12.8650,8.0936,14.0606,45.4984,0.0000,12.7218,18.9932,24.2162,0.0000,2.7848,2.7233,1.6160,0.0000,6.3884,0.0000,0.0000,0.0000,15.8861,0.0000,0.0000,0.0000,0.0000,15.2418,9.0788,4.2921,4.0415,2.9712,2.8043,15.1666,5.0003,0.0000,0.0000,4.0007,0.0000,0.0000,0.0000,204.4500,0.0000,0.8796,3.8700,0.0000,0.0000,200.0000,20.0000,4.1400,0.0000,0.0000,0.0000,0.0000,0.0000,22.1700,0.0000,0.0000,0.0000,0.0000,0.0000,0.0000,0.0000,0.0000,0.0000,0.0000,0.0000,0.0000,6.0180,0.0000,0.0000,0.0000,0.0000,200.0000,17.7700,0.0000,0.0000,100.0000,0.0000,3.7616,0.0000,0.0000,7.0650
22,65EnNDPL2025/04/26,NDPL,0.0000,0.0000,0.0000,0.0000,0.0000,0.0000,0.0000,0.0000,72.3492,0.0000,23.1426,57.8400,0.0000,0.0000,0.0000,0.0000,27.6734,346.7543,12.7832,0.0000,69.6000,0.0000,0.0000,114.9700,0.0000,271.8600,0.0000,0.0000,0.0000,0.0000,0.0000,0.0000,9.3648,0.0000,0.0000,6.3814,13.4990,36.4397,0.0000,104.5820,42.8469,6.3946,12.8650,8.0936,14.0606,45.4984,0.0000,12.7218,18.9932,24.2162,0.0000,2.7848,2.7233,0.0000,0.0000,6.3884,0.0000,0.0000,0.0000,15.8861,0.0000,0.0000,0.0000,0.0000,15.2418,9.0788,4.2921,4.0415,2.9712,2.8043,15.1666,5.0003,0.0000,0.0000,4.0007,0.0000,0.0000,0.0000,204.4500,0.0000,0.8796,3.8700,0.0000,0.0000,200.0000,20.0000,4.1400,0.0000,0.0000,0.0000,0.0000,0.0000,22.3300,0.0000,0.0000,0.0000,0.0000,0.0000,0.0000,0.0000,0.0000,0.0000,0.0000,0.0000,0.0000,6.0180,0.0000,0.0000,0.0000,0.0000,200.0000,17.7700,0.0000,0.0000,100.0000,0.0000,3.7616,0.0000,0.0000,7.0650
23,65EnNDPL2025/04/26,NDPL,0.0000,0.0000,0.0000,0.0000,0.0000,0.0000,0.0000,0.0000,72.3492,0.0000,23.1426,57.8400,0.0000,0.0000,0.0000,0.0000,27.6734,346.7543,12.7832,0.0000,69.6000,0.0000,0.0000,114.9700,0.0000,271.8600,0.0000,0.0000,0.0000,0.0000,0.0000,0.0000,9.3648,0.0000,0.0000,6.3814,13.4990,36.4397,0.0000,104.5820,42.8469,6.3946,12.8650,8.0936,14.0606,45.4984,0.0000,12.7218,18.9932,24.2162,0.0000,5.5672,2.7233,0.0000,0.0000,6.3884,0.0000,0.0000,0.0000,15.8861,0.0000,0.0000,0.0000,0.0000,15.2418,9.0788,4.2921,4.0415,2.9712,2.8043,15.1666,5.0003,0.0000,0.0000,4.0007,0.0000,0.0000,0.0000,204.4500,0.0000,0.8796,3.8700,0.0000,0.0000,200.0000,20.0000,4.1400,0.0000,0.0000,0.0000,0.0000,0.0000,22.1700,0.0000,0.0000,0.0000,0.0000,0.0000,0.0000,0.0000,0.0000,0.0000,0.0000,0.0000,0.0000,6.0180,0.0000,0.0000,0.0000,0.0000,200.0000,17.7700,0.0000,0.0000,100.0000,0.0000,3.7616,0.0000,0.0000,7.0650
24,65EnNDPL2025/04/26,NDPL,0.0000,0.0000,0.0000,0.0000,0.0000,0.0000,0.0000,0.0000,72.3492,0.0000,23.1426,57.8400,0.0000,0.0000,0.0000,0.0000,27.6734,346.7543,12.7832,0.0000,69.6000,0.0000,0.0000,114.9700,0.0000,271.8600,0.0000,0.0000,0.0000,0.0000,0.0000,0.0000,9.3648,0.0000,0.0000,6.3814,13.4990,36.4397,0.0000,104.5820,42.8469,6.3946,12.8650,8.0936,14.0606,45.4984,0.0000,12.7218,18.9932,24.2162,0.0000,5.5672,2.7233,0.0000,0.0000,6.3884,0.0000,0.0000,0.0000,15.8861,0.0000,0.0000,0.0000,0.0000,15.2418,9.0788,4.2921,4.0415,2.9712,2.8043,15.1666,5.0003,0.0000,0.0000,4.0007,0.0000,0.0000,0.0000,204.4500,0.0000,0.8796,3.8700,0.0000,0.0000,0.0900,20.0000,4.1400,0.0000,0.0000,0.0000,0.0000,0.0000,22.0000,0.0000,0.0000,0.0000,0.0000,0.0000,0.0000,0.0000,0.0000,0.0000,0.0000,0.0000,0.0000,6.0180,0.0000,0.0000,0.0000,0.0000,200.0000,17.7700,0.0000,0.0000,100.0000,0.0000,3.7616,0.0000,0.0000,7.0650
25,65EnNDPL2025/04/26,NDPL,0.0000,0.0000,0.0000,0.0000,0.0000,0.0000,0.0000,0.0000,72.3492,0.0000,23.1426,57.8400,0.0000,0.0000,0.0000,0.0000,27.6734,346.7543,12.7832,0.0000,69.6000,0.0000,0.0000,114.9700,0.0000,271.8600,0.0000,0.0000,0.0000,0.0000,0.0000,0.0000,9.3648,0.0000,0.0000,6.3814,13.4990,36.4397,0.0000,104.5820,42.8469,6.3946,12.8650,8.0936,14.0606,45.4984,0.0000,12.5622,18.9932,24.2162,0.0000,5.5672,2.7233,0.0000,0.0000,6.3884,0.0000,0.0000,0.0000,15.8861,0.0000,0.0000,0.0000,0.0000,15.2418,9.0788,4.2921,4.0415,2.9712,2.8043,15.1666,5.0003,0.0000,0.0000,4.0007,0.0000,0.0000,0.0000,204.4500,0.0000,0.8796,3.8700,0.0000,0.0000,1.3400,20.0000,4.1400,0.0000,0.0000,0.0000,0.0000,0.0000,23.1700,0.0000,0.0000,0.0000,0.0000,0.0000,0.0000,0.0000,0.0000,0.0000,0.0000,0.0000,0.0000,6.0180,0.0000,0.0000,0.0000,0.0000,1.0000,17.5000,0.0000,0.0000,100.0000,0.0000,3.7616,0.0000,0.0000,7.0650
26,65EnNDPL2025/04/26,NDPL,0.0000,0.0000,0.0000,0.0000,0.0000,0.0000,0.0000,0.0000,72.3492,0.0000,23.1426,57.8400,0.0000,0.0000,0.0000,0.0000,27.6734,346.7543,12.7832,0.0000,69.6000,0.0000,0.0000,114.9700,0.0000,271.8600,0.0000,0.0000,0.0000,0.0000,0.0000,0.0000,9.3648,0.0000,0.0000,6.3814,13.4990,36.4397,0.0000,104.5820,42.8469,6.3946,12.8650,8.0936,14.0606,45.4984,0.0000,12.5622,18.9932,24.2162,0.0000,5.5672,2.7233,0.0000,0.0000,6.3884,0.0000,0.0000,0.0000,15.8861,0.0000,0.0000,0.0000,0.0000,15.2418,9.0788,0.0000,4.0415,2.9712,2.8043,15.1666,5.0003,0.0000,0.0000,4.0007,0.0000,0.0000,0.0000,204.4500,0.0000,0.8796,3.8700,0.0000,0.0000,3.5300,20.0000,4.1400,0.0000,0.0000,0.0000,0.0000,0.0000,23.0000,0.0000,0.0000,0.0000,0.0000,0.0000,0.0000,0.0000,0.0000,0.0000,0.0000,0.0000,0.0000,6.0180,0.0000,0.0000,0.0000,0.0000,5.0000,17.5000,0.0000,0.0000,100.0000,0.0000,3.7616,0.0000,0.0000,7.0650
27,65EnNDPL2025/04/26,NDPL,0.0000,0.0000,0.0000,0.0000,0.0000,0.0000,0.0000,0.0000,72.3492,0.0000,23.1426,57.8400,0.0000,0.0000,0.0000,0.0000,27.6734,326.8613,13.9453,0.0000,69.6000,0.0000,0.0000,114.9700,0.0000,271.8600,0.0000,0.0000,0.0000,0.0000,0.0000,0.0000,9.3648,0.0000,0.0000,6.3814,13.4990,36.4397,0.0000,104.5820,42.8469,6.3946,12.8650,8.0936,14.0606,45.4984,0.0000,12.5622,18.9932,24.2162,0.0000,5.5672,2.7233,0.0000,0.0000,6.3884,0.0000,0.0000,0.0000,15.8861,0.0000,0.0000,0.0000,0.0000,15.2418,9.0788,0.0000,4.0415,2.9712,2.8043,15.1666,5.0003,0.0000,0.0000,4.0007,0.0000,0.0000,0.0000,204.4500,0.0000,0.8796,3.8700,0.0000,0.0000,7.4900,20.0000,4.1400,0.0000,0.0000,0.0000,0.0000,0.0000,23.0000,0.0000,0.0000,0.0000,0.0000,0.0000,0.0000,0.0000,0.0000,0.0000,0.0000,0.0000,0.0000,6.6198,0.0000,0.0000,0.0000,0.0000,7.0000,17.5000,0.0000,0.0000,100.0000,0.0000,3.7616,0.0000,0.0000,7.0650
28,65EnNDPL2025/04/26,NDPL,0.0000,0.0000,0.0000,0.0000,0.0000,0.0000,0.0000,0.0000,72.3492,0.0000,23.1426,57.8400,0.0000,0.0000,0.0000,0.0000,27.6734,326.8613,13.9453,0.0000,69.6000,0.0000,0.0000,114.9700,0.0000,271.8600,0.0000,0.0000,0.0000,0.0000,0.0000,0.0000,9.3648,0.0000,0.0000,6.3814,13.4990,36.4397,0.0000,104.5820,42.8469,6.3946,12.8650,8.0936,14.0606,45.4984,0.0000,12.5622,18.9932,24.2162,0.0000,2.7848,2.7233,0.0000,0.0000,6.3884,0.0000,0.0000,0.0000,15.8861,0.0000,0.0000,0.0000,0.0000,15.2418,9.0788,0.0000,4.0415,2.9712,2.8043,15.1666,5.0003,0.0000,0.0000,4.0007,0.0000,0.0000,0.0000,204.4500,0.0000,0.8796,3.8700,0.0000,0.0000,14.3500,20.0000,4.1400,0.0000,0.0000,0.0000,0.0000,0.0000,22.8300,0.0000,0.0000,0.0000,0.0000,0.0000,0.0000,0.0000,0.0000,0.0000,0.0000,0.0000,0.0000,6.6198,0.0000,0.0000,0.0000,0.0000,10.0000,17.5000,0.0000,0.0000,1.0400,0.0000,3.7616,0.0000,0.0000,7.0650
29,65EnNDPL2025/04/26,NDPL,0.0000,0.0000,0.0000,0.0000,0.0000,0.0000,0.0000,0.0000,72.3492,0.0000,23.1426,57.8400,0.0000,0.0000,0.0000,0.0000,27.6734,83.7000,13.9453,0.0000,69.6000,0.0000,0.0000,106.4900,0.0000,271.8600,0.0000,0.0000,0.0000,0.0000,0.0000,0.0000,9.3648,0.0000,0.0000,6.3814,13.4990,36.4397,0.0000,111.4850,42.8469,6.3946,12.8650,8.0936,14.0606,45.4984,0.0000,12.5622,18.9932,24.2162,0.0000,2.7848,2.7233,0.0000,0.0000,6.3884,0.0000,0.0000,0.0000,15.8861,0.0000,0.0000,0.0000,0.0000,15.2418,9.0788,0.0000,4.0415,2.9712,2.8043,15.1666,5.0003,0.0000,0.0000,4.0007,0.0000,0.0000,0.0000,204.4500,0.0000,0.8796,3.8700,0.0000,0.0000,22.7800,20.0000,4.1400,0.0000,0.0000,0.0000,0.0000,0.0000,22.8300,0.0000,0.0000,0.0000,0.0000,0.0000,0.0000,0.0000,0.0000,0.0000,0.0000,0.0000,0.0000,6.6198,0.0000,0.0000,0.0000,0.0000,13.0000,17.3200,0.0000,0.0000,1.9100,0.0000,3.7616,0.0000,0.0000,7.0650
30,65EnNDPL2025/04/26,NDPL,0.0000,0.0000,0.0000,0.0000,0.0000,0.0000,0.0000,0.0000,77.6893,0.0000,23.1426,57.8400,0.0000,0.0000,0.0000,0.0000,27.6734,83.7000,13.9453,0.0000,69.6000,0.0000,0.0000,98.0100,0.0000,271.8600,0.0800,0.0000,0.0000,0.0000,0.0000,0.0000,9.3693,0.0000,0.0000,6.3814,13.4990,36.4397,0.0000,113.8995,42.8469,6.3946,12.8650,8.0936,14.0606,45.4984,0.0000,12.5622,18.9932,24.2162,0.0000,2.7848,2.7233,0.0000,0.0000,6.3884,0.0000,0.0000,0.0000,15.8861,0.0000,0.0000,0.0000,0.0000,15.2418,9.0788,0.0000,4.0415,2.9712,2.8043,15.1666,5.0003,0.0000,0.0000,4.0007,0.0000,0.0000,0.0000,204.4500,0.0000,0.8796,3.8700,0.0000,0.0000,32.1100,20.0000,4.1400,0.0000,0.0000,0.0000,0.0000,0.0000,22.6700,0.0000,0.0000,0.0000,0.0000,0.0000,0.0000,0.0000,0.0000,0.0000,0.0000,0.0000,0.0000,6.6198,0.0000,0.0000,0.0000,0.0000,20.0000,17.3200,0.0000,0.0000,2.9800,0.0000,3.7616,0.0000,0.0000,7.0650
31,65EnNDPL2025/04/26,NDPL,0.0000,0.0000,0.0000,0.0000,0.0000,0.0000,0.0000,0.0000,77.6893,0.0000,23.1426,57.8400,0.0000,0.0000,0.0000,0.0000,27.6734,83.7000,13.9453,0.0000,69.6000,0.0000,0.0000,89.5300,0.0000,271.8600,0.4133,0.0000,0.0000,0.0000,0.0000,0.0000,9.3693,0.0000,0.0000,6.3814,13.4990,36.4397,0.0000,113.8995,42.8469,6.3946,13.0095,8.0936,14.0606,45.4984,0.0000,12.5622,18.9932,24.2162,0.0000,2.7848,2.7233,0.0000,0.0000,6.3884,0.0000,0.0000,0.0000,15.8861,0.0000,0.0000,0.0000,0.0000,15.2418,9.0788,0.0000,4.0415,2.9712,0.0000,15.1666,5.0003,0.0000,0.0000,4.0007,0.0000,0.0000,0.0000,204.4500,0.0000,0.8796,3.8700,0.0000,0.0000,40.9500,20.0000,4.1400,0.0000,0.0000,0.0000,0.0000,0.0000,22.5000,0.0000,0.0000,0.0000,0.0000,0.0000,0.0000,0.0000,0.0000,0.0000,0.0000,0.0000,0.0000,6.6198,0.0000,0.0000,0.0000,0.0000,27.0000,17.3200,0.0000,0.0000,4.1300,0.0000,3.7616,0.0000,0.0000,7.0650
32,65EnNDPL2025/04/26,NDPL,0.0000,0.0000,0.0000,0.0000,0.0000,0.0000,0.0000,0.0000,77.6893,0.0000,23.1426,57.8400,0.0000,0.0000,0.0000,0.0000,27.6734,83.7000,13.9453,0.0000,69.6000,0.0000,0.0000,81.0400,0.0000,271.8600,1.2633,0.0000,0.0000,0.0000,0.0000,0.0000,9.3693,0.0000,0.0000,6.3814,13.4990,36.4397,0.0000,113.8995,42.8469,6.3946,13.0095,8.0936,14.0606,45.4984,0.0000,12.5622,18.9932,24.2162,0.0000,2.7848,2.7233,0.0000,0.0000,6.3884,0.0000,0.0000,0.0000,15.8861,0.0000,0.0000,0.0000,0.0000,15.2418,9.0788,0.0000,4.0415,2.9712,0.0000,15.1666,5.0003,0.0000,0.0000,4.0007,0.0000,0.0000,0.0000,204.4500,0.0000,0.8796,3.8700,0.0000,0.0000,50.1700,20.0000,4.1400,0.0000,0.0000,0.0000,0.0000,0.0000,22.0000,0.0000,0.0000,0.0000,0.0000,0.0000,0.0000,0.0000,0.0000,0.0000,0.0000,0.0000,0.0000,6.6198,0.0000,0.0000,0.0000,0.0000,33.0000,17.3200,0.0000,0.0000,5.3600,0.0000,3.7616,0.0000,0.0000,7.0650
33,65EnNDPL2025/04/26,NDPL,0.0000,0.0000,0.0000,0.0000,0.0000,0.0000,0.0000,0.0000,77.6893,0.0000,23.1426,57.8400,0.0000,0.0000,0.0000,0.0000,27.6734,122.9300,13.9453,0.0000,69.6000,0.0000,0.0000,72.5600,0.0000,230.7600,2.8933,0.0000,0.0000,0.0000,0.0000,0.0000,9.3693,0.0000,0.0000,6.3814,13.4990,36.4397,0.0000,113.8995,42.8469,6.3946,13.0095,8.0936,14.0606,45.4984,0.0000,12.5622,18.9932,24.2162,0.0000,0.0000,2.7233,0.0000,0.0000,6.3884,0.0000,0.0000,0.0000,15.8861,0.0000,0.0000,0.0000,0.0000,15.2418,9.0788,0.0000,4.0415,2.9712,0.0000,15.1666,5.0003,0.0000,0.0000,4.0007,0.0000,0.0000,0.0000,204.4500,0.0000,0.8796,3.8700,0.0000,0.0000,59.2800,20.0000,4.0700,0.0000,0.0000,0.0000,0.0000,0.0000,21.8300,0.0000,0.0000,0.0000,0.0000,0.0000,0.0000,0.0000,0.0000,0.0000,0.0000,0.0000,0.0000,6.6198,0.0000,0.0000,0.0000,0.0000,37.0000,17.1300,0.0000,0.0000,6.7600,0.0000,3.7616,0.0000,0.0000,7.0650
34,65EnNDPL2025/04/26,NDPL,0.0000,0.0000,0.0000,0.0000,0.0000,0.0000,0.0000,0.0000,77.6893,0.0000,23.1426,57.8400,0.0000,0.0000,0.0000,0.0000,27.6734,122.9300,13.9453,0.0000,69.6000,0.0000,0.0000,70.1100,0.0000,192.3000,2.8933,0.0000,0.0000,0.0000,0.0000,0.0000,9.3693,0.0000,0.0000,6.3814,13.4990,36.4397,0.0000,113.8995,42.8469,6.3946,13.0095,8.0936,14.0606,45.4984,0.0000,12.4002,18.9932,24.2162,0.0000,0.0000,2.7233,0.0000,0.0000,6.3884,0.0000,0.0000,0.0000,15.8861,0.0000,0.0000,0.0000,0.0000,15.2418,9.0788,0.0000,4.0415,2.9712,0.0000,15.1666,5.0003,0.0000,0.0000,6.0010,0.0000,0.0000,0.0000,204.4500,0.0000,0.8796,3.8700,0.0000,0.0000,68.3500,20.0000,4.0700,0.0000,0.0000,0.0000,0.0000,0.0000,21.6700,0.0000,0.0000,0.0000,0.0000,0.0000,0.0000,0.0000,0.0000,0.0000,0.0000,0.0000,0.0000,6.6198,0.0000,0.0000,0.0000,0.0000,43.0000,17.1300,0.0000,0.0000,8.2200,0.0000,3.7616,0.0000,0.0000,7.0650
35,65EnNDPL2025/04/26,NDPL,0.0000,0.0000,0.0000,0.0000,0.0000,0.0000,0.0000,0.0000,77.6893,0.0000,23.1426,57.8400,0.0000,0.0000,0.0000,0.0000,27.6734,122.9300,13.9453,0.0000,69.6000,0.0000,0.0000,70.1100,0.0000,149.5200,3.8333,0.0000,0.0000,0.0000,0.0000,0.0000,9.3693,0.0000,0.0000,6.3814,13.4990,36.4397,0.0000,113.8995,42.8469,6.3946,13.0095,8.0936,14.0606,45.4984,0.0000,12.4002,18.9932,24.2162,0.0000,0.0000,2.7233,0.0000,0.0000,6.3884,0.0000,0.0000,0.0000,15.8861,0.0000,0.0000,0.0000,0.0000,15.2418,9.0788,0.0000,4.0415,2.9712,0.0000,15.1666,5.0003,0.0000,0.0000,6.0010,0.0000,0.0000,0.0000,204.4500,0.0000,0.8796,3.8700,0.0000,0.0000,76.9600,20.0000,4.0700,0.0000,0.0000,0.0000,0.0000,0.0000,21.0000,0.0000,0.0000,0.0000,0.0000,0.0000,0.0000,0.0000,0.0000,0.0000,0.0000,0.0000,0.0000,6.6198,0.0000,0.0000,0.0000,0.0000,50.0000,17.1300,0.0000,0.0000,9.5700,0.0000,3.7616,0.0000,0.0000,7.0650
36,65EnNDPL2025/04/26,NDPL,0.0000,0.0000,0.0000,0.0000,0.0000,0.0000,0.0000,0.0000,77.6893,0.0000,23.1426,57.8400,0.0000,0.0000,0.0000,0.0000,27.6734,130.9300,13.9453,0.0000,69.6000,0.0000,0.0000,70.1100,0.0000,149.5200,4.7366,0.0000,0.0000,0.0000,0.0000,0.0000,9.3693,0.0000,0.0000,6.3814,13.4990,36.4397,0.0000,113.8995,42.8469,6.3946,13.0095,8.0936,14.0606,45.4984,0.0000,12.4002,18.9932,24.2162,0.0000,0.0000,2.7233,0.0000,0.0000,6.3884,0.0000,0.0000,0.0000,15.8861,0.0000,0.0000,0.0000,0.0000,15.2418,9.0788,0.0000,4.0415,2.9712,0.0000,15.1666,5.0003,0.0000,0.0000,6.0010,0.0000,0.0000,0.0000,204.4500,0.0000,0.8796,3.8700,0.0000,0.0000,85.3500,20.0000,4.0700,0.0000,0.0000,0.0000,0.0000,0.0000,20.6700,0.0000,0.0000,0.0000,0.0000,0.0000,0.0000,0.0000,0.0000,0.0000,0.0000,0.0000,0.0000,6.6198,0.0000,0.0000,0.0000,0.0000,57.0000,17.1300,0.0000,0.0000,10.8100,0.0000,3.7616,0.0000,0.0000,7.0650
37,65EnNDPL2025/04/26,NDPL,0.0000,0.0000,0.0000,0.0000,0.0000,0.0000,0.0000,0.0000,77.6893,0.0000,23.1426,57.8400,0.0000,0.0000,0.0000,0.0000,27.6734,137.9300,13.9453,0.0000,69.6000,0.0000,0.0000,70.1100,0.0000,149.5200,5.1299,0.0000,0.0000,0.0000,0.0000,0.0000,9.3693,0.0000,0.0000,6.3814,13.4990,36.4397,0.0000,113.8995,42.8469,6.3946,13.0095,8.0936,14.0606,45.4984,0.0000,12.4002,18.9932,24.2162,0.0000,0.0000,2.7233,0.0000,0.0000,6.3884,0.0000,0.0000,0.0000,15.8861,0.0000,0.0000,0.0000,0.0000,15.4106,9.0788,0.0000,4.0415,2.9712,0.0000,15.1666,1.0922,0.0000,0.0000,6.0010,0.0000,0.0000,0.0000,200.1000,0.0000,0.8796,3.8700,0.0000,0.0000,102.3800,20.0000,3.9900,0.0000,0.0000,0.0000,0.0000,0.0000,18.6700,0.0000,0.0000,0.0000,0.0000,0.0000,0.0000,0.0000,0.0000,0.0000,0.0000,0.0000,0.0000,6.6198,0.0000,0.0000,0.0000,0.0000,63.0000,16.9500,0.0000,0.0000,12.0200,0.0000,3.7616,0.0000,0.0000,7.0650
38,65EnNDPL2025/04/26,NDPL,0.0000,0.0000,0.0000,0.0000,0.0000,0.0000,0.0000,0.0000,77.6893,0.0000,23.1426,57.8400,0.0000,0.0000,0.0000,0.0000,27.6734,139.9300,13.9453,0.0000,69.6000,0.0000,0.0000,70.1100,0.0000,149.5200,6.1233,0.0000,0.0000,0.0000,0.0000,0.0000,9.3693,0.0000,0.0000,6.3814,13.4990,36.4397,0.0000,113.8995,42.8469,6.3946,13.0095,8.0936,14.0606,45.4984,0.0000,12.4002,18.9932,24.2162,0.0000,0.0000,2.7233,0.0000,0.0000,6.3884,0.0000,0.0000,0.0000,15.8861,0.0000,0.0000,0.0000,0.0000,15.4106,7.4295,0.0000,4.0415,2.9712,0.0000,15.1666,1.0922,0.0000,0.0000,6.0010,0.0000,0.0000,0.0000,200.1000,0.0000,0.8796,3.8700,0.0000,0.0000,110.8300,20.0000,3.9900,0.0000,0.0000,0.0000,0.0000,0.0000,18.5000,0.0000,0.0000,0.0000,0.0000,0.0000,0.0000,0.0000,0.0000,0.0000,0.0000,0.0000,0.0000,6.6198,0.0000,0.0000,0.0000,0.0000,69.0000,16.9500,0.0000,0.0000,13.0600,0.0000,0.7531,0.0000,0.0000,7.0650
39,65EnNDPL2025/04/26,NDPL,0.0000,0.0000,0.0000,0.0000,0.0000,0.0000,0.0000,0.0000,77.6893,0.0000,23.1426,57.8400,0.0000,0.0000,0.0000,0.0000,27.6734,137.9300,13.9453,0.0000,69.6000,0.0000,0.0000,70.1100,0.0000,149.5200,7.6733,0.0000,0.0000,0.0000,0.0000,0.0000,9.3693,0.0000,0.0000,6.3814,13.4990,36.4397,0.0000,113.8995,42.8469,6.3946,13.0095,8.0936,14.0606,45.4984,0.0000,12.4002,18.9932,24.2162,0.0000,0.0000,2.7233,0.0000,0.0000,6.3884,0.0000,0.0000,0.0000,15.8861,0.0000,0.0000,0.0000,0.0000,15.4106,4.9530,0.0000,4.0415,2.9712,0.0000,15.1666,0.0000,0.0000,0.0000,6.0010,0.0000,0.0000,0.0000,200.1000,0.0000,0.8796,3.1100,0.0000,0.0000,118.3600,20.0000,3.9900,0.0000,0.0000,0.0000,0.0000,0.0000,18.0000,0.0000,0.0000,0.0000,0.0000,0.0000,0.0000,0.0000,0.0000,0.0000,0.0000,0.0000,0.0000,6.6198,0.0000,0.0000,0.0000,0.0000,73.0000,16.9500,0.0000,0.0000,14.0900,0.0000,0.0000,0.0000,0.0000,7.0650
40,65EnNDPL2025/04/26,NDPL,0.0000,0.0000,0.0000,0.0000,0.0000,0.0000,0.0000,0.0000,77.6893,0.0000,23.1426,57.8400,0.0000,0.0000,0.0000,0.0000,27.6734,137.9300,13.9453,0.0000,69.6000,0.0000,0.0000,70.1100,0.0000,149.5200,9.1466,0.0000,0.0000,0.0000,0.0000,0.0000,9.3693,0.0000,0.0000,6.3814,13.4990,36.4397,0.0000,113.8995,42.8469,6.3946,13.0095,8.0936,14.0606,45.4984,0.0000,12.4002,18.9932,24.2162,0.0000,0.0000,2.7233,0.0000,0.0000,6.3884,0.0000,0.0000,0.0000,15.8861,0.0000,0.0000,0.0000,0.0000,15.4106,2.4765,0.0000,4.0415,2.9712,0.0000,15.1666,0.0000,0.0000,0.0000,6.0010,0.0000,0.0000,0.0000,200.1000,0.0000,0.8796,3.6400,0.0000,0.0000,125.2400,20.0000,3.9900,0.0000,0.0000,0.0000,0.0000,0.0000,17.5000,0.0000,0.0000,0.0000,0.0000,0.0000,0.0000,0.0000,0.0000,0.0000,0.0000,0.0000,0.0000,6.6198,0.0000,0.0000,0.0000,0.0000,78.0000,16.9500,0.0000,0.0000,14.9900,0.0000,0.0000,0.0000,0.0000,7.0650
41,65EnNDPL2025/04/26,NDPL,0.0000,0.0000,0.0000,0.0000,0.0000,0.0000,0.0000,0.0000,77.6893,0.0000,23.1426,57.8400,0.0000,0.0000,0.0000,0.0000,27.6734,118.3200,6.3942,0.0000,69.6000,0.0000,0.0000,70.1100,0.0000,149.5200,10.4066,0.0000,0.0000,0.0000,0.0000,0.0000,9.3693,0.0000,0.0000,6.3814,13.4990,36.4397,0.0000,113.8995,42.8469,6.3946,13.0095,8.0936,14.0606,45.4984,0.0000,12.4002,18.9932,24.2162,0.0000,0.0000,2.7233,0.0000,0.0000,6.3884,0.0000,0.0000,0.0000,15.8861,0.0000,0.0000,0.0000,0.0000,15.4106,0.0000,0.0000,4.0415,2.9712,0.0000,15.1666,0.0000,0.0000,0.0000,6.0010,0.0000,0.0000,0.0000,200.1000,0.0000,0.8796,3.6400,0.0000,0.0000,131.4300,20.0000,3.9900,0.0000,0.0000,0.0000,0.0000,0.0000,17.1700,0.0000,0.0000,0.0000,0.0000,0.0000,0.0000,0.0000,0.0000,0.0000,0.0000,0.0000,0.0000,6.6198,0.0000,0.0000,0.0000,0.0000,83.0000,16.7600,0.0000,0.0000,15.8700,0.0000,0.0000,0.0000,0.0000,7.0650
42,65EnNDPL2025/04/26,NDPL,0.0000,0.0000,0.0000,0.0000,0.0000,0.0000,0.0000,0.0000,77.6893,0.0000,23.1426,57.8400,0.0000,0.0000,0.0000,0.0000,27.6734,118.3200,0.0000,0.0000,69.6000,0.0000,0.0000,70.1100,0.0000,149.5200,11.4099,0.0000,0.0000,0.0000,0.0000,0.0000,9.3693,0.0000,0.0000,6.3814,13.4990,36.4397,0.0000,113.8995,42.8469,6.3946,13.0095,8.0936,14.0606,45.4984,0.0000,12.2406,18.9932,24.2162,0.0000,0.0000,2.7233,0.0000,0.0000,6.3884,0.0000,0.0000,0.0000,15.8861,0.0000,0.0000,0.0000,0.0000,15.4106,0.0000,0.0000,4.0415,2.9712,0.0000,15.1666,0.0000,0.0000,0.0000,6.0010,0.0000,0.0000,0.0000,200.1000,0.0000,0.8796,3.6400,0.0000,0.0000,137.2400,20.0000,3.9900,0.0000,0.0000,0.0000,0.0000,0.0000,16.3300,0.0000,0.0000,0.0000,0.0000,0.0000,0.0000,0.0000,0.0000,0.0000,0.0000,0.0000,0.0000,6.6198,0.0000,0.0000,0.0000,0.0000,87.0000,16.7600,0.0000,0.0000,16.6300,0.0000,0.0000,0.0000,0.0000,7.0650
43,65EnNDPL2025/04/26,NDPL,0.0000,0.0000,0.0000,0.0000,0.0000,0.0000,0.0000,0.0000,77.6893,0.0000,23.1426,57.8400,0.0000,0.0000,0.0000,0.0000,27.6734,118.3200,0.0000,0.0000,69.6000,0.0000,0.0000,70.1100,0.0000,149.5200,12.3332,0.0000,0.0000,0.0000,0.0000,0.0000,9.3693,0.0000,0.0000,6.3814,13.4990,36.4397,0.0000,113.8995,42.8469,6.3946,13.0095,8.0936,14.0606,45.4984,0.0000,12.2406,18.9932,24.2162,0.0000,0.0000,2.7233,0.0000,0.0000,6.3884,0.0000,0.0000,0.0000,15.8861,0.0000,0.0000,0.0000,0.0000,15.4106,0.0000,0.0000,4.0415,2.9712,0.0000,15.1666,0.0000,0.0000,0.0000,6.0010,0.0000,0.0000,0.0000,200.1000,0.0000,0.8796,3.6400,0.0000,0.0000,143.0800,20.0000,3.9900,0.0000,0.0000,0.0000,0.0000,0.0000,15.8300,0.0000,0.0000,0.0000,0.0000,0.0000,0.0000,0.0000,0.0000,0.0000,0.0000,0.0000,0.0000,6.6198,0.0000,0.0000,0.0000,0.0000,90.0000,16.7600,0.0000,0.0000,17.2700,0.0000,0.0000,0.0000,0.0000,7.0650
44,65EnNDPL2025/04/26,NDPL,0.0000,0.0000,0.0000,0.0000,0.0000,0.0000,0.0000,0.0000,77.6893,0.0000,23.1426,57.8400,0.0000,0.0000,0.0000,0.0000,27.6734,118.3200,0.0000,0.0000,69.6000,0.0000,0.0000,70.1100,0.0000,149.5200,13.1165,0.0000,0.0000,0.0000,0.0000,0.0000,9.3693,0.0000,0.0000,6.3814,13.4990,36.4397,0.0000,113.8995,42.8469,6.3946,13.0095,8.0936,14.0606,45.4984,0.0000,12.2406,18.9932,24.2162,0.0000,0.0000,2.7233,0.0000,0.0000,6.3884,0.0000,0.0000,0.0000,15.8861,0.0000,0.0000,0.0000,0.0000,15.4106,0.0000,0.0000,4.0415,2.9712,0.0000,15.1666,0.0000,0.0000,0.0000,6.0010,0.0000,0.0000,0.0000,200.1000,0.0000,0.8796,3.6400,0.0000,0.0000,148.2000,20.0000,3.9900,0.0000,0.0000,0.0000,0.0000,0.0000,15.1700,0.0000,0.0000,0.0000,0.0000,0.0000,0.0000,0.0000,0.0000,0.0000,0.0000,0.0000,0.0000,6.6198,0.0000,0.0000,0.0000,0.0000,93.0000,16.7600,0.0000,0.0000,17.7200,0.0000,0.0000,0.0000,0.0000,7.0650
45,65EnNDPL2025/04/26,NDPL,0.0000,0.0000,0.0000,0.0000,0.0000,0.0000,0.0000,0.0000,77.6893,0.0000,23.1426,57.8400,0.0000,0.0000,0.0000,0.0000,27.6734,118.3200,0.0000,0.0000,69.6000,0.0000,0.0000,70.1100,0.0000,149.5200,13.6732,0.0000,0.0000,0.0000,0.0000,0.0000,9.3693,0.0000,0.0000,6.3814,13.4990,36.4397,0.0000,113.8995,42.8469,6.3946,13.0095,8.0936,14.0606,45.4984,0.0000,12.2406,18.9932,24.2162,0.0000,0.0000,2.7233,0.0000,0.0000,6.3884,0.0000,0.0000,0.0000,15.8861,0.0000,0.0000,0.0000,0.0000,15.4106,0.0000,0.0000,8.0805,2.9712,0.0000,15.1666,0.0000,0.0000,0.0000,4.0007,0.0000,0.0000,0.0000,200.1000,0.0000,0.8796,3.6400,0.0000,0.0000,151.2200,20.0000,3.9900,0.0000,0.0000,0.0000,0.0000,0.0000,20.0000,0.0000,0.0000,0.0000,0.0000,0.0000,0.0000,0.0000,0.0000,0.0000,0.0000,0.0000,0.0000,6.6198,0.0000,0.0000,0.0000,0.0000,97.0000,16.7600,0.0000,0.0000,17.6600,0.0000,0.0000,0.0000,0.0000,7.0650
46,65EnNDPL2025/04/26,NDPL,0.0000,0.0000,0.0000,0.0000,0.0000,0.0000,0.0000,0.0000,77.6893,0.0000,23.1426,57.8400,0.0000,0.0000,0.0000,0.0000,27.6734,118.3200,0.0000,0.0000,69.6000,0.0000,0.0000,70.1100,0.0000,149.5200,14.1765,0.0000,0.0000,0.0000,0.0000,0.0000,9.3693,0.0000,0.0000,6.3814,13.4990,36.4397,0.0000,113.8995,42.8469,6.3946,13.0095,8.0936,14.0606,45.4984,0.0000,12.2406,18.9932,24.2162,0.0000,0.0000,2.7233,0.0000,0.0000,6.3884,0.0000,0.0000,0.0000,15.8861,0.0000,0.0000,0.0000,0.0000,15.4106,0.0000,0.0000,8.0805,2.9712,0.0000,15.1666,0.0000,0.0000,0.0000,4.0007,0.0000,0.0000,0.0000,200.1000,0.0000,0.8796,3.6400,0.0000,0.0000,152.3500,20.0000,3.9900,0.0000,0.0000,0.0000,0.0000,0.0000,20.8300,0.0000,0.0000,0.0000,0.0000,0.0000,0.0000,0.0000,0.0000,0.0000,0.0000,0.0000,0.0000,6.6198,0.0000,0.0000,0.0000,0.0000,97.0000,16.7600,0.0000,0.0000,17.6600,0.0000,0.0000,0.0000,0.0000,7.0650
47,65EnNDPL2025/04/26,NDPL,0.0000,0.0000,0.0000,0.0000,0.0000,0.0000,0.0000,0.0000,77.6893,0.0000,23.1426,57.8400,0.0000,0.0000,0.0000,0.0000,27.6734,118.3200,0.0000,0.0000,69.6000,0.0000,0.0000,70.1100,0.0000,149.5200,14.4499,0.0000,0.0000,0.0000,0.0000,0.0000,9.3693,0.0000,0.0000,6.3814,13.4990,36.4397,0.0000,113.8995,42.8469,6.3946,13.0095,8.0936,14.0606,45.4984,0.0000,12.2406,18.9932,24.2162,0.0000,0.0000,2.7233,0.0000,0.0000,6.3884,0.0000,0.0000,0.0000,15.8861,0.0000,0.0000,0.0000,0.0000,15.4106,0.0000,0.0000,8.0805,5.9398,0.0000,15.1666,0.0000,0.0000,0.0000,4.0007,0.0000,0.0000,0.0000,200.1000,0.0000,0.8796,3.6400,0.0000,0.0000,152.6600,20.0000,3.9900,0.0000,0.0000,0.0000,0.0000,0.0000,21.6700,0.0000,0.0000,0.0000,0.0000,0.0000,0.0000,0.0000,0.0000,0.0000,0.0000,0.0000,0.0000,6.0180,0.0000,0.0000,0.0000,0.0000,97.0000,16.7600,0.0000,0.0000,17.6600,0.0000,0.0000,0.0000,0.0000,7.0650
48,65EnNDPL2025/04/26,NDPL,0.0000,0.0000,0.0000,0.0000,0.0000,0.0000,0.0000,0.0000,77.6893,0.0000,23.1426,57.8400,0.0000,0.0000,0.0000,0.0000,27.6734,118.3200,0.0000,0.0000,69.6000,0.0000,0.0000,70.1100,0.0000,149.5200,14.6199,0.0000,0.0000,0.0000,0.0000,0.0000,9.3693,0.0000,0.0000,6.3814,13.4990,36.4397,0.0000,113.8995,42.8469,6.3946,13.0095,8.0936,14.0606,45.4984,0.0000,12.2406,18.9932,24.2162,0.0000,0.0000,2.7233,0.0000,0.0000,6.3884,0.0000,0.0000,0.0000,15.8861,0.0000,0.0000,0.0000,0.0000,15.4106,0.0000,0.0000,8.0805,5.9398,0.0000,15.1666,0.0000,0.0000,0.0000,4.0007,0.0000,0.0000,0.0000,200.1000,0.0000,0.8796,3.6400,0.0000,0.0000,151.8500,20.0000,3.9900,0.0000,0.0000,0.0000,0.0000,0.0000,21.6700,0.0000,0.0000,0.0000,0.0000,0.0000,0.0000,0.0000,0.0000,0.0000,0.0000,0.0000,0.0000,6.0180,0.0000,0.0000,0.0000,0.0000,97.0000,16.7600,0.0000,0.0000,17.6600,0.0000,0.0000,0.0000,0.0000,7.0650
49,65EnNDPL2025/04/26,NDPL,0.0000,0.0000,0.0000,0.0000,0.0000,0.0000,0.0000,0.0000,77.6893,0.0000,23.1426,57.8400,0.0000,0.0000,0.0000,0.0000,27.6734,118.3200,0.0000,0.0000,69.6000,0.0000,0.0000,70.1100,0.0000,149.5200,14.6932,0.0000,0.0000,0.0000,0.0000,0.0000,9.3693,0.0000,0.0000,6.3814,13.4990,36.4397,0.0000,113.8995,42.8469,6.3946,13.0095,8.0936,14.0606,45.4984,0.0000,12.2406,18.9932,24.2162,0.0000,0.0000,2.7233,0.0000,0.0000,6.3884,0.0000,0.0000,0.0000,15.8861,0.0000,0.0000,0.0000,0.0000,15.4106,0.0000,0.0000,8.0805,5.9398,0.0000,15.1666,0.0000,0.0000,0.0000,4.0007,0.0000,0.0000,0.0000,195.7500,0.0000,0.8796,3.6400,0.0000,0.0000,150.6600,20.0000,3.9900,0.0000,0.0000,0.0000,0.0000,0.0000,21.6700,0.0000,0.0000,0.0000,0.0000,0.0000,0.0000,0.0000,0.0000,0.0000,0.0000,0.0000,0.0000,6.0180,0.0000,0.0000,0.0000,0.0000,100.0000,16.5700,0.0000,0.0000,17.6600,0.0000,0.0000,0.0000,0.0000,7.0650
50,65EnNDPL2025/04/26,NDPL,0.0000,0.0000,0.0000,0.0000,0.0000,0.0000,0.0000,0.0000,77.6893,0.0000,23.1426,57.8400,0.0000,0.0000,0.0000,0.0000,27.6734,118.3200,0.0000,0.0000,69.6000,0.0000,0.0000,70.1100,0.0000,149.5200,14.7132,0.0000,0.0000,0.0000,0.0000,0.0000,9.3693,0.0000,0.0000,6.3814,13.4990,36.4397,0.0000,113.8995,42.8469,6.3946,13.0095,8.0936,14.0606,45.4984,0.0000,11.9166,18.9932,24.2162,0.0000,0.0000,2.7233,0.0000,0.0000,6.3884,0.0000,0.0000,0.0000,15.8861,0.0000,0.0000,0.0000,0.0000,15.4106,0.0000,0.0000,8.0805,5.9398,0.0000,15.1666,0.0000,0.0000,0.0000,4.0007,0.0000,0.0000,0.0000,195.7500,0.0000,0.8796,3.6400,0.0000,0.0000,149.9400,20.0000,3.9900,0.0000,0.0000,0.0000,0.0000,0.0000,21.6700,0.0000,0.0000,0.0000,0.0000,0.0000,0.0000,0.0000,0.0000,0.0000,0.0000,0.0000,0.0000,6.0180,0.0000,0.0000,0.0000,0.0000,100.0000,16.5700,0.0000,0.0000,17.6600,0.0000,0.0000,0.0000,0.0000,7.0650
51,65EnNDPL2025/04/26,NDPL,0.0000,0.0000,0.0000,0.0000,0.0000,0.0000,0.0000,0.0000,77.6893,0.0000,23.1426,57.8400,0.0000,0.0000,0.0000,0.0000,27.6734,118.3200,0.0000,0.0000,69.6000,0.0000,0.0000,70.1100,0.0000,149.5200,14.7132,0.0000,0.0000,0.0000,0.0000,0.0000,9.3693,0.0000,0.0000,6.3814,13.4990,36.4397,0.0000,113.8995,42.8469,6.3946,13.0095,8.0936,14.0606,45.4984,0.0000,11.9166,18.9932,24.2162,0.0000,0.0000,2.7233,0.0000,0.0000,6.3884,0.0000,0.0000,0.0000,15.8861,0.0000,0.0000,0.0000,0.0000,15.4106,0.0000,0.0000,8.0805,5.9398,0.0000,15.1666,0.0000,0.0000,0.0000,4.0007,0.0000,0.0000,0.0000,195.7500,0.0000,0.8796,3.6400,0.0000,0.0000,147.7100,20.0000,3.9900,0.0000,0.0000,0.0000,0.0000,0.0000,21.6700,0.0000,0.0000,0.0000,0.0000,0.0000,0.0000,0.0000,0.0000,0.0000,0.0000,0.0000,0.0000,6.0180,0.0000,0.0000,0.0000,0.0000,100.0000,16.5700,0.0000,0.0000,17.6600,0.0000,0.0000,0.0000,0.0000,7.0650
52,65EnNDPL2025/04/26,NDPL,0.0000,0.0000,0.0000,0.0000,0.0000,0.0000,0.0000,0.0000,77.6893,0.0000,23.1426,57.8400,0.0000,0.0000,0.0000,0.0000,27.6734,118.3200,0.0000,0.0000,69.6000,0.0000,0.0000,70.1100,0.0000,149.5200,14.7132,0.0000,0.0000,0.0000,0.0000,0.0000,9.3693,0.0000,0.0000,6.3814,13.4990,36.4397,0.0000,113.8995,42.8469,6.3946,13.0095,8.0936,14.0606,45.4984,0.0000,11.9166,18.9932,24.2162,0.0000,0.0000,2.7233,0.0000,0.0000,6.3884,0.0000,0.0000,0.0000,15.8861,0.0000,0.0000,0.0000,0.0000,15.4106,0.0000,0.0000,8.0805,5.9398,0.0000,15.1666,0.0000,0.0000,0.0000,4.0007,0.0000,0.0000,0.0000,195.7500,0.0000,0.8796,3.6400,0.0000,0.0000,145.2900,20.0000,3.9900,0.0000,0.0000,0.0000,0.0000,0.0000,21.6700,0.0000,0.0000,0.0000,0.0000,0.0000,0.0000,0.0000,0.0000,0.0000,0.0000,0.0000,0.0000,6.0180,0.0000,0.0000,0.0000,0.0000,100.0000,16.5700,0.0000,0.0000,17.6600,0.0000,0.0000,0.0000,0.0000,7.0650
53,65EnNDPL2025/04/26,NDPL,0.0000,0.0000,0.0000,0.0000,0.0000,0.0000,0.0000,0.0000,77.6893,0.0000,23.1426,57.8400,0.0000,0.0000,0.0000,0.0000,27.6734,118.3200,0.0000,0.0000,69.6000,0.0000,0.0000,70.1100,0.0000,149.5200,14.7132,0.0000,0.0000,0.0000,0.0000,0.0000,9.3693,0.0000,0.0000,6.3814,13.4990,36.4397,0.0000,113.8995,42.8469,6.3946,13.0095,8.0936,14.0606,45.4984,0.0000,11.9166,18.9932,24.2162,0.0000,0.0000,2.7233,0.0000,0.0000,6.3884,0.0000,0.0000,0.0000,15.8861,0.0000,0.0000,0.0000,0.0000,15.4106,0.0000,0.0000,8.0805,5.9398,0.0000,15.1666,0.0000,0.0000,0.0000,4.0007,0.0000,0.0000,0.0000,195.7500,0.0000,0.8796,3.7200,0.0000,0.0000,144.0300,20.0000,4.1400,0.0000,0.0000,0.0000,0.0000,0.0000,21.6700,0.0000,0.0000,0.0000,0.0000,0.0000,0.0000,0.0000,0.0000,0.0000,0.0000,0.0000,0.0000,6.0180,0.0000,0.0000,0.0000,0.0000,100.0000,16.3900,0.0000,0.0000,17.6600,0.0000,0.0000,0.0000,0.0000,7.0650
54,65EnNDPL2025/04/26,NDPL,0.0000,0.0000,0.0000,0.0000,0.0000,0.0000,0.0000,0.0000,77.6893,0.0000,23.1426,57.8400,0.0000,0.0000,0.0000,0.0000,27.6734,118.3200,0.0000,0.0000,69.6000,0.0000,0.0000,70.1100,0.0000,149.5200,14.6732,0.0000,0.0000,0.0000,0.0000,0.0000,9.3693,0.0000,0.0000,6.3814,13.4990,36.4397,0.0000,113.8995,42.8469,6.3946,13.0095,8.0936,14.0606,45.4984,0.0000,11.7570,18.9932,24.2162,0.0000,0.0000,2.7233,0.0000,0.0000,6.3884,0.0000,0.0000,0.0000,15.8861,0.0000,0.0000,0.0000,0.0000,15.4106,0.0000,0.0000,8.0805,5.9398,0.0000,15.1666,0.0000,0.0000,0.0000,4.0007,0.0000,0.0000,0.0000,195.7500,0.0000,0.8796,3.7200,0.0000,0.0000,142.6600,20.0000,4.1400,0.0000,0.0000,0.0000,0.0000,0.0000,21.6700,0.0000,0.0000,0.0000,0.0000,0.0000,0.0000,0.0000,0.0000,0.0000,0.0000,0.0000,0.0000,6.0180,0.0000,0.0000,0.0000,0.0000,100.0000,16.3900,0.0000,0.0000,17.6600,0.0000,0.0000,0.0000,0.0000,7.0650
55,65EnNDPL2025/04/26,NDPL,0.0000,0.0000,0.0000,0.0000,0.0000,0.0000,0.0000,0.0000,77.6893,0.0000,23.1426,57.8400,0.0000,0.0000,0.0000,0.0000,27.6734,118.3200,0.0000,0.0000,69.6000,0.0000,0.0000,70.1100,0.0000,149.5200,14.5699,0.0000,0.0000,0.0000,0.0000,0.0000,9.3693,0.0000,0.0000,6.3814,13.4990,36.4397,0.0000,113.8995,42.8469,6.3946,13.0095,8.0936,14.0606,45.4984,0.0000,11.7570,18.9932,24.2162,0.0000,0.0000,2.7233,0.0000,0.0000,6.3884,0.0000,0.0000,0.0000,15.8861,0.0000,0.0000,0.0000,0.0000,15.4106,0.0000,0.0000,8.0805,5.9398,0.0000,15.1666,0.0000,0.0000,0.0000,4.0007,0.0000,0.0000,0.0000,195.7500,0.0000,0.8972,3.7200,0.0000,0.0000,140.1300,20.0000,4.1400,0.0000,0.0000,0.0000,0.0000,0.0000,21.6700,0.0000,0.0000,0.0000,0.0000,0.0000,0.0000,0.0000,0.0000,0.0000,0.0000,0.0000,0.0000,6.0180,0.0000,0.0000,0.0000,0.0000,100.0000,16.3900,0.0000,0.0000,17.6600,0.0000,0.0000,0.0000,0.0000,7.0650
56,65EnNDPL2025/04/26,NDPL,0.0000,0.0000,0.0000,0.0000,0.0000,0.0000,0.0000,0.0000,77.6893,0.0000,23.1426,57.8400,0.0000,0.0000,0.0000,0.0000,27.6734,118.3200,0.0000,0.0000,69.6000,0.0000,0.0000,70.1100,0.0000,149.5200,14.3999,0.0000,0.0000,0.0000,0.0000,0.0000,9.3693,0.0000,0.0000,6.3814,13.4990,36.4397,0.0000,113.8995,42.8469,6.3946,13.0095,8.0936,14.0606,45.4984,0.0000,11.5974,18.9932,24.2162,0.0000,0.0000,2.7233,0.0000,0.0000,6.3884,0.0000,0.0000,0.0000,15.8861,0.0000,0.0000,0.0000,0.0000,15.4106,0.0000,0.0000,8.0805,5.9398,0.0000,15.1666,0.0000,0.0000,0.0000,4.0007,0.0000,0.0000,0.0000,195.7500,0.0000,0.8972,3.7200,0.0000,0.0000,136.4700,20.0000,4.1400,0.0000,0.0000,0.0000,0.0000,0.0000,21.6700,0.0000,0.0000,0.0000,0.0000,0.0000,0.0000,0.0000,0.0000,0.0000,0.0000,0.0000,0.0000,6.0180,0.0000,0.0000,0.0000,0.0000,100.0000,16.3900,0.0000,0.0000,17.6600,0.0000,0.0000,0.0000,0.0000,7.0650
57,65EnNDPL2025/04/26,NDPL,0.0000,0.0000,0.0000,0.0000,0.0000,0.0000,0.0000,0.0000,77.6893,0.0000,23.1426,57.8400,0.0000,0.0000,0.0000,0.0000,27.6734,118.3200,0.0000,0.0000,69.6000,0.0000,0.0000,70.1100,0.0000,173.0700,14.1765,0.0000,0.0000,0.0000,0.0000,0.0000,9.3693,0.0000,0.0000,6.3814,13.4990,36.4397,0.0000,113.8995,42.8469,6.3946,13.0095,8.0936,14.0606,45.4984,0.0000,11.5974,18.9932,24.2162,0.0000,0.0000,2.7233,0.0000,0.0000,6.3884,0.0000,0.0000,0.0000,15.8861,0.0000,0.0000,0.0000,0.0000,15.4106,0.0000,0.0000,8.0805,5.9398,0.0000,15.1666,0.0000,0.0000,0.0000,4.0007,0.0000,0.0000,0.0000,195.7500,0.0000,0.8972,3.7200,0.0000,0.0000,130.7500,20.0000,4.1400,0.0000,0.0000,0.0000,0.0000,0.0000,21.6700,0.0000,0.0000,0.0000,0.0000,0.0000,0.0000,0.0000,0.0000,0.0000,0.0000,0.0000,0.0000,6.0180,0.0000,0.0000,0.0000,0.0000,97.0000,16.3900,0.0000,0.0000,17.6600,0.0000,0.0000,0.0000,0.0000,7.0650
58,65EnNDPL2025/04/26,NDPL,0.0000,0.0000,0.0000,0.0000,0.0000,0.0000,0.0000,0.0000,77.6893,0.0000,23.1426,57.8400,0.0000,0.0000,0.0000,0.0000,27.6734,118.3200,0.0000,0.0000,69.6000,0.0000,0.0000,70.1100,0.0000,192.3000,13.9032,0.0000,0.0000,0.0000,0.0000,0.0000,9.3693,0.0000,0.0000,6.3814,13.4990,36.4397,0.0000,113.8995,42.8469,6.3946,13.0095,8.0936,14.0606,45.4984,0.0000,11.5974,18.9932,24.2162,0.0000,0.0000,2.7233,0.0000,0.0000,6.3884,0.0000,0.0000,0.0000,15.8861,0.0000,0.0000,0.0000,0.0000,15.4106,0.0000,0.0000,8.0805,5.9398,0.0000,15.1666,0.0000,0.0000,0.0000,4.0007,0.0000,0.0000,0.0000,195.7500,0.0000,0.8972,3.7200,0.0000,0.0000,123.4800,20.0000,4.1400,0.0000,0.0000,0.0000,0.0000,0.0000,21.6700,0.0000,0.0000,0.0000,0.0000,0.0000,0.0000,0.0000,0.0000,0.0000,0.0000,0.0000,0.0000,6.0180,0.0000,0.0000,0.0000,0.0000,93.0000,16.3900,0.0000,0.0000,17.2200,0.0000,0.0000,0.0000,0.0000,7.0650
59,65EnNDPL2025/04/26,NDPL,0.0000,0.0000,0.0000,0.0000,0.0000,0.0000,0.0000,0.0000,77.6893,0.0000,23.1426,57.8400,0.0000,0.0000,0.0000,0.0000,27.6734,118.3200,0.0000,0.0000,69.6000,0.0000,0.0000,70.1100,0.0000,230.7600,13.5799,0.0000,0.0000,0.0000,0.0000,0.0000,9.3693,0.0000,0.0000,6.3814,13.4990,36.4397,0.0000,113.8995,42.8469,6.3946,13.0095,8.0936,14.0606,45.4984,0.0000,11.5974,18.9932,24.2162,0.0000,0.0000,2.7233,0.0000,0.0000,6.3884,0.0000,0.0000,0.0000,15.8861,0.0000,0.0000,0.0000,0.0000,15.4106,0.0000,0.0000,8.0805,5.9398,0.0000,15.1666,0.0000,0.0000,0.0000,4.0007,0.0000,0.0000,0.0000,195.7500,0.0000,0.8972,3.8700,0.0000,0.0000,115.8300,20.0000,4.2200,0.0000,0.0000,0.0000,0.0000,0.0000,21.6700,0.0000,0.0000,0.0000,0.0000,0.0000,0.0000,0.0000,0.0000,0.0000,0.0000,0.0000,0.0000,6.0180,0.0000,0.0000,0.0000,0.0000,90.0000,16.3900,0.0000,0.0000,16.6600,0.0000,0.0000,0.0000,0.0000,7.0650
60,65EnNDPL2025/04/26,NDPL,0.0000,0.0000,0.0000,0.0000,0.0000,0.0000,0.0000,0.0000,77.6893,0.0000,23.1426,57.8400,0.0000,0.0000,0.0000,0.0000,27.6734,157.5500,0.0000,0.0000,69.6000,0.0000,0.0000,70.1100,0.0000,249.9900,12.7765,0.0000,0.0000,0.0000,0.0000,0.0000,9.3693,0.0000,0.0000,6.3814,13.4990,36.4397,0.0000,113.8995,42.8469,6.3946,13.0095,8.0936,14.0606,45.4984,0.0000,11.5974,18.9932,24.2162,0.0000,0.0000,2.7233,0.0000,0.0000,6.3884,0.0000,0.0000,0.0000,15.8861,0.0000,0.0000,0.0000,0.0000,15.4106,0.0000,0.0000,8.0805,5.9398,0.0000,15.1666,0.0000,0.0000,0.0000,4.0007,0.0000,0.0000,0.0000,195.7500,0.0000,0.8972,3.8700,0.0000,0.0000,107.8600,20.0000,4.2200,0.0000,0.0000,0.0000,0.0000,0.0000,21.6700,0.0000,0.0000,0.0000,0.0000,0.0000,0.0000,0.0000,0.0000,0.0000,0.0000,0.0000,0.0000,6.0180,0.0000,0.0000,0.0000,0.0000,87.0000,16.3900,0.0000,0.0000,16.0200,0.0000,0.0000,0.0000,0.0000,7.0650
61,65EnNDPL2025/04/26,NDPL,0.0000,0.0000,0.0000,0.0000,0.0000,0.0000,0.0000,0.0000,77.6893,0.0000,23.1426,57.8400,0.0000,0.0000,0.0000,0.0000,27.6734,157.5500,0.0000,0.0000,69.6000,0.0000,0.0000,70.1100,0.0000,249.9900,11.8165,0.0000,0.0000,0.0000,0.0000,0.0000,9.3693,0.0000,0.0000,6.3814,13.4990,36.4397,0.0000,113.8995,42.8469,6.3946,13.0095,8.0936,14.0606,45.4984,0.0000,11.5974,18.9932,24.2162,0.0000,0.0000,2.7233,0.0000,0.0000,6.3884,0.0000,0.0000,0.0000,15.8861,0.0000,0.0000,0.0000,0.0000,15.4106,0.0000,0.0000,8.0805,5.9398,0.0000,15.1666,0.0000,0.0000,0.0000,4.0007,0.0000,0.0000,0.0000,195.7500,0.0000,0.8972,3.8700,0.0000,0.0000,100.0700,20.0000,4.4400,0.0000,0.0000,0.0000,0.0000,0.0000,21.5000,0.0000,0.0000,0.0000,0.0000,0.0000,0.0000,0.0000,0.0000,0.0000,0.0000,0.0000,0.0000,6.0180,0.0000,0.0000,0.0000,0.0000,80.0000,16.6700,0.0000,0.0000,15.2400,0.0000,0.0000,0.0000,0.0000,7.0650
62,65EnNDPL2025/04/26,NDPL,0.0000,0.0000,0.0000,0.0000,0.0000,0.0000,0.0000,0.0000,77.6893,0.0000,23.1426,57.8400,0.0000,0.0000,0.0000,0.0000,27.6734,157.5500,0.0000,0.0000,69.6000,0.0000,0.0000,70.1100,0.0000,271.8600,10.7499,0.0000,0.0000,0.0000,0.0000,0.0000,9.3693,0.0000,0.0000,6.3814,13.4990,36.4397,0.0000,113.8995,42.8469,6.3946,13.0095,8.0936,14.0606,45.4984,0.0000,11.5974,18.9932,24.2162,0.0000,0.0000,2.7233,0.0000,0.0000,6.3884,0.0000,0.0000,0.0000,15.8861,0.0000,0.0000,0.0000,0.0000,15.4106,0.0000,0.0000,8.0805,5.9398,0.0000,15.1666,0.0000,0.0000,0.0000,4.0007,0.0000,0.0000,0.0000,195.7500,0.0000,0.8972,3.8700,0.0000,0.0000,92.1100,20.0000,4.4400,0.0000,0.0000,0.0000,0.0000,0.0000,22.1700,0.0000,0.0000,0.0000,0.0000,0.0000,0.0000,0.0000,0.0000,0.0000,0.0000,0.0000,0.0000,6.0180,0.0000,0.0000,0.0000,0.0000,73.0000,16.6700,0.0000,0.0000,14.4600,0.0000,0.0000,0.0000,0.0000,7.0650
63,65EnNDPL2025/04/26,NDPL,0.0000,0.0000,0.0000,0.0000,0.0000,0.0000,0.0000,0.0000,77.6893,0.0000,23.1426,57.8400,0.0000,0.0000,0.0000,0.0000,27.6734,158.5500,0.0000,0.0000,69.6000,0.0000,0.0000,65.9700,0.0000,271.8600,9.6299,0.0000,0.0000,0.0000,0.0000,0.0000,9.3693,0.0000,0.0000,6.3814,13.4990,36.4397,0.0000,113.8995,42.8469,6.3946,13.0095,8.0936,14.0606,45.4984,0.0000,11.5974,18.9932,24.2162,0.0000,0.0000,2.7233,0.0000,0.0000,6.3884,0.0000,0.0000,0.0000,15.8861,0.0000,0.0000,0.0000,0.0000,15.4106,0.0000,0.0000,8.0805,2.9712,0.0000,15.1666,0.0000,0.0000,0.0000,2.0003,0.0000,0.0000,0.0000,195.7500,0.0000,0.8972,4.0300,0.0000,0.0000,83.6300,20.0000,4.4400,0.0000,0.0000,0.0000,0.0000,0.0000,22.8300,0.0000,0.0000,0.0000,0.0000,0.0000,0.0000,0.0000,0.0000,0.0000,0.0000,0.0000,0.0000,6.0180,0.0000,0.0000,0.0000,0.0000,67.0000,16.6700,0.0000,0.0000,13.5300,0.0000,0.0000,0.0000,0.0000,7.0650
64,65EnNDPL2025/04/26,NDPL,0.0000,0.0000,0.0000,0.0000,0.0000,0.0000,0.0000,0.0000,77.6893,0.0000,23.1426,57.8400,0.0000,0.0000,0.0000,0.0000,27.6734,158.5500,7.1750,0.0000,69.6000,0.0000,0.0000,65.9700,0.0000,271.8600,8.4399,0.0000,0.0000,0.0000,0.0000,0.0000,9.3693,0.0000,0.0000,6.3814,13.4990,36.4397,0.0000,113.8995,42.8469,6.3946,13.0095,8.0936,14.0606,45.4984,0.0000,11.5974,18.9932,24.2162,0.0000,0.0000,2.7233,1.6160,0.0000,6.3884,0.0000,0.0000,0.0000,15.8861,0.0000,0.0000,0.0000,0.0000,15.4106,0.0000,3.8780,8.0805,2.9712,0.0000,15.1666,0.0000,0.0000,0.0000,2.0003,0.0000,0.0000,0.0000,195.7500,0.0000,0.8972,4.0300,0.0000,0.0000,74.4900,20.0000,4.4400,0.0000,0.0000,0.0000,0.0000,0.0000,23.6700,0.0000,0.0000,0.0000,0.0000,0.0000,0.0000,0.0000,0.0000,0.0000,0.0000,0.0000,0.0000,6.3189,0.0000,0.0000,0.0000,0.0000,59.0000,16.6700,0.0000,0.0000,12.7200,0.0000,0.0000,0.0000,0.0000,7.0650
65,65EnNDPL2025/04/26,NDPL,0.0000,0.0000,0.0000,0.0000,0.0000,0.0000,0.0000,0.0000,77.6893,0.0000,23.1426,57.8400,0.0000,0.0000,0.0000,0.0000,27.6734,159.5500,7.1750,0.0000,69.6000,0.0000,0.0000,65.9700,0.0000,271.8600,7.2099,0.0000,0.0000,0.0000,0.0000,0.0000,9.3693,0.0000,0.0000,6.3814,13.4990,36.4397,0.0000,113.8995,42.8469,6.3946,13.0095,8.0936,13.9686,45.4984,0.0000,11.5974,18.9932,24.2162,0.0000,0.0000,2.7233,1.6160,0.0000,6.3884,0.0000,0.0000,0.0000,15.8861,0.0000,0.0000,0.0000,0.0000,15.4106,0.0000,4.3105,8.0805,2.9712,0.0000,15.1666,0.0000,0.0000,0.0000,2.0003,0.0000,0.0000,0.0000,195.7500,0.0000,0.8972,4.0300,0.0000,0.0000,66.0500,20.0000,4.9800,0.0000,0.0000,0.0000,0.0000,0.0000,21.6700,0.0000,0.0000,0.0000,0.0000,0.0000,0.0000,0.0000,0.0000,0.0000,0.0000,0.0000,0.0000,6.3189,0.0000,0.0000,0.0000,0.0000,52.0000,17.0400,0.0000,0.0000,11.5300,0.0000,0.0000,0.0000,0.0000,7.0650
66,65EnNDPL2025/04/26,NDPL,0.0000,0.0000,0.0000,0.0000,0.0000,0.0000,0.0000,0.0000,77.6893,0.0000,23.1426,57.8400,0.0000,0.0000,0.0000,0.0000,27.6734,159.5500,7.1750,0.0000,69.6000,0.0000,0.0000,65.9700,0.0000,271.8600,5.8999,0.0000,0.0000,0.0000,0.0000,0.0000,9.3693,0.0000,0.0000,6.3814,13.4990,36.4397,0.0000,113.8995,42.8469,6.3946,13.0095,8.0936,13.9686,45.4984,0.0000,11.5974,18.9932,24.2162,0.0000,2.8426,2.7233,3.2345,0.0000,6.3884,0.0000,0.0000,0.0000,15.8861,0.0000,0.0000,0.0000,0.0000,15.4106,0.0000,8.6211,8.0805,2.9712,0.0000,15.1666,0.0000,0.0000,1.9236,2.0003,0.0000,0.0000,0.0000,195.7500,0.0000,0.8972,4.0300,0.0000,0.0000,58.6500,20.0000,4.9800,0.0000,0.0000,0.0000,0.0000,0.0000,21.6700,0.0000,0.0000,0.0000,0.0000,0.0000,0.0000,0.0000,0.0000,0.0000,0.0000,0.0000,0.0000,6.3189,0.0000,0.0000,0.0000,0.0000,44.0000,17.0400,0.0000,0.0000,10.5200,0.0000,0.0000,0.0000,0.0000,7.0650
67,65EnNDPL2025/04/26,NDPL,0.0000,0.0000,0.0000,0.0000,0.0000,0.0000,0.0000,0.0000,77.6893,0.0000,23.1426,57.8400,0.0000,0.0000,0.0000,0.0000,27.6734,150.5500,14.3526,0.0000,69.6000,0.0000,0.0000,65.9700,0.0000,271.8600,4.7466,0.0000,0.0000,0.0000,0.0000,0.0000,9.3693,0.0000,0.0000,6.3814,13.4990,36.4397,0.0000,117.0074,42.8469,6.3946,13.0095,8.0936,13.9686,45.4984,0.0000,11.5974,18.9932,24.2187,0.0000,2.8426,2.7233,3.2345,0.0000,6.3884,0.0000,0.0000,0.0000,15.8861,0.0000,0.0000,0.0000,0.0000,15.4106,0.0000,8.6211,8.0805,2.9712,0.0000,15.1666,0.0000,0.0000,1.9236,2.0003,0.0000,0.0000,0.0000,195.7500,0.0000,0.8972,4.0300,0.0000,0.0000,37.1800,20.0000,4.9800,0.0000,0.0000,0.0000,0.0000,0.0000,21.5000,0.0000,0.0000,0.0000,0.0000,0.0000,0.0000,0.0000,0.0000,0.0000,0.0000,0.0000,0.0000,6.3189,0.0000,0.0000,0.0000,0.0000,33.0000,17.0400,0.0000,0.0000,9.4500,0.0000,0.0000,0.0000,0.0000,7.0650
68,65EnNDPL2025/04/26,NDPL,0.0000,0.0000,0.0000,0.0000,0.0000,0.0000,0.0000,0.0000,77.6893,0.0000,23.1426,57.8400,0.0000,0.0000,0.0000,0.0000,27.6734,142.5500,21.5276,0.0000,69.6000,0.0000,0.0000,114.9700,0.0000,271.8600,3.6033,0.0000,0.0000,0.0000,0.0000,0.0000,9.3693,0.0000,0.0000,6.3814,13.4990,36.4397,0.0000,117.0074,42.8469,6.3946,13.0095,8.0936,13.9686,45.4984,0.0000,11.5974,18.9932,24.2187,0.0000,2.8426,2.7233,3.2345,0.0000,6.3884,0.0000,0.0000,0.0000,15.8861,0.0000,0.0000,0.0000,0.0000,15.4106,0.0000,12.9316,8.0805,2.9712,0.0000,15.1666,0.0000,0.0000,1.9236,2.0003,0.0000,0.0000,0.0000,195.7500,0.0000,0.8972,4.0300,0.0000,0.0000,31.4600,20.0000,4.9800,0.0000,0.0000,0.0000,0.0000,0.0000,21.3300,0.0000,0.0000,0.0000,0.0000,0.0000,0.0000,0.0000,0.0000,0.0000,0.0000,0.0000,0.0000,6.3189,0.0000,0.0000,0.0000,0.0000,27.0000,17.0400,0.0000,0.0000,7.8800,0.0000,0.0000,0.0000,0.0000,7.0650
69,65EnNDPL2025/04/26,NDPL,0.0000,0.0000,0.0000,0.0000,0.0000,0.0000,0.0000,0.0000,77.6893,0.0000,23.1426,57.8400,0.0000,0.0000,0.0000,0.0000,27.6734,142.5500,21.5276,0.0000,69.6000,0.0000,0.0000,114.9700,0.0000,271.8600,2.8233,0.0000,0.0000,0.0000,0.0000,0.0000,9.3693,0.0000,0.0000,6.3814,13.4990,36.4397,0.0000,117.0074,42.8469,6.3946,13.0095,8.0936,13.9686,45.4984,0.0000,11.5974,18.9932,24.2187,0.0000,2.8426,2.7233,3.2345,0.0000,6.3884,0.0000,0.0000,0.0000,15.8861,0.0000,0.0000,0.0000,0.0000,16.0640,0.0000,12.9316,8.0805,2.9712,2.8043,15.1666,0.0000,0.0000,1.9236,2.0003,0.0000,0.0000,0.0000,195.7500,0.0000,0.8972,4.0300,0.0000,0.0000,25.5800,20.0000,5.1300,0.0000,0.0000,0.0000,0.0000,0.0000,21.8300,0.0000,0.0000,0.0000,0.0000,0.0000,0.0000,0.0000,0.0000,0.0000,0.0000,0.0000,0.0000,6.3189,0.0000,0.0000,0.0000,0.0000,19.0000,17.3200,0.0000,0.0000,6.1400,0.0000,1.2058,0.0000,0.0000,7.0650
70,65EnNDPL2025/04/26,NDPL,0.0000,0.0000,0.0000,0.0000,0.0000,0.0000,0.0000,0.0000,77.6893,0.0000,23.1426,57.8400,0.0000,0.0000,0.0000,0.0000,27.6734,83.7000,21.5276,0.0000,69.6000,0.0000,0.0000,114.9700,0.0000,271.8600,1.9166,0.0000,0.0000,0.0000,0.0000,0.0000,9.3693,0.0000,0.0000,6.3814,13.4990,36.4397,0.0000,117.0074,42.8469,6.3946,13.0095,8.0936,13.9686,45.4984,0.0000,11.5974,18.9932,24.2187,0.0000,5.6828,2.7233,3.2345,0.0000,6.3884,0.0000,0.0000,0.0000,15.8861,0.0000,0.0000,0.0000,0.0000,16.0640,0.0000,12.9316,8.0805,2.9712,2.8043,15.1666,0.0000,0.0000,1.9236,2.0003,0.0000,0.0000,0.0000,195.7500,0.0000,0.8972,4.0300,0.0000,0.0000,19.7100,20.0000,5.1300,0.0000,0.0000,0.0000,0.0000,0.0000,22.3300,0.0000,0.0000,0.0000,0.0000,0.0000,0.0000,0.0000,0.0000,0.0000,0.0000,0.0000,0.0000,6.3189,0.0000,0.0000,0.0000,0.0000,13.0000,17.3200,0.0000,0.0000,4.7500,0.0000,1.5063,0.0000,0.0000,7.0650
71,65EnNDPL2025/04/26,NDPL,0.0000,0.0000,0.0000,0.0000,0.0000,0.0000,0.0000,0.0000,77.6893,0.0000,23.1426,57.8400,0.0000,0.0000,0.0000,0.0000,27.6734,83.7000,21.5276,0.0000,69.6000,0.0000,0.0000,114.9700,0.0000,271.8600,1.2500,0.0000,0.0000,0.0000,0.0000,0.0000,9.3693,0.0000,0.0000,6.3814,13.4990,36.4397,0.0000,117.0074,42.8469,6.3946,12.8621,8.0936,13.9686,45.4984,0.0000,11.5974,18.9932,24.2187,0.0000,5.6828,2.7233,4.8479,0.0000,6.3884,0.0000,0.0000,0.0000,15.8861,0.0000,0.0000,0.0000,0.0000,16.0640,0.0000,12.9316,8.0805,2.9712,2.8043,15.1666,0.0000,0.0000,1.9236,4.0007,0.0000,0.0000,0.0000,195.7500,0.0000,0.8972,4.0300,0.0000,0.0000,13.8800,20.0000,5.1300,0.0000,0.0000,0.0000,0.0000,0.0000,19.1700,0.0000,0.0000,0.0000,0.0000,0.0000,0.0000,0.0000,0.0000,0.0000,0.0000,0.0000,0.0000,6.3189,0.0000,0.0000,0.0000,0.0000,10.0000,17.3200,0.0000,0.0000,3.6700,0.0000,3.0085,0.0000,0.0000,7.0650
72,65EnNDPL2025/04/26,NDPL,0.0000,0.0000,0.0000,0.0000,0.0000,0.0000,0.0000,0.0000,77.6893,0.0000,23.1426,57.8400,0.0000,0.0000,0.0000,0.0000,27.6734,297.0224,21.5276,0.0000,69.6000,0.0000,0.0000,114.9700,0.0000,271.8600,0.7167,0.0000,0.0000,0.0000,0.0000,0.0000,9.3648,0.0000,0.0000,6.3814,13.4990,36.4397,0.0000,117.0074,42.8469,6.3946,12.8621,8.0936,13.9686,45.4984,0.0000,11.5974,18.9907,24.2187,0.0000,5.6828,2.7233,4.8479,0.0000,6.3884,0.0000,0.0000,0.0000,15.8861,0.0000,0.0000,0.0000,0.0000,16.0640,0.0000,12.9316,8.0805,2.9712,2.8043,15.1666,1.0922,0.0000,0.3528,4.0007,0.0000,0.0000,0.0000,195.7500,0.0000,0.8972,4.0300,0.0000,0.0000,11.3900,20.0000,5.1300,0.0000,0.0000,0.0000,0.0000,0.0000,19.5000,0.0000,0.0000,0.0000,0.0000,0.0000,0.0000,0.0000,0.0000,0.0000,0.0000,0.0000,0.0000,6.3189,0.0000,0.0000,0.0000,0.0000,5.0000,17.3200,0.0000,0.0000,2.5600,0.0000,3.0085,0.0000,0.0000,7.0650
73,65EnNDPL2025/04/26,NDPL,0.0000,0.0000,0.0000,0.0000,0.0000,0.0000,0.0000,0.0000,77.6893,0.0000,23.1426,57.8400,0.0000,0.0000,0.0000,0.0000,27.6734,297.0224,28.7078,0.0000,69.6000,0.0000,0.0000,114.9700,0.0000,271.8600,0.3233,0.0000,0.0000,0.0000,0.0000,0.0000,9.3648,0.0000,0.0000,6.3814,13.4990,36.4397,0.0000,117.0074,42.8469,6.3946,12.8650,8.0936,13.9686,45.4984,0.0000,11.5974,18.9907,24.2187,0.0000,8.5255,2.7233,4.8479,0.0000,6.3884,0.0000,0.0000,0.0000,15.8861,0.0000,0.0000,0.0000,0.0000,16.0640,0.0000,12.9316,8.0805,2.9712,2.8043,15.1666,4.6872,0.0000,0.9419,4.0007,0.0000,0.0000,0.0000,200.1000,0.0000,0.8972,4.5000,0.0000,0.0000,6.5600,20.0000,5.3700,0.0000,0.0000,0.0000,0.0000,0.0000,20.0000,0.0000,0.0000,0.0000,0.0000,0.0000,0.0000,0.0000,0.0000,0.0000,0.0000,0.0000,0.0000,6.3189,0.0000,0.0000,0.0000,0.0000,3.0000,17.7700,0.0000,0.0000,1.6300,0.0000,3.0085,0.0000,0.0000,7.0650
74,65EnNDPL2025/04/26,NDPL,0.0000,0.0000,0.0000,0.0000,0.0000,0.0000,0.0000,0.0000,77.6893,0.0000,23.1426,57.8400,0.0000,0.0000,0.0000,0.0000,27.6734,297.0224,28.7078,0.0000,69.6000,0.0000,0.0000,114.9700,0.0000,271.8600,0.1100,0.0000,0.0000,0.0000,0.0000,0.0000,9.3648,0.0000,0.0000,6.3814,13.4990,36.4397,0.0000,117.0074,42.8469,6.3946,12.8650,8.0936,13.9686,45.4984,0.0000,11.5974,18.9907,24.2187,0.0000,8.5255,2.7233,4.8479,0.0000,6.3884,0.0000,0.0000,0.0000,15.8861,0.0000,0.0000,0.0000,0.0000,16.0640,0.0000,12.9316,12.1244,5.9398,5.6035,15.1666,6.2504,0.0000,0.9419,4.0007,0.0000,0.0000,0.0000,200.1000,0.0000,0.8972,4.5000,0.0000,0.0000,3.1700,20.0000,5.3700,0.0000,0.0000,0.0000,0.0000,0.0000,20.5000,0.0000,0.0000,0.0000,0.0000,0.0000,0.0000,0.0000,0.0000,0.0000,0.0000,0.0000,0.0000,6.3189,0.0000,0.0000,0.0000,0.0000,1.0000,17.7700,0.0000,0.0000,0.9100,0.0000,4.5148,0.0000,0.0000,7.0650
75,65EnNDPL2025/04/26,NDPL,0.0000,0.0000,0.0000,0.0000,0.0000,0.0000,0.0000,0.0000,77.6893,0.0000,23.1426,57.8400,0.0000,0.0000,0.0000,0.0000,27.6734,297.0224,35.8828,0.0000,69.6000,0.0000,0.0000,114.9700,0.0000,271.8600,0.0000,0.0000,0.0000,0.0000,0.0000,0.0000,9.3648,0.0000,0.0000,6.3814,13.4990,36.4397,0.0000,122.0113,42.8469,6.3946,12.8650,8.0936,13.9686,45.4984,0.0000,11.5974,18.9907,24.2187,0.0000,8.5255,3.0261,5.1531,0.0000,6.3884,0.0000,0.0000,0.0000,15.8861,0.0000,0.0000,0.0000,0.0000,15.4106,0.0000,12.9316,12.5169,8.9186,11.2121,15.3526,15.2353,0.0000,0.9419,6.0010,0.0000,0.0000,0.0000,200.1000,0.0000,0.8972,4.6500,0.0000,0.0000,0.0400,20.0000,5.3700,0.0000,0.0000,0.0000,0.0000,0.0000,21.8300,0.0000,0.0000,0.0000,0.0000,0.0000,0.0000,0.0000,0.0000,0.0000,0.0000,0.0000,0.0000,6.3189,0.0000,0.0000,0.0000,0.0000,200.0000,17.7700,0.0000,0.0000,0.0600,0.0000,5.7206,0.0000,0.0000,7.0650
76,65EnNDPL2025/04/26,NDPL,0.0000,0.0000,0.0000,0.0000,0.0000,0.0000,0.0000,0.0000,77.6893,0.0000,23.1426,57.8400,0.0000,0.0000,0.0000,0.0000,27.6734,297.0224,35.8828,0.0000,69.6000,0.0000,0.0000,114.9700,0.0000,271.8600,0.0000,0.0000,0.0000,0.0000,0.0000,0.0000,9.3648,0.0000,0.0000,6.3814,13.4990,36.4397,0.0000,127.0152,42.8469,6.3946,12.8650,8.0936,13.9686,45.4984,0.0000,11.5974,18.9907,24.2187,0.0000,8.5255,3.0261,5.1531,0.0000,6.3884,0.0000,0.0000,0.0000,15.8861,0.0000,0.0000,0.0000,0.0000,15.4106,0.0000,12.9316,12.5169,8.9186,11.2121,15.3526,15.2353,0.0000,0.9419,6.0010,0.0000,0.0000,0.0000,200.1000,0.0000,0.8972,4.6500,0.0000,0.0000,200.0000,20.0000,5.3700,0.0000,0.0000,0.0000,0.0000,0.0000,23.5000,0.0000,0.0000,0.0000,0.0000,0.0000,0.0000,0.0000,0.0000,0.0000,0.0000,0.0000,0.0000,6.3189,0.0000,0.0000,0.0000,0.0000,200.0000,17.7700,0.0000,0.0000,0.0200,0.0000,5.7206,0.0000,0.0000,7.0650
77,65EnNDPL2025/04/26,NDPL,0.0000,0.0000,0.0000,0.0000,0.0000,0.0000,0.0000,0.0000,77.6893,0.0000,23.1426,57.8400,0.0000,0.0000,0.0000,0.0000,27.6734,297.0224,35.8828,0.0000,69.6000,0.0000,0.0000,114.9700,0.0000,271.8600,0.0000,0.0000,0.0000,0.0000,0.0000,0.0000,9.3648,0.0000,0.0000,6.3814,13.4990,36.4397,0.0000,127.0152,42.8469,6.3946,12.8650,8.0936,13.9686,45.4984,0.0000,11.7570,18.9907,24.2187,0.0000,8.5255,3.0261,5.1531,0.0000,6.3884,0.0000,0.0000,0.0000,15.8861,0.0000,0.0000,0.0000,0.0000,15.4106,0.0000,12.9316,12.5169,8.9186,11.2121,15.3526,15.2353,0.0000,0.9419,6.0010,0.0000,0.0000,0.0000,200.1000,0.0000,0.8972,4.6500,0.0000,0.0000,200.0000,20.0000,5.6000,0.0000,0.0000,0.0000,0.0000,0.0000,21.1700,0.0000,0.0000,0.0000,0.0000,0.0000,0.0000,0.0000,0.0000,0.0000,0.0000,0.0000,0.0000,6.3189,0.0000,0.0000,0.0000,0.0000,200.0000,18.2300,0.0000,0.0000,100.0000,0.0000,8.8793,0.0000,0.0000,7.0650
78,65EnNDPL2025/04/26,NDPL,0.0000,0.0000,0.0000,0.0000,0.0000,0.0000,0.0000,0.0000,77.6893,0.0000,23.1426,57.8400,0.0000,0.0000,0.0000,0.0000,27.6734,297.0224,35.8828,0.0000,69.6000,0.0000,0.0000,114.9700,0.0000,271.8600,0.0000,0.0000,0.0000,0.0000,0.0000,0.0000,9.3648,0.0000,0.0000,6.3814,13.4990,36.4397,0.0000,127.0152,42.8469,6.3946,12.8650,8.0936,13.9686,45.4984,0.0000,11.7570,18.9907,24.2187,0.0000,8.5255,3.0261,5.1531,0.0000,6.3884,0.0000,0.0000,0.0000,15.8861,0.0000,0.0000,0.0000,0.0000,15.4106,0.0000,12.9316,12.5169,8.9186,11.2121,15.3526,15.2353,0.0000,0.9419,6.0010,0.0000,0.0000,0.0000,200.1000,0.0000,0.8972,4.6500,0.0000,0.0000,200.0000,20.0000,5.6000,0.0000,0.0000,0.0000,0.0000,0.0000,22.7400,0.0000,0.0000,0.0000,0.0000,0.0000,0.0000,0.0000,0.0000,0.0000,0.0000,0.0000,0.0000,6.3189,0.0000,0.0000,0.0000,0.0000,200.0000,18.2300,0.0000,0.0000,100.0000,0.0000,8.8793,0.0000,0.0000,7.0650
79,65EnNDPL2025/04/26,NDPL,0.0000,0.0000,0.0000,0.0000,0.0000,0.0000,0.0000,0.0000,77.6893,0.0000,23.1426,57.8400,0.0000,0.0000,0.0000,0.0000,27.6734,297.0224,35.8828,0.0000,69.6000,0.0000,0.0000,114.9700,0.0000,271.8600,0.0000,0.0000,0.0000,0.0000,0.0000,0.0000,9.3648,0.0000,0.0000,6.3814,13.4990,36.4397,0.0000,127.0152,42.8469,6.3946,12.8650,8.0936,13.9686,45.4984,0.0000,11.7570,18.9907,24.2187,0.0000,8.5255,3.0261,5.1531,0.0000,6.3884,0.0000,0.0000,0.0000,15.8861,0.0000,0.0000,0.0000,0.0000,15.4106,0.0000,12.9316,12.5169,8.9186,11.2121,15.3526,15.2353,0.0000,0.9419,6.0010,0.0000,0.0000,0.0000,200.1000,0.0000,0.8972,4.6500,0.0000,0.0000,200.0000,20.0000,4.9800,0.0000,0.0000,0.0000,0.0000,0.0000,24.7500,0.0000,0.0000,0.0000,0.0000,0.0000,0.0000,0.0000,0.0000,0.0000,0.0000,0.0000,0.0000,6.3189,0.0000,0.0000,0.0000,0.0000,200.0000,18.2300,0.0000,0.0000,100.0000,0.0000,8.8793,0.0000,0.0000,7.0650
80,65EnNDPL2025/04/26,NDPL,0.0000,0.0000,0.0000,0.0000,0.0000,0.0000,0.0000,0.0000,77.6893,0.0000,23.1426,57.8400,0.0000,0.0000,0.0000,0.0000,27.6734,297.0224,35.8828,0.0000,69.6000,0.0000,0.0000,114.9700,0.0000,271.8600,0.0000,0.0000,0.0000,0.0000,0.0000,0.0000,9.3648,0.0000,0.0000,6.3814,13.4990,36.4397,0.0000,127.0152,42.8469,6.3946,12.8650,8.0936,13.9686,45.4984,0.0000,11.7570,18.9907,24.2187,0.0000,8.5255,3.0261,5.1531,0.0000,6.3884,0.0000,0.0000,0.0000,15.8861,0.0000,0.0000,0.0000,0.0000,15.4106,0.0000,12.9316,12.5169,8.9186,11.2121,15.3526,15.2353,0.0000,0.9419,6.0010,0.0000,0.0000,0.0000,200.1000,0.0000,0.8972,4.6500,0.0000,0.0000,200.0000,20.0000,4.9800,0.0000,0.0000,0.0000,0.0000,0.0000,26.9300,0.0000,0.0000,0.0000,0.0000,0.0000,0.0000,0.0000,0.0000,0.0000,0.0000,0.0000,0.0000,6.3189,0.0000,0.0000,0.0000,0.0000,200.0000,18.2300,0.0000,0.0000,100.0000,0.0000,8.8793,0.0000,0.0000,7.0650
81,65EnNDPL2025/04/26,NDPL,0.0000,0.0000,0.0000,0.0000,0.0000,0.0000,0.0000,0.0000,77.6893,0.0000,23.1426,57.8400,0.0000,0.0000,0.0000,0.0000,27.6734,297.0224,35.8828,0.0000,69.6000,0.0000,0.0000,114.9700,0.0000,271.8600,0.0000,0.0000,0.0000,0.0000,0.0000,0.0000,9.3648,0.0000,0.0000,6.3814,13.4990,36.4397,0.0000,127.0152,42.8469,6.3946,12.8650,8.0936,13.9686,45.4984,0.0000,11.7570,18.9907,24.2187,0.0000,8.5255,3.0261,5.1531,0.0000,6.3884,0.0000,0.0000,0.0000,15.8861,0.0000,0.0000,0.0000,0.0000,15.4106,0.0000,12.9316,12.5169,8.9186,11.2121,15.3526,15.2353,0.0000,0.3528,6.0010,0.0000,0.0000,0.0000,200.1000,0.0000,0.8972,4.6500,0.0000,0.0000,200.0000,20.0000,4.9800,0.0000,0.0000,0.0000,0.0000,0.0000,25.3500,0.0000,0.0000,0.0000,0.0000,0.0000,0.0000,0.0000,0.0000,0.0000,0.0000,0.0000,0.0000,6.3189,0.0000,0.0000,0.0000,0.0000,200.0000,18.7000,0.0000,0.0000,100.0000,0.0000,8.8793,0.0000,0.0000,7.0650
82,65EnNDPL2025/04/26,NDPL,0.0000,0.0000,0.0000,0.0000,0.0000,0.0000,0.0000,0.0000,77.6893,0.0000,23.1426,57.8400,0.0000,0.0000,0.0000,0.0000,27.6734,297.0224,35.8828,0.0000,69.6000,0.0000,0.0000,114.9700,0.0000,271.8600,0.0000,0.0000,0.0000,0.0000,0.0000,0.0000,9.3648,0.0000,0.0000,6.3814,13.4990,36.4397,0.0000,127.0152,42.8469,6.3946,12.8650,8.0936,13.9686,45.4984,0.0000,11.7570,18.9907,24.2187,0.0000,8.5255,3.0261,5.1531,0.0000,6.3884,0.0000,0.0000,0.0000,15.8861,0.0000,0.0000,0.0000,0.0000,15.4106,0.0000,12.9316,12.5169,8.9186,11.2121,15.3526,15.2353,0.0000,0.3528,6.0010,0.0000,0.0000,0.0000,200.1000,0.0000,0.8972,4.6500,0.0000,0.0000,200.0000,20.0000,4.9800,0.0000,0.0000,0.0000,0.0000,0.0000,26.4200,0.0000,0.0000,0.0000,0.0000,0.0000,0.0000,0.0000,0.0000,0.0000,0.0000,0.0000,0.0000,6.3189,0.0000,0.0000,0.0000,0.0000,200.0000,18.7000,0.0000,0.0000,100.0000,0.0000,8.8793,0.0000,0.0000,7.0650
83,65EnNDPL2025/04/26,NDPL,0.0000,0.0000,0.0000,0.0000,0.0000,0.0000,0.0000,0.0000,77.6893,0.0000,23.1426,57.8400,0.0000,0.0000,0.0000,0.0000,27.6734,297.0224,28.7078,0.0000,69.6000,0.0000,0.0000,114.9700,0.0000,271.8600,0.0000,0.0000,0.0000,0.0000,0.0000,0.0000,9.3648,0.0000,0.0000,6.3814,13.4990,36.4397,0.0000,127.0152,42.8469,6.3946,12.8650,8.0936,13.9686,45.4984,0.0000,11.7570,18.9907,24.2187,0.0000,8.5255,2.7233,4.8479,0.0000,6.3884,0.0000,0.0000,0.0000,15.8861,0.0000,0.0000,0.0000,0.0000,15.4106,0.0000,12.9316,12.1244,8.9186,5.6035,15.1666,3.5160,0.0000,0.0000,4.0007,0.0000,0.0000,0.0000,200.1000,0.0000,0.8972,4.6500,0.0000,0.0000,200.0000,20.0000,4.9800,0.0000,0.0000,0.0000,0.0000,0.0000,24.9900,0.0000,0.0000,0.0000,0.0000,0.0000,0.0000,0.0000,0.0000,0.0000,0.0000,0.0000,0.0000,6.3189,0.0000,0.0000,0.0000,0.0000,200.0000,18.7000,0.0000,0.0000,100.0000,0.0000,4.5148,0.0000,0.0000,7.0650
84,65EnNDPL2025/04/26,NDPL,0.0000,0.0000,0.0000,0.0000,0.0000,0.0000,0.0000,0.0000,77.6893,0.0000,23.1426,57.8400,0.0000,0.0000,0.0000,0.0000,27.6734,297.0224,28.7078,0.0000,69.6000,0.0000,0.0000,114.9700,0.0000,271.8600,0.0000,0.0000,0.0000,0.0000,0.0000,0.0000,9.3648,0.0000,0.0000,6.3814,13.4990,36.4397,0.0000,127.0152,42.8469,6.3946,12.8650,8.0936,13.9686,45.4984,0.0000,11.7570,18.9907,24.2187,0.0000,8.5255,2.7233,4.8479,0.0000,6.3884,0.0000,0.0000,0.0000,15.8861,0.0000,0.0000,0.0000,0.0000,15.4106,0.0000,12.9316,12.1244,8.9186,5.6035,15.1666,2.3423,0.0000,0.0000,4.0007,0.0000,0.0000,0.0000,200.1000,0.0000,0.8972,4.6500,0.0000,0.0000,200.0000,20.0000,4.9800,0.0000,0.0000,0.0000,0.0000,0.0000,26.4500,0.0000,0.0000,0.0000,0.0000,0.0000,0.0000,0.0000,0.0000,0.0000,0.0000,0.0000,0.0000,6.3189,0.0000,0.0000,0.0000,0.0000,200.0000,18.7000,0.0000,0.0000,100.0000,0.0000,4.5148,0.0000,0.0000,7.0650
85,65EnNDPL2025/04/26,NDPL,0.0000,0.0000,0.0000,0.0000,0.0000,0.0000,0.0000,0.0000,77.6893,0.0000,23.1426,57.8400,0.0000,0.0000,0.0000,0.0000,27.6734,297.0224,28.7078,0.0000,69.6000,0.0000,0.0000,114.9700,0.0000,271.8600,0.0000,0.0000,0.0000,0.0000,0.0000,0.0000,9.3648,0.0000,0.0000,6.3814,13.4990,36.4397,0.0000,127.0152,42.8469,6.3946,12.8650,8.0936,13.9686,45.4984,0.0000,11.9190,18.9907,24.2187,0.0000,8.5255,2.7233,4.8479,0.0000,6.3884,0.0000,0.0000,0.0000,15.8861,0.0000,0.0000,0.0000,0.0000,15.4106,0.0000,12.9316,12.1244,8.9186,8.4078,15.1666,2.3423,0.0000,0.0000,4.0007,0.0000,0.0000,0.0000,200.1000,0.0000,0.8972,4.6500,0.0000,0.0000,200.0000,20.0000,4.9800,0.0000,0.0000,0.0000,0.0000,0.0000,23.0000,0.0000,0.0000,0.0000,0.0000,0.0000,0.0000,0.0000,0.0000,0.0000,0.0000,0.0000,0.0000,6.3189,0.0000,0.0000,0.0000,0.0000,200.0000,18.7000,0.0000,0.0000,100.0000,0.0000,4.5148,0.0000,0.0000,7.0650
86,65EnNDPL2025/04/26,NDPL,0.0000,0.0000,0.0000,0.0000,0.0000,0.0000,0.0000,0.0000,77.6893,0.0000,23.1426,57.8400,0.0000,0.0000,0.0000,0.0000,27.6734,297.0224,28.7078,0.0000,69.6000,0.0000,0.0000,114.9700,0.0000,271.8600,0.0000,0.0000,0.0000,0.0000,0.0000,0.0000,9.3648,0.0000,0.0000,6.3814,13.4990,36.4397,0.0000,127.0152,42.8469,6.3946,12.8650,8.0936,13.9686,45.4984,0.0000,11.9190,18.9907,24.2187,0.0000,8.5255,2.7233,4.8479,0.0000,6.3884,0.0000,0.0000,0.0000,15.8861,0.0000,0.0000,0.0000,0.0000,15.4106,0.0000,12.9316,12.1244,8.9186,8.4078,15.1666,3.5160,0.0000,0.0000,4.0007,0.0000,0.0000,0.0000,200.1000,0.0000,0.8972,4.6500,0.0000,0.0000,200.0000,20.0000,4.7500,0.0000,0.0000,0.0000,0.0000,0.0000,23.0000,0.0000,0.0000,0.0000,0.0000,0.0000,0.0000,0.0000,0.0000,0.0000,0.0000,0.0000,0.0000,6.3189,0.0000,0.0000,0.0000,0.0000,200.0000,18.7000,0.0000,0.0000,100.0000,0.0000,4.5148,0.0000,0.0000,7.0650
87,65EnNDPL2025/04/26,NDPL,0.0000,0.0000,0.0000,0.0000,0.0000,0.0000,0.0000,0.0000,77.6893,0.0000,23.1426,57.8400,0.0000,0.0000,0.0000,0.0000,27.6734,297.0224,35.8828,0.0000,69.6000,0.0000,0.0000,114.9700,0.0000,271.8600,0.0000,0.0000,0.0000,0.0000,0.0000,0.0000,9.3648,0.0000,0.0000,6.3814,13.4990,36.4397,0.0000,127.0152,42.8469,6.3946,12.8650,8.0936,13.9686,45.4984,0.0000,11.9190,18.9907,24.2187,0.0000,8.5255,6.0497,5.1531,0.0000,6.3884,0.0000,0.0000,0.0000,15.8861,0.0000,0.0000,0.0000,0.0000,15.4106,0.0000,12.9316,12.5169,8.9186,11.2121,15.3526,15.2353,0.0000,0.0000,6.0010,0.0000,0.0000,0.0000,200.1000,0.0000,0.8972,3.1100,0.0000,0.0000,200.0000,20.0000,4.7500,0.0000,0.0000,0.0000,0.0000,0.0000,23.0000,0.0000,0.0000,0.0000,0.0000,0.0000,0.0000,0.0000,0.0000,0.0000,0.0000,0.0000,0.0000,6.3189,0.0000,0.0000,0.0000,0.0000,200.0000,18.7000,0.0000,0.0000,100.0000,0.0000,5.7206,0.0000,0.0000,7.0650
88,65EnNDPL2025/04/26,NDPL,0.0000,0.0000,0.0000,0.0000,0.0000,0.0000,0.0000,0.0000,77.6893,0.0000,23.1426,57.8400,0.0000,0.0000,0.0000,0.0000,27.6734,297.0224,35.8828,0.0000,69.6000,0.0000,0.0000,114.9700,0.0000,271.8600,0.0000,0.0000,0.0000,0.0000,0.0000,0.0000,9.3648,0.0000,0.0000,6.3814,13.4990,36.4397,0.0000,127.0152,42.8469,6.3946,12.8650,8.0936,13.9686,45.4984,0.0000,11.9190,18.9907,24.2187,0.0000,8.5255,6.0497,5.1531,0.0000,6.3884,0.0000,0.0000,0.0000,15.8861,0.0000,0.0000,0.0000,0.0000,15.4106,0.0000,12.9316,12.5169,8.9186,11.2121,15.3526,15.2353,0.0000,0.0000,6.0010,0.0000,0.0000,0.0000,200.1000,0.0000,0.8972,4.4200,0.0000,0.0000,200.0000,20.0000,4.7500,0.0000,0.0000,0.0000,0.0000,0.0000,23.0000,0.0000,0.0000,0.0000,0.0000,0.0000,0.0000,0.0000,0.0000,0.0000,0.0000,0.0000,0.0000,6.3189,0.0000,0.0000,0.0000,0.0000,200.0000,18.7000,0.0000,0.0000,100.0000,0.0000,5.7206,0.0000,0.0000,7.0650
89,65EnNDPL2025/04/26,NDPL,0.0000,0.0000,0.0000,0.0000,0.0000,0.0000,0.0000,0.0000,77.6893,0.0000,23.1426,57.8400,0.0000,0.0000,0.0000,0.0000,27.6734,297.0224,35.8828,0.0000,69.6000,0.0000,0.0000,114.9700,0.0000,271.8600,0.0000,0.0000,0.0000,0.0000,0.0000,0.0000,9.3648,0.0000,0.0000,6.1207,13.4990,36.4397,0.0000,127.0152,42.8469,6.3946,12.8650,8.0936,13.9686,45.4984,0.0000,11.9190,18.9907,24.2187,0.0000,8.5255,6.0497,5.1531,0.0000,6.3884,0.0000,0.0000,0.0000,15.8861,0.0000,0.0000,0.0000,0.0000,15.4106,0.0000,12.9316,12.5169,8.9186,11.2121,15.3526,15.2353,0.0000,0.0000,6.0010,0.0000,0.0000,0.0000,200.1000,0.0000,0.8972,4.4200,0.0000,0.0000,200.0000,20.0000,4.7500,0.0000,0.0000,0.0000,0.0000,0.0000,23.0000,0.0000,0.0000,0.0000,0.0000,0.0000,0.0000,0.0000,0.0000,0.0000,0.0000,0.0000,0.0000,7.0712,0.0000,0.0000,0.0000,0.0000,200.0000,18.9800,0.0000,0.0000,100.0000,0.0000,5.7206,0.0000,0.0000,7.0650
90,65EnNDPL2025/04/26,NDPL,0.0000,0.0000,0.0000,0.0000,0.0000,0.0000,0.0000,0.0000,77.6893,0.0000,23.1426,57.8400,0.0000,0.0000,0.0000,0.0000,27.6734,297.0224,35.8828,0.0000,69.6000,0.0000,0.0000,114.9700,0.0000,271.8600,0.0000,0.0000,0.0000,0.0000,0.0000,0.0000,9.3648,0.0000,0.0000,6.1207,13.4990,36.4397,0.0000,127.0152,42.8469,6.3946,12.8650,8.0936,13.9686,45.4984,0.0000,11.9190,18.9907,24.2187,0.0000,8.5255,6.0497,5.1531,0.0000,6.3884,0.0000,0.0000,0.0000,15.8861,0.0000,0.0000,0.0000,0.0000,15.4106,0.0000,12.9316,12.5169,8.9186,11.2121,15.3526,15.2353,0.0000,0.0000,6.0010,0.0000,0.0000,0.0000,200.1000,0.0000,0.8972,4.4200,0.0000,0.0000,200.0000,20.0000,4.7500,0.0000,0.0000,0.0000,0.0000,0.0000,23.0000,0.0000,0.0000,0.0000,0.0000,0.0000,0.0000,0.0000,0.0000,0.0000,0.0000,0.0000,0.0000,7.0712,0.0000,0.0000,0.0000,0.0000,200.0000,18.9800,0.0000,0.0000,100.0000,0.0000,5.7206,0.0000,0.0000,7.0650
91,65EnNDPL2025/04/26,NDPL,0.0000,0.0000,0.0000,0.0000,0.0000,0.0000,0.0000,0.0000,77.6893,0.0000,23.1426,57.8400,0.0000,0.0000,0.0000,0.0000,27.6734,297.0224,28.7078,0.0000,69.6000,0.0000,0.0000,114.9700,0.0000,271.8600,0.0000,0.0000,0.0000,0.0000,0.0000,0.0000,9.3648,0.0000,0.0000,6.1207,13.4990,36.4397,0.0000,127.0152,42.8469,6.3946,12.8650,8.0936,13.9686,45.4984,0.0000,11.9190,18.9907,24.2187,0.0000,8.5255,2.7233,4.8479,0.0000,6.3884,0.0000,0.0000,0.0000,15.8861,0.0000,0.0000,0.0000,0.0000,15.4106,0.0000,12.9316,12.1244,5.9398,5.6035,15.1666,8.5953,0.0000,0.0000,6.0010,0.0000,0.0000,0.0000,200.1000,0.0000,0.8972,4.4200,0.0000,0.0000,200.0000,20.0000,4.7500,0.0000,0.0000,0.0000,0.0000,0.0000,23.0000,0.0000,0.0000,0.0000,0.0000,0.0000,0.0000,0.0000,0.0000,0.0000,0.0000,0.0000,0.0000,7.0712,0.0000,0.0000,0.0000,0.0000,200.0000,18.9800,0.0000,0.0000,100.0000,0.0000,3.0085,0.0000,0.0000,7.0650
92,65EnNDPL2025/04/26,NDPL,0.0000,0.0000,0.0000,0.0000,0.0000,0.0000,0.0000,0.0000,77.6893,0.0000,23.1426,57.8400,0.0000,0.0000,0.0000,0.0000,27.6734,297.0224,28.7078,0.0000,69.6000,0.0000,0.0000,114.9700,0.0000,271.8600,0.0000,0.0000,0.0000,0.0000,0.0000,0.0000,9.3648,0.0000,0.0000,6.1207,13.4990,36.4397,0.0000,127.0152,42.8469,6.3946,12.8650,8.0936,13.9686,45.4984,0.0000,11.9190,18.9907,24.2187,0.0000,8.5255,2.7233,4.8479,0.0000,6.3884,0.0000,0.0000,0.0000,15.8861,0.0000,0.0000,0.0000,0.0000,15.4106,0.0000,12.9316,12.1244,5.9398,2.8043,15.1666,8.5953,0.0000,0.0000,6.0010,0.0000,0.0000,0.0000,200.1000,0.0000,0.8972,4.4200,0.0000,0.0000,200.0000,20.0000,4.7500,0.0000,0.0000,0.0000,0.0000,0.0000,22.3300,0.0000,0.0000,0.0000,0.0000,0.0000,0.0000,0.0000,0.0000,0.0000,0.0000,0.0000,0.0000,7.0712,0.0000,0.0000,0.0000,0.0000,200.0000,18.9800,0.0000,0.0000,100.0000,0.0000,3.0085,0.0000,0.0000,7.0650
93,65EnNDPL2025/04/26,NDPL,0.0000,0.0000,0.0000,0.0000,0.0000,0.0000,0.0000,0.0000,77.6893,0.0000,23.1426,57.8400,0.0000,0.0000,0.0000,0.0000,27.6734,297.0224,28.7078,0.0000,69.6000,0.0000,0.0000,114.9700,0.0000,271.8600,0.0000,0.0000,0.0000,0.0000,0.0000,0.0000,9.3648,0.0000,0.0000,6.1207,13.4990,36.4397,0.0000,127.0152,42.8469,6.3946,12.8650,8.0936,13.9686,45.4984,0.0000,11.9190,18.9907,24.2187,0.0000,8.5255,2.7233,4.8479,0.0000,6.3884,0.0000,0.0000,0.0000,15.8861,0.0000,0.0000,0.0000,0.0000,15.4106,0.0000,12.9316,12.1244,5.9398,2.8043,15.1666,8.5953,0.0000,0.0000,6.0010,0.0000,0.0000,0.0000,200.1000,0.0000,0.8972,4.4200,0.0000,0.0000,200.0000,20.0000,4.7500,0.0000,0.0000,0.0000,0.0000,0.0000,21.8300,0.0000,0.0000,0.0000,0.0000,0.0000,0.0000,0.0000,0.0000,0.0000,0.0000,0.0000,0.0000,7.0712,0.0000,0.0000,0.0000,0.0000,200.0000,18.9800,0.0000,0.0000,100.0000,0.0000,3.0085,0.0000,0.0000,7.0650
94,65EnNDPL2025/04/26,NDPL,0.0000,0.0000,0.0000,0.0000,0.0000,0.0000,0.0000,0.0000,77.6893,0.0000,23.1426,57.8400,0.0000,0.0000,0.0000,0.0000,27.6734,297.0224,28.7078,0.0000,69.6000,0.0000,0.0000,114.9700,0.0000,271.8600,0.0000,0.0000,0.0000,0.0000,0.0000,0.0000,9.3648,0.0000,0.0000,6.1207,13.4990,36.4397,0.0000,127.0152,42.8469,6.3946,12.8650,8.0936,13.9686,45.4984,0.0000,11.9190,18.9907,24.2187,0.0000,8.5255,2.7233,4.8479,0.0000,6.3884,0.0000,0.0000,0.0000,15.8861,0.0000,0.0000,0.0000,0.0000,15.4106,0.0000,12.9316,12.1244,5.9398,2.8043,15.1666,5.0003,0.0000,0.0000,6.0010,0.0000,0.0000,0.0000,200.1000,0.0000,0.8972,4.4200,0.0000,0.0000,200.0000,20.0000,4.7500,0.0000,0.0000,0.0000,0.0000,0.0000,21.3300,0.0000,0.0000,0.0000,0.0000,0.0000,0.0000,0.0000,0.0000,0.0000,0.0000,0.0000,0.0000,7.0712,0.0000,0.0000,0.0000,0.0000,200.0000,18.9800,0.0000,0.0000,100.0000,0.0000,3.0085,0.0000,0.0000,7.0650
95,65EnNDPL2025/04/26,NDPL,0.0000,0.0000,0.0000,0.0000,0.0000,0.0000,0.0000,0.0000,77.6893,0.0000,23.1426,57.8400,0.0000,0.0000,0.0000,0.0000,27.6734,297.0224,28.7078,0.0000,69.6000,0.0000,0.0000,114.9700,0.0000,271.8600,0.0000,0.0000,0.0000,0.0000,0.0000,0.0000,9.3648,0.0000,0.0000,6.1207,13.4990,36.4397,0.0000,127.0152,42.8469,6.3946,12.8650,8.0936,13.9686,45.4984,0.0000,11.9190,18.9907,24.2187,0.0000,8.5255,2.7233,4.8479,0.0000,6.3884,0.0000,0.0000,0.0000,15.8861,0.0000,0.0000,0.0000,0.0000,15.4106,0.0000,12.9316,8.0805,5.9398,2.8043,15.1666,5.0003,0.0000,0.0000,6.0010,0.0000,0.0000,0.0000,200.1000,0.0000,0.8972,4.4200,0.0000,0.0000,200.0000,20.0000,4.7500,0.0000,0.0000,0.0000,0.0000,0.0000,20.6700,0.0000,0.0000,0.0000,0.0000,0.0000,0.0000,0.0000,0.0000,0.0000,0.0000,0.0000,0.0000,7.0712,0.0000,0.0000,0.0000,0.0000,200.0000,18.9800,0.0000,0.0000,100.0000,0.0000,3.0085,0.0000,0.0000,7.0650
96,65EnNDPL2025/04/26,NDPL,0.0000,0.0000,0.0000,0.0000,0.0000,0.0000,0.0000,0.0000,77.6893,0.0000,23.1426,57.8400,0.0000,0.0000,0.0000,0.0000,27.6734,297.0224,28.7078,0.0000,69.6000,0.0000,0.0000,114.9700,0.0000,271.8600,0.0000,0.0000,0.0000,0.0000,0.0000,0.0000,9.3648,0.0000,0.0000,6.1207,13.4990,36.4397,0.0000,127.0152,42.8469,6.3946,12.8650,8.0936,13.9686,45.4984,0.0000,11.9190,18.9907,24.2187,0.0000,8.5255,2.7233,4.8479,0.0000,6.3884,0.0000,0.0000,0.0000,15.8861,0.0000,0.0000,0.0000,0.0000,15.4106,0.0000,12.9316,8.0805,5.9398,2.8043,15.1666,5.0003,0.0000,0.0000,6.0010,0.0000,0.0000,0.0000,200.1000,0.0000,0.8972,4.4200,0.0000,0.0000,200.0000,20.0000,4.7500,0.0000,0.0000,0.0000,0.0000,0.0000,20.3300,0.0000,0.0000,0.0000,0.0000,0.0000,0.0000,0.0000,0.0000,0.0000,0.0000,0.0000,0.0000,7.0712,0.0000,0.0000,0.0000,0.0000,200.0000,18.9800,0.0000,0.0000,100.0000,0.0000,3.0085,0.0000,0.0000,7.0650
