timeslot,discomcode,revisionno,BTPS,PRAGATI,RPH,DADRI_T,GT_OC,CSGS,GT_RLNG,PRG_RLNG,DVC,GT_LF,GT_CC,PRG_G_CC,GT_RLG_C,GT_LF_CC,PG_RLG_C,REGULATE,MTPS6,JHAJJAR,NJPC,CCGT_OC,CCGT_CC,CCGT_RCC,CCGT_ROC,CLPJHAJR,MEJIA7,MAITHON,SECI,RITHL_CC,RITHL_OC,RITHL_RC,RITHL_RO,NHPC,DADRI_T2,ANTA_GF,AURY_GF,FARAKKA,RIHAND1,RIHAND2,RIHAND3,SASAN,SNGRAULI,UNCHHAR1,UNCHHAR2,UNCHHAR3,KAHLGAN1,KAHLGAN2,DADRI_GF,ANTA_RF,AURY_RF,DADRI_RF,KOLDAM,TH_HPP,KTWR_HEP,SEWA2,DMSWSL,NAPP,RAPPB,MUNDRA,RAMPUR,RAPPC,TALA,ANTA_LF,AURY_LF,DADRI_LF,URI,URI2,CHAMERA1,CHAMERA2,CHAMERA3,DHAULIGNGA,DULHASTI,PARBATI3,SALAL,TANAKPUR,BSIUL,UNCHAHAR4,PRG_CCLF,PRG_OCLF,CCGTCCSPOT,CCGTOCSPOT,SNG_HYDRO,SHEP,GIREL,RUMS_DMRC,SEIPL,THPPL,NHPPL,ANTA_CRF,AURY_CRF,DADR_CRF,ALFANR_I,ALFANR_II,ALFANR_III,ERCPL_FTG,ERPCL_FTG2,AP41PL_BHDL,ASE4PL,KUDGI,SRIJAN_M,SITAC_BRPL,SITAC_BYPL,TANDA2,KSHNGNGA,SOLAPUR,MEJA,TWEPL,GBHHPL,THAR_BYPL,THAR_BRPL,ASEJ2PL_BYPL,ASEJ2PL_TPDDL,CHANJUII,SECI_BRPL,SECI_BYPL,SECI_TPDDL,APSEPL_FTG,PARBATI2,KHURJA,GHATAMPUR,RAPPD,TEHRIPSP,TEHRIPSP_P,Total_EXPP,OpenAccess,InterDiscomTransfer,Losses,idtexbil,Total
1,BRPL,64DSBRPL2025/07/24,0.0000,0.0000,0.0000,0.0000,0.0000,0.0000,0.0000,0.0000,58.7400,0.0000,12.2259,41.7451,0.0000,0.0000,0.0000,0.0000,38.0800,11.5300,0.0000,0.0000,93.3900,0.0000,0.0000,0.0000,0.0000,0.0000,0.0000,0.0000,0.0000,0.0000,0.0000,0.0000,397.4600,0.0000,0.0000,6.1600,64.1600,53.0700,73.7500,48.0200,24.1200,9.1600,19.0700,11.7300,19.2200,41.7300,0.0000,0.0000,0.0000,0.0000,4.0600,40.0400,19.4600,5.4200,0.0000,15.3800,0.0000,0.0000,0.0000,28.0400,11.9100,0.0000,0.0000,0.0000,22.3500,16.8600,18.5100,20.9300,0.0000,18.8400,25.5600,15.6200,34.9900,5.5100,0.0000,1.4600,0.0000,0.0000,0.0000,0.0000,0.0300,0.0000,43.0100,0.0000,0.0000,0.0000,0.0000,0.0000,0.0000,0.0000,62.5100,0.0000,0.0000,0.0000,0.0000,0.0000,0.0000,0.0000,25.0000,52.3400,0.0000,2.5100,3.1500,0.0000,5.7700,10.2214,25.2400,0.0000,0.0000,0.0000,0.0000,0.0000,0.0000,0.0000,0.0000,0.0000,0.0000,3.8400,1.5200,9.8100,49.4600,0.0000,1622.7124,891.07,0.00,23.8039,0.00,2489.9785
2,BRPL,64DSBRPL2025/07/24,0.0000,0.0000,0.0000,0.0000,0.0000,0.0000,0.0000,0.0000,58.7400,0.0000,12.2259,42.5492,0.0000,0.0000,0.0000,0.0000,38.0800,11.5300,0.0000,0.0000,93.3900,0.0000,0.0000,0.0000,0.0000,0.0000,0.0000,0.0000,0.0000,0.0000,0.0000,0.0000,397.4600,0.0000,0.0000,6.1600,64.1600,53.0700,73.7500,48.1000,24.1200,9.1600,19.0700,11.7300,19.2200,41.7300,0.0000,0.0000,0.0000,0.0000,4.0600,40.0400,19.4600,5.4200,0.0000,15.3800,0.0000,0.0000,0.0000,28.0400,11.9100,0.0000,0.0000,0.0000,22.3500,16.8600,18.5100,20.9300,0.0000,18.8400,25.5600,15.6200,34.9900,5.5100,0.0000,1.4600,0.0000,0.0000,0.0000,0.0000,0.0300,0.0000,43.0100,0.0000,0.0000,0.0000,0.0000,0.0000,0.0000,0.0000,63.4900,0.0000,0.0000,0.0000,0.0000,0.0000,0.0000,0.0000,24.6700,52.0000,0.0000,2.5100,3.1500,0.0000,5.7700,10.2214,25.2400,0.0000,0.0000,0.0000,0.0000,0.0000,0.0000,0.0000,0.0000,0.0000,0.0000,3.8400,1.5200,9.8100,49.4600,0.0000,1623.9065,846.09,0.00,23.7744,0.00,2446.2221
3,BRPL,64DSBRPL2025/07/24,0.0000,0.0000,0.0000,0.0000,0.0000,0.0000,0.0000,0.0000,58.7400,0.0000,12.2259,42.5492,0.0000,0.0000,0.0000,0.0000,38.0800,11.5300,0.0000,0.0000,93.3900,0.0000,0.0000,0.0000,0.0000,0.0000,0.0000,0.0000,0.0000,0.0000,0.0000,0.0000,397.4600,0.0000,0.0000,6.1600,64.1600,53.0700,73.7500,48.1000,24.1200,8.6600,19.0700,11.7300,19.2200,41.7300,0.0000,0.0000,0.0000,0.0000,4.0600,40.0400,19.4600,5.4200,0.0000,15.3800,0.0000,0.0000,0.0000,28.0400,11.9100,0.0000,0.0000,0.0000,22.3500,16.8600,18.5100,20.9300,0.0000,18.8400,25.5600,15.6200,34.9900,5.5100,0.0000,1.4600,0.0000,0.0000,0.0000,0.0000,0.0300,0.0000,43.0100,0.0000,0.0000,0.0000,0.0000,0.0000,0.0000,0.0000,63.4900,0.0000,0.0000,0.0000,0.0000,0.0000,0.0000,0.0000,24.3300,52.3400,0.0000,2.5100,3.1500,0.0000,5.7700,10.2214,25.2400,0.0000,0.0000,0.0000,0.0000,0.0000,0.0000,0.0000,0.0000,0.0000,0.0000,3.8400,1.5200,9.8100,49.4600,0.0000,1623.4065,805.72,0.00,23.4556,0.00,2405.6709
4,BRPL,64DSBRPL2025/07/24,0.0000,0.0000,0.0000,0.0000,0.0000,0.0000,0.0000,0.0000,58.7400,0.0000,12.2259,42.5492,0.0000,0.0000,0.0000,0.0000,38.0800,11.5300,0.0000,0.0000,93.3900,0.0000,0.0000,0.0000,0.0000,0.0000,0.0000,0.0000,0.0000,0.0000,0.0000,0.0000,397.4600,0.0000,0.0000,6.1600,64.1600,53.0700,73.7500,48.1000,24.1200,8.6600,19.0700,11.7300,19.2200,41.7300,0.0000,0.0000,0.0000,0.0000,4.0600,40.0400,19.4600,5.4200,0.0000,15.3800,0.0000,0.0000,0.0000,28.0400,11.9100,0.0000,0.0000,0.0000,19.6800,16.8600,17.4700,20.9300,0.0000,18.8400,25.5600,15.6200,34.9900,5.5100,0.0000,1.4600,0.0000,0.0000,0.0000,0.0000,0.0300,0.0000,43.0100,0.0000,0.0000,0.0000,0.0000,0.0000,0.0000,0.0000,63.0000,0.0000,0.0000,0.0000,0.0000,0.0000,0.0000,0.0000,23.3300,52.0000,0.0000,2.5100,3.1500,0.0000,5.7700,10.2214,25.2400,0.0000,0.0000,0.0000,0.0000,0.0000,0.0000,0.0000,0.0000,0.0000,0.0000,3.8400,1.5200,9.8100,49.4600,0.0000,1617.8665,775.93,0.00,23.1800,0.00,2370.6165
5,BRPL,64DSBRPL2025/07/24,0.0000,0.0000,0.0000,0.0000,0.0000,0.0000,0.0000,0.0000,58.7400,0.0000,12.2259,42.5492,0.0000,0.0000,0.0000,0.0000,38.0800,11.5300,0.0000,0.0000,93.3900,0.0000,0.0000,0.0000,0.0000,0.0000,0.0000,0.0000,0.0000,0.0000,0.0000,0.0000,397.4600,0.0000,0.0000,6.1600,64.1600,53.0700,73.7500,48.1000,24.1200,9.0100,19.5100,12.1200,19.2200,41.7300,0.0000,0.0000,0.0000,0.0000,4.0600,40.0400,19.4600,5.4200,0.0000,15.3800,0.0000,0.0000,0.0000,28.0400,9.5900,0.0000,0.0000,0.0000,19.6800,16.8600,17.4700,20.9300,0.0000,18.8400,25.5600,15.6200,34.9900,5.5100,0.0000,1.4600,0.0000,0.0000,0.0000,0.0000,0.0300,0.0000,42.8100,0.0000,0.0000,0.0000,0.0000,0.0000,0.0000,0.0000,62.5100,0.0000,0.0000,0.0000,0.0000,0.0000,0.0000,0.0000,22.6700,51.0000,0.0000,2.5100,3.1500,0.0000,5.7700,10.2214,25.2400,0.0000,0.0000,0.0000,0.0000,0.0000,0.0000,0.0000,0.0000,0.0000,0.0000,3.8400,1.5200,9.8100,49.4600,0.0000,1614.3765,741.75,0.00,22.9798,0.00,2333.1467
6,BRPL,64DSBRPL2025/07/24,0.0000,0.0000,0.0000,0.0000,0.0000,0.0000,0.0000,0.0000,58.7400,0.0000,12.2259,42.5492,0.0000,0.0000,0.0000,0.0000,38.0800,11.5300,0.0000,0.0000,93.3900,0.0000,0.0000,0.0000,0.0000,0.0000,0.0000,0.0000,0.0000,0.0000,0.0000,0.0000,397.4600,0.0000,0.0000,6.1600,64.1600,53.0700,73.7500,48.1000,24.1200,9.0100,19.1700,11.8000,19.2200,41.7300,0.0000,0.0000,0.0000,0.0000,4.0600,40.0400,19.4600,5.4200,0.0000,15.3800,0.0000,0.0000,0.0000,28.0400,9.5900,0.0000,0.0000,0.0000,19.6800,16.8600,17.4700,20.9300,0.0000,18.8400,25.5600,15.6200,34.9900,5.5100,0.0000,1.4600,0.0000,0.0000,0.0000,0.0000,0.0300,0.0000,42.4100,0.0000,0.0000,0.0000,0.0000,0.0000,0.0000,0.0000,61.9900,0.0000,0.0000,0.0000,0.0000,0.0000,0.0000,0.0000,21.6700,50.0000,0.0000,2.5100,3.1500,0.0000,5.7700,10.2214,25.2400,0.0000,0.0000,0.0000,0.0000,0.0000,0.0000,0.0000,0.0000,0.0000,0.0000,3.8400,1.5200,9.8100,49.4600,0.0000,1610.7965,708.75,0.00,23.2093,0.00,2296.3372
7,BRPL,64DSBRPL2025/07/24,0.0000,0.0000,0.0000,0.0000,0.0000,0.0000,0.0000,0.0000,58.7400,0.0000,12.2259,42.5492,0.0000,0.0000,0.0000,0.0000,38.0800,11.5700,11.5800,0.0000,93.3900,0.0000,0.0000,0.0000,0.0000,0.0000,0.0000,0.0000,0.0000,0.0000,0.0000,0.0000,397.4600,0.0000,0.0000,6.1600,64.1600,53.0700,73.7500,48.1000,24.1200,8.6600,19.0700,11.7300,19.2200,41.7300,0.0000,0.0000,0.0000,0.0000,4.0600,40.0400,19.4600,5.4200,0.0000,15.3800,0.0000,0.0000,0.3900,28.0400,9.5900,0.0000,0.0000,0.0000,19.6800,16.8600,17.4700,20.9300,5.0200,18.8400,25.5600,15.6200,34.9900,5.5100,0.0000,1.4600,0.0000,0.0000,0.0000,0.0000,0.0300,0.0000,42.0100,0.0000,0.0000,0.0000,0.0000,0.0000,0.0000,0.0000,61.0100,0.0000,0.0000,0.0000,0.0000,0.0000,0.0000,0.0000,21.0000,58.3400,0.0000,2.5100,3.1500,0.0000,5.7700,10.2214,25.2400,0.0000,0.0000,0.0000,0.0000,0.0000,0.0000,0.0000,0.0000,0.0000,0.0000,3.8400,1.5200,9.8100,49.5400,0.0000,1633.6765,651.75,0.00,23.8323,0.00,2261.5942
8,BRPL,64DSBRPL2025/07/24,0.0000,0.0000,0.0000,0.0000,0.0000,0.0000,0.0000,0.0000,58.7400,0.0000,11.2259,42.5492,0.0000,0.0000,0.0000,0.0000,38.0800,12.0000,24.0300,0.0000,93.3900,0.0000,0.0000,0.0000,0.0000,0.0000,0.0000,0.0000,0.0000,0.0000,0.0000,0.0000,397.4600,0.0000,0.0000,6.1600,64.1600,53.0700,73.7500,48.1000,24.1200,8.6600,19.0700,11.7300,19.2200,41.7300,0.0000,0.0000,0.0000,0.0000,4.0600,40.0400,19.4600,5.4200,0.0000,15.3800,0.0000,0.0000,0.8100,28.0400,9.5900,0.0000,0.0000,0.0000,19.6800,16.8600,17.4700,20.9300,5.0200,18.8400,25.5600,15.6200,34.9900,5.5100,0.0000,1.4600,0.0000,0.0000,0.0000,0.0000,0.0300,0.0000,41.6100,0.0000,0.0000,0.0000,0.0000,0.0000,0.0000,0.0000,60.4900,0.0000,0.0000,0.0000,0.0000,0.0000,0.0000,0.0000,19.3300,58.0000,0.0000,2.5100,3.1500,0.0000,5.7700,10.2214,25.2400,0.0000,0.0000,0.0000,0.0000,0.0000,0.0000,0.0000,0.0000,0.0000,0.0000,3.8400,1.5200,9.8100,49.5400,0.0000,1643.0465,601.75,0.00,24.2954,0.00,2220.5011
9,BRPL,64DSBRPL2025/07/24,0.0000,0.0000,0.0000,0.0000,0.0000,0.0000,0.0000,0.0000,58.7400,0.0000,11.2259,42.5492,0.0000,0.0000,0.0000,0.0000,38.0800,11.5300,35.7500,0.0000,84.0000,0.0000,0.0000,0.0000,0.0000,0.0000,0.0000,0.0000,0.0000,0.0000,0.0000,0.0000,408.4700,0.0000,0.0000,6.1600,64.1600,53.0700,73.7500,48.1000,24.1200,8.6600,19.0700,11.7300,19.2200,41.7300,0.0000,0.0000,0.0000,0.0000,4.0600,40.0400,12.9800,5.4200,0.0000,15.3800,0.0000,0.0000,1.2000,28.0400,9.5900,0.0000,0.0000,0.0000,19.6800,16.8600,17.4700,20.9300,10.0300,18.1000,25.5600,15.6200,34.9900,5.5100,0.0000,1.4600,0.0000,0.0000,0.0000,0.0000,0.0300,0.0000,41.6200,0.0000,0.0000,0.0000,0.0000,0.0000,0.0000,0.0000,63.4900,0.0000,0.0000,0.0000,0.0000,0.0000,0.0000,0.0000,18.3300,57.3400,0.0000,2.5100,3.1500,0.0000,5.7700,10.2214,25.2400,0.0000,0.0000,0.0000,0.0000,0.0000,0.0000,0.0000,0.0000,0.0000,0.0000,3.8400,1.5200,9.8100,0.0000,0.0000,1605.9065,578.14,0.00,22.6828,0.00,2161.3637
10,BRPL,64DSBRPL2025/07/24,0.0000,0.0000,0.0000,0.0000,0.0000,0.0000,0.0000,0.0000,58.7400,0.0000,11.2259,42.5492,0.0000,0.0000,0.0000,0.0000,38.0800,11.5300,47.6700,0.0000,84.0000,0.0000,0.0000,0.0000,0.0000,0.0000,0.0000,0.0000,0.0000,0.0000,0.0000,0.0000,336.3900,0.0000,0.0000,6.1600,64.1600,53.0700,73.7500,48.1000,24.1200,8.6600,19.0700,11.7300,19.2200,41.7300,0.0000,0.0000,0.0000,0.0000,4.0600,40.0400,12.9800,5.4200,0.0000,15.3800,0.0000,0.0000,1.6000,28.0400,9.5900,0.0000,0.0000,0.0000,19.6800,16.8600,17.4700,20.9300,10.0300,18.1000,25.5600,15.6200,34.9900,5.5100,0.0000,1.4600,0.0000,0.0000,0.0000,0.0000,0.0300,0.0000,40.8200,0.0000,0.0000,0.0000,0.0000,0.0000,0.0000,0.0000,64.5000,0.0000,0.0000,0.0000,0.0000,0.0000,0.0000,0.0000,17.3300,56.0000,0.0000,2.5100,3.1500,0.0000,5.7700,10.2214,25.2400,0.0000,0.0000,0.0000,0.0000,0.0000,0.0000,0.0000,0.0000,0.0000,0.0000,3.8400,1.5200,9.8100,0.0000,0.0000,1544.0165,604.14,0.00,21.9972,0.00,2126.1593
11,BRPL,64DSBRPL2025/07/24,0.0000,0.0000,0.0000,0.0000,0.0000,0.0000,0.0000,0.0000,58.7400,0.0000,11.2259,42.5492,0.0000,0.0000,0.0000,0.0000,38.0800,11.5300,59.5900,0.0000,84.0000,0.0000,0.0000,0.0000,0.0000,0.0000,0.0000,0.0000,0.0000,0.0000,0.0000,0.0000,269.1100,0.0000,0.0000,6.1600,64.1600,53.0700,73.7500,48.1000,24.1200,9.0100,19.4300,12.2100,19.2200,41.7300,0.0000,0.0000,0.0000,0.0000,4.0600,40.0400,12.9800,5.2100,0.0000,15.3800,0.0000,0.0000,2.0000,28.0400,9.6900,0.0000,0.0000,0.0000,19.6800,16.8600,17.4700,20.9300,10.0300,18.1000,25.5600,15.6200,34.9900,5.5100,0.0000,1.4600,0.0000,0.0000,0.0000,0.0000,0.0300,0.0000,40.0200,0.0000,0.0000,0.0000,0.0000,0.0000,0.0000,0.0000,55.0100,0.0000,0.0000,0.0000,0.0000,0.0000,0.0000,0.0000,17.0000,48.3400,0.0000,2.5100,3.1500,0.0000,5.7700,10.2214,25.2400,0.0000,0.0000,0.0000,0.0000,0.0000,0.0000,0.0000,0.0000,0.0000,0.0000,3.8400,1.5200,9.8100,0.0000,0.0000,1471.8565,635.14,0.00,21.1926,0.00,2085.8039
12,BRPL,64DSBRPL2025/07/24,0.0000,0.0000,0.0000,0.0000,0.0000,0.0000,0.0000,0.0000,58.7400,0.0000,12.2259,42.5492,0.0000,0.0000,0.0000,0.0000,38.0800,11.5300,71.5100,0.0000,84.0000,0.0000,0.0000,0.0000,0.0000,0.0000,0.0000,0.0000,0.0000,0.0000,0.0000,0.0000,201.8300,0.0000,0.0000,6.1600,64.1600,53.0700,73.7500,48.1000,24.1200,9.0100,19.4300,12.2100,19.2200,41.7300,0.0000,0.0000,0.0000,0.0000,4.0600,40.0400,12.9800,5.2100,0.0000,15.3800,0.0000,0.0000,2.4000,28.0400,9.6900,0.0000,0.0000,0.0000,19.6800,16.8600,17.4700,20.9300,10.0300,18.1000,25.5600,15.6200,34.9900,5.5100,0.0000,1.4600,0.0000,0.0000,0.0000,0.0000,0.0300,0.0000,40.0200,0.0000,0.0000,0.0000,0.0000,0.0000,0.0000,0.0000,54.4900,0.0000,0.0000,0.0000,0.0000,0.0000,0.0000,0.0000,16.6700,47.3400,0.0000,2.5100,3.1500,0.0000,5.7700,10.2214,25.2400,0.0000,0.0000,0.0000,0.0000,0.0000,0.0000,0.0000,0.0000,0.0000,0.0000,3.8400,1.5200,9.8100,0.0000,0.0000,1416.0465,667.48,0.00,20.7599,0.00,2062.7666
13,BRPL,64DSBRPL2025/07/24,0.0000,0.0000,0.0000,0.0000,0.0000,0.0000,0.0000,0.0000,58.7400,0.0000,12.2259,42.5492,0.0000,0.0000,0.0000,0.0000,38.0800,11.5300,77.9300,0.0000,84.0000,0.0000,0.0000,0.0000,0.0000,0.0000,0.0000,0.0000,0.0000,0.0000,0.0000,0.0000,201.8300,0.0000,0.0000,6.4100,64.1600,53.0700,73.7500,48.1000,24.1200,8.6600,19.0700,11.7300,19.2200,41.7300,0.0000,0.0000,0.0000,0.0000,4.0600,40.0400,12.9800,5.2100,0.0000,15.3800,0.0000,0.0000,2.6600,28.0400,9.6900,0.0000,0.0000,0.0000,19.6800,16.4000,17.4700,20.9300,0.0000,18.1000,25.5600,15.6200,34.9900,5.0300,0.0000,1.4600,0.0000,0.0000,0.0000,0.0000,0.0300,0.0000,39.6200,0.0000,0.0000,0.0000,0.0000,0.0000,0.0000,0.0000,46.5000,0.0000,0.0000,0.0000,0.0000,0.0000,0.0000,0.0000,13.0000,46.6600,0.0000,2.5100,3.1500,0.0000,5.7700,10.2214,26.2500,0.0000,0.0000,0.0000,0.0000,0.0000,0.0000,0.0000,0.0000,0.0000,0.0000,3.8400,1.5200,9.8100,0.0000,0.0000,1399.0865,671.50,0.00,16.2442,0.00,2054.3423
14,BRPL,64DSBRPL2025/07/24,0.0000,0.0000,0.0000,0.0000,0.0000,0.0000,0.0000,0.0000,58.7400,0.0000,12.2259,42.5492,0.0000,0.0000,0.0000,0.0000,38.0800,11.5300,77.9300,0.0000,84.0000,0.0000,0.0000,0.0000,0.0000,0.0000,0.0000,0.0000,0.0000,0.0000,0.0000,0.0000,173.0000,0.0000,0.0000,6.4100,64.1600,53.0700,73.7500,48.1000,24.1200,8.6600,19.0700,11.7300,19.2200,41.7300,0.0000,0.0000,0.0000,0.0000,4.0600,40.0400,12.9800,5.2100,0.0000,15.3800,0.0000,0.0000,2.6600,28.0400,9.6900,0.0000,0.0000,0.0000,19.6800,16.4000,17.4700,20.9300,0.0000,18.1000,25.5600,15.6200,34.9900,5.0300,0.0000,1.4600,0.0000,0.0000,0.0000,0.0000,0.0300,0.0000,39.0200,0.0000,0.0000,0.0000,0.0000,0.0000,0.0000,0.0000,46.5000,0.0000,0.0000,0.0000,0.0000,0.0000,0.0000,0.0000,12.6700,45.0000,0.0000,2.5100,3.1500,0.0000,5.7700,10.2214,27.2600,0.0000,0.0000,0.0000,0.0000,0.0000,0.0000,0.0000,0.0000,0.0000,0.0000,3.8400,1.5200,9.8100,0.0000,0.0000,1368.6765,681.64,0.00,16.2577,0.00,2034.0588
15,BRPL,64DSBRPL2025/07/24,0.0000,0.0000,0.0000,0.0000,0.0000,0.0000,0.0000,0.0000,58.7400,0.0000,12.2259,42.5492,0.0000,0.0000,0.0000,0.0000,38.0800,11.5300,77.9300,0.0000,84.0000,0.0000,0.0000,0.0000,0.0000,0.0000,0.0000,0.0000,0.0000,0.0000,0.0000,0.0000,144.1700,0.0000,0.0000,6.4100,64.1600,53.0700,73.7500,48.1000,24.1200,8.6600,19.0700,11.7300,19.2200,41.7300,0.0000,0.0000,0.0000,0.0000,4.0600,40.0400,12.9800,5.2100,0.0000,15.3800,0.0000,0.0000,2.6600,28.0400,9.6900,0.0000,0.0000,0.0000,19.6800,16.4000,17.4700,20.9300,0.0000,18.1000,25.5600,13.7500,34.9900,5.0300,0.0000,1.4600,0.0000,0.0000,0.0000,0.0000,0.0300,0.0000,39.4200,0.0000,0.0000,0.0000,0.0000,0.0000,0.0000,0.0000,40.0100,0.0000,0.0000,0.0000,0.0000,0.0000,0.0000,0.0000,12.6700,41.6600,0.0000,2.5100,3.1500,0.0000,5.7700,10.2214,27.2600,0.0000,0.0000,0.0000,0.0000,0.0000,0.0000,0.0000,0.0000,0.0000,0.0000,2.9100,1.5200,9.8100,0.0000,0.0000,1327.6165,715.86,0.00,16.3603,0.00,2027.1162
16,BRPL,64DSBRPL2025/07/24,0.0000,0.0000,0.0000,0.0000,0.0000,0.0000,0.0000,0.0000,58.7400,0.0000,12.2259,42.5492,0.0000,0.0000,0.0000,0.0000,38.0800,11.5300,77.9300,0.0000,84.0000,0.0000,0.0000,0.0000,0.0000,0.0000,0.0000,0.0000,0.0000,0.0000,0.0000,0.0000,144.1700,0.0000,0.0000,6.4100,64.1600,53.0700,73.7500,48.1000,24.1200,8.6600,19.0700,11.7300,19.2200,41.7300,0.0000,0.0000,0.0000,0.0000,4.0600,40.0400,12.9800,5.2100,0.0000,15.3800,0.0000,0.0000,2.6600,28.0400,9.6900,0.0000,0.0000,0.0000,19.6800,16.4000,17.4700,20.9300,0.0000,18.1000,25.5600,13.7500,34.9900,5.0300,0.0000,1.4600,0.0000,0.0000,0.0000,0.0000,0.0300,0.0000,39.0200,0.0000,0.0000,0.0000,0.0000,0.0000,0.0000,0.0000,40.0100,0.0000,0.0000,0.0000,0.0000,0.0000,0.0000,0.0000,12.3300,40.3400,0.0000,2.5100,3.1500,0.0000,5.7700,10.2214,27.2600,0.0000,0.0000,0.0000,0.0000,0.0000,0.0000,0.0000,0.0000,0.0000,0.0000,2.9100,1.5200,9.8100,0.0000,0.0000,1325.5565,696.94,0.00,16.4619,0.00,2006.0346
17,BRPL,64DSBRPL2025/07/24,0.0000,0.0000,0.0000,0.0000,0.0000,0.0000,0.0000,0.0000,58.7400,0.0000,12.2259,42.5492,0.0000,0.0000,0.0000,0.0000,38.0800,11.5300,77.9300,0.0000,84.0000,0.0000,0.0000,0.0000,0.0000,0.0000,0.0000,0.0000,0.0000,0.0000,0.0000,0.0000,144.1700,0.0000,0.0000,6.4100,64.1600,53.0700,73.7500,48.1000,24.1200,8.6600,19.0700,11.7400,18.8400,41.7300,0.0000,0.0000,0.0000,0.0000,4.0600,40.0400,12.9800,5.2100,0.0000,15.3800,0.0000,0.0000,2.6600,28.0400,9.6900,0.0000,0.0000,0.0000,19.6800,16.4000,17.4700,20.9300,0.0000,18.1000,25.5600,13.7500,34.9900,5.0300,0.0000,1.4600,0.0000,0.0000,0.0000,0.0000,0.0300,0.0000,38.4200,0.0000,0.0000,0.0000,0.0000,0.0000,0.0000,0.0000,40.0100,0.0000,0.0000,0.0000,0.0000,0.0000,0.0000,0.0000,12.3300,39.6600,0.0000,2.5100,3.1500,0.0000,5.7700,10.2214,27.2600,0.0000,0.0000,0.0000,0.0000,0.0000,0.0000,0.0000,0.0000,0.0000,0.0000,2.9100,1.5200,9.8100,0.0000,0.0000,1323.9065,643.61,0.00,16.2202,0.00,1951.2963
18,BRPL,64DSBRPL2025/07/24,0.0000,0.0000,0.0000,0.0000,0.0000,0.0000,0.0000,0.0000,58.7400,0.0000,12.2259,42.5492,0.0000,0.0000,0.0000,0.0000,38.0800,11.5300,77.9300,0.0000,84.0000,0.0000,0.0000,0.0000,0.0000,0.0000,0.0000,0.0000,0.0000,0.0000,0.0000,0.0000,144.1700,0.0000,0.0000,6.4100,64.1600,53.0700,73.7500,48.1000,24.1200,8.6600,19.0700,11.7300,18.8400,41.7300,0.0000,0.0000,0.0000,0.0000,4.0600,40.0400,12.9800,5.2100,0.0000,15.3800,0.0000,0.0000,2.6600,28.0400,9.6900,0.0000,0.0000,0.0000,19.6800,16.4000,17.4700,20.9300,0.0000,18.1000,25.5600,13.7500,34.9900,5.0300,0.0000,1.4600,0.0000,0.0000,0.0000,0.0000,0.0300,0.0000,39.0200,0.0000,0.0000,0.0000,0.0000,0.0000,0.0000,0.0000,40.0100,0.0000,0.0000,0.0000,0.0000,0.0000,0.0000,0.0000,12.3300,39.3400,0.0000,2.5100,3.1500,0.0000,5.7700,10.2214,28.2700,0.0000,0.0000,0.0000,0.0000,0.0000,0.0000,0.0000,0.0000,0.0000,0.0000,2.9100,1.5200,9.8100,0.0000,0.0000,1325.1865,631.26,0.00,16.4615,0.00,1939.9850
19,BRPL,64DSBRPL2025/07/24,0.0000,0.0000,0.0000,0.0000,0.0000,0.0000,0.0000,0.0000,58.7400,0.0000,12.2259,42.5492,0.0000,0.0000,0.0000,0.0000,38.0800,11.5300,77.9300,0.0000,84.0000,0.0000,0.0000,0.0000,0.0000,0.0000,0.0000,0.0000,0.0000,0.0000,0.0000,0.0000,144.1700,0.0000,0.0000,6.4100,64.1600,53.0700,73.7500,48.1000,24.1200,8.6500,19.0700,11.7300,18.8400,41.7300,0.0000,0.0000,0.0000,0.0000,4.0600,40.0400,6.3900,5.2100,0.0000,15.3800,0.0000,0.0000,2.6600,28.0400,9.6900,0.0000,0.0000,0.0000,19.6800,16.4000,17.4700,20.9300,0.0000,18.1000,25.5600,15.6200,34.9900,5.0300,0.0000,1.4600,0.0000,0.0000,0.0000,0.0000,0.0300,0.0000,43.0200,0.0000,0.0000,0.0000,0.0000,0.0000,0.0000,0.0000,40.5000,0.0000,0.0000,0.0000,0.0000,0.0000,0.0000,0.0000,12.3300,39.0000,0.0000,2.5100,3.1500,0.0000,5.7700,10.2214,28.2700,0.0000,0.0000,0.0000,0.0000,0.0000,0.0000,0.0000,0.0000,0.0000,0.0000,2.9100,1.5200,9.8100,0.0000,0.0000,1324.6065,581.97,0.00,16.1817,0.00,1890.3948
20,BRPL,64DSBRPL2025/07/24,0.0000,0.0000,0.0000,0.0000,0.0000,0.0000,0.0000,0.0000,58.7400,0.0000,12.2259,42.5492,0.0000,0.0000,0.0000,0.0000,38.0800,11.5300,77.9300,0.0000,84.0000,0.0000,0.0000,0.0000,0.0000,0.0000,0.0000,0.0000,0.0000,0.0000,0.0000,0.0000,96.1100,0.0000,0.0000,6.2400,64.1600,53.0700,73.7500,48.1000,24.1200,8.6500,19.0700,11.7300,18.8400,41.7300,0.0000,0.0000,0.0000,0.0000,4.0600,40.0400,6.3900,5.2100,0.0000,15.3800,0.0000,0.0000,2.6600,28.0400,9.6900,0.0000,0.0000,0.0000,19.6800,16.4000,17.4700,20.9300,0.0000,18.1000,25.5600,15.6200,34.9900,5.0300,0.0000,1.4600,0.0000,0.0000,0.0000,0.0000,0.0300,0.0000,43.0200,0.0000,0.0000,0.0000,0.0000,0.0000,0.0000,0.0000,40.9900,0.0000,0.0000,0.0000,0.0000,0.0000,0.0000,0.0000,12.0000,38.0000,0.0000,2.5100,3.1500,0.0000,5.7700,10.2214,28.2700,0.0000,0.0000,0.0000,0.0000,0.0000,0.0000,0.0000,0.0000,0.0000,0.0000,2.9100,1.5200,9.8100,0.0000,0.0000,1275.5365,614.97,0.00,15.5416,0.00,1874.9649
21,BRPL,64DSBRPL2025/07/24,0.0000,0.0000,0.0000,0.0000,0.0000,0.0000,0.0000,0.0000,58.7400,0.0000,12.2259,42.5492,0.0000,0.0000,0.0000,0.0000,38.0800,11.5300,77.9300,0.0000,84.0000,0.0000,0.0000,0.0000,0.0000,0.0000,0.0000,0.0000,0.0000,0.0000,0.0000,0.0000,48.0600,0.0000,0.0000,6.4100,64.1600,53.0700,73.7500,48.1000,24.1200,9.0100,19.1200,12.0500,18.8400,41.7300,0.0000,0.0000,0.0000,0.0000,4.0600,40.0400,6.3900,5.2100,0.0000,15.3800,0.0000,0.0000,2.6600,28.0400,9.5800,0.0000,0.0000,0.0000,19.6800,16.4000,17.4700,20.9300,0.0000,18.1000,25.5600,15.6200,34.9900,5.0300,0.0000,1.4600,0.0000,0.0000,0.0000,0.0000,0.0300,0.0000,43.0200,0.0000,0.0000,0.0000,0.0000,0.0000,0.0000,0.0000,34.9900,0.0000,0.0000,0.0000,0.0000,0.0000,0.0000,0.0000,11.6700,38.0000,0.0000,2.5100,3.1500,0.0000,5.7700,10.2214,28.2700,0.0000,0.0000,0.0000,0.0000,0.0000,0.0000,0.0000,0.0000,0.0000,0.0000,2.9100,1.5200,9.8100,0.0000,0.0000,1221.9465,647.97,0.00,14.8661,0.00,1855.0504
22,BRPL,64DSBRPL2025/07/24,0.0000,0.0000,0.0000,0.0000,0.0000,0.0000,0.0000,0.0000,58.7400,0.0000,12.2259,42.5492,0.0000,0.0000,0.0000,0.0000,38.0800,11.5300,77.9300,0.0000,84.0000,0.0000,0.0000,0.0000,0.0000,0.0000,0.0000,0.0000,0.0000,0.0000,0.0000,0.0000,48.0600,0.0000,0.0000,6.4100,64.1600,53.0700,73.7500,48.1000,24.1200,9.0100,19.8400,12.2100,18.8400,41.7300,0.0000,0.0000,0.0000,0.0000,4.0600,40.0400,6.3900,5.2100,0.0000,15.3800,0.0000,0.0000,2.6600,28.0400,9.5000,0.0000,0.0000,0.0000,19.6800,16.4000,17.4700,20.9300,0.0000,18.1000,25.5600,15.6200,34.9900,5.0300,0.0000,1.4600,0.0000,0.0000,0.0000,0.0000,0.0300,0.0000,43.0200,0.0000,0.0000,0.0000,0.0000,0.0000,0.0000,0.0000,34.9900,0.0000,0.0000,0.0000,0.0000,0.0000,0.0000,0.0000,11.3300,37.6600,0.0000,2.5100,3.1500,0.0000,5.7700,10.2214,28.2700,0.0000,0.0000,0.0000,0.0000,0.0000,0.0000,0.0000,0.0000,0.0000,0.0000,2.9100,1.5200,9.8100,0.0000,0.0000,1222.0665,647.97,0.00,14.8671,0.00,1855.1694
23,BRPL,64DSBRPL2025/07/24,0.0000,0.0000,0.0000,0.0000,0.0000,0.0000,0.0000,0.0000,58.7400,0.0000,12.2259,42.5492,0.0000,0.0000,0.0000,0.0000,38.0800,11.5300,77.9300,0.0000,84.0000,0.0000,0.0000,0.0000,0.0000,0.0000,0.0000,0.0000,0.0000,0.0000,0.0000,0.0000,96.1100,0.0000,0.0000,6.4100,64.1600,53.0700,73.7500,48.1000,24.1200,9.1600,19.0700,12.1100,18.8400,41.7300,0.0000,0.0000,0.0000,0.0000,4.0600,40.0400,6.3900,5.2100,0.0000,15.3800,0.0000,0.0000,2.6600,28.0400,9.4300,0.0000,0.0000,0.0000,19.6800,16.4000,17.4700,20.9300,0.0000,18.1000,25.5600,15.6200,34.9900,5.0300,0.0000,1.4600,0.0000,0.0000,0.0000,0.0000,0.0300,0.0000,43.0200,0.0000,0.0000,0.0000,0.0000,0.0000,0.0000,0.0000,34.9900,0.0000,0.0000,0.0000,0.0000,0.0000,0.0000,0.0000,10.6700,30.0000,0.0000,2.5100,3.1500,0.0000,5.7700,10.2214,27.2600,0.0000,0.0000,0.0000,0.0000,0.0000,0.0000,0.0000,0.0000,0.0000,0.0000,2.9100,1.5200,9.8100,0.0000,0.0000,1259.9965,583.01,0.00,15.6547,0.00,1827.3518
24,BRPL,64DSBRPL2025/07/24,0.0000,0.0000,0.0000,0.0000,0.0000,0.0000,0.0000,0.0000,58.7400,0.0000,12.2259,42.5492,0.0000,0.0000,0.0000,0.0000,38.0800,11.5300,77.9300,0.0000,84.0000,0.0000,0.0000,0.0000,0.0000,0.0000,0.0000,0.0000,0.0000,0.0000,0.0000,0.0000,153.7800,0.0000,0.0000,6.4100,64.1600,53.0700,73.7500,48.1000,24.1200,9.2300,19.0700,12.1100,18.8400,41.7300,0.0000,0.0000,0.0000,0.0000,4.0600,40.0400,6.3900,5.2100,0.0000,15.3800,0.0000,0.0000,2.6600,28.0400,9.3100,0.0000,0.0000,0.0000,19.6800,16.4000,17.4700,20.9300,0.0000,18.1000,25.5600,16.4900,34.9900,5.0300,0.0000,1.4600,0.0000,0.0000,0.0000,0.0000,0.0300,0.0000,43.0200,0.0000,0.0000,0.0000,0.0000,0.0000,0.0000,0.0000,34.9900,0.0000,0.0000,0.0000,0.0000,0.0000,0.0000,0.0000,10.3300,30.6600,0.0000,2.5100,3.1500,0.0000,5.7700,10.2214,27.2600,0.0000,0.0000,0.0000,0.0000,0.0000,0.0000,0.0000,0.0000,0.0000,0.0000,2.9100,1.5200,9.8100,0.0000,0.0000,1318.8065,515.41,0.00,16.6562,0.00,1817.5603
25,BRPL,64DSBRPL2025/07/24,0.0000,0.0000,0.0000,0.0000,0.0000,0.0000,0.0000,0.0000,58.7400,0.0000,12.2259,40.4268,0.0000,0.0000,0.0000,0.0000,38.0800,11.5300,77.9300,0.0000,84.0000,0.0000,0.0000,0.0000,0.0000,0.0000,0.0000,0.0000,0.0000,0.0000,0.0000,0.0000,144.1600,0.0000,0.0000,6.1600,64.1600,53.0700,73.7500,48.1000,24.1200,9.1600,19.0700,11.7300,18.8400,41.7300,0.0000,0.0000,0.0000,0.0000,4.0600,40.0400,6.3900,5.2100,0.0000,15.3800,0.0000,0.0000,2.6600,28.0400,9.1800,0.0000,0.0000,0.0000,19.6800,16.4000,17.4700,20.9300,0.0000,18.1000,25.5600,16.4900,34.9900,5.0300,0.0000,1.4600,0.0000,0.0000,0.0000,0.0000,0.0300,0.0000,43.0200,3.9600,0.0000,0.0000,0.0000,0.0000,0.0000,0.0000,34.9900,0.0000,0.0000,0.3600,0.0000,1.0000,0.0000,0.0000,9.6700,31.0000,0.0000,2.5100,3.1500,0.0000,5.7700,10.2214,27.2600,0.0000,0.0000,0.0000,0.0000,0.0000,0.0000,0.0000,0.0000,0.0000,0.0000,2.9100,1.5200,9.8100,0.0000,0.0000,1311.2341,559.01,0.00,16.2574,0.00,1853.9867
26,BRPL,64DSBRPL2025/07/24,0.0000,0.0000,0.0000,0.0000,0.0000,0.0000,0.0000,0.0000,58.7400,0.0000,12.2259,40.4268,0.0000,0.0000,0.0000,0.0000,38.0800,12.0000,77.9300,0.0000,84.0000,0.0000,0.0000,0.0000,0.0000,0.0000,0.0000,0.0000,0.0000,0.0000,0.0000,0.0000,171.2600,0.0000,0.0000,6.4100,64.1600,53.0700,73.7500,48.1000,24.1200,9.4600,19.0700,11.9900,18.8400,41.7300,0.0000,0.0000,0.0000,0.0000,4.0600,40.0400,6.3900,5.2100,0.0000,15.3800,0.0000,0.0000,2.6600,28.0400,9.0400,0.0000,0.0000,0.0000,22.3500,16.4000,17.4700,20.9300,0.0000,18.1000,25.5600,16.4900,34.9900,5.0300,0.0000,1.4600,0.0000,0.0000,0.0000,0.0000,0.0300,0.0000,43.0200,8.7352,0.0000,0.0000,0.0000,0.0000,0.0000,0.0000,34.9900,0.0000,0.0000,3.2200,0.0000,2.0000,0.0000,0.0000,9.3300,31.6600,0.0000,2.5100,3.1500,0.0000,5.7700,10.2214,27.2600,0.0000,0.0000,0.0000,0.0000,0.0000,0.0000,0.0000,0.0000,0.0000,0.0000,2.9100,1.5200,9.8100,0.0000,0.0000,1351.0993,557.01,0.00,16.6091,0.00,1891.5002
27,BRPL,64DSBRPL2025/07/24,0.0000,0.0000,0.0000,0.0000,0.0000,0.0000,0.0000,0.0000,58.7400,0.0000,12.2259,40.4268,0.0000,0.0000,0.0000,0.0000,38.0800,11.5700,77.9300,0.0000,84.0000,0.0000,0.0000,0.0000,0.0000,0.0000,0.0000,0.0000,0.0000,0.0000,0.0000,0.0000,118.4900,0.0000,0.0000,6.4100,64.1600,53.0700,73.7500,48.1000,24.1200,9.1600,19.0700,11.9900,18.8400,41.7300,0.0000,0.0000,0.0000,0.0000,4.0600,40.0400,6.3900,5.2100,0.0000,15.3800,0.0000,0.0000,2.6600,28.0400,9.0300,0.0000,0.0000,0.0000,22.3500,16.4000,17.4700,20.9300,0.0000,18.1000,25.5600,16.4900,34.9900,5.0300,0.0000,1.4600,0.0000,0.0000,0.0000,0.0000,0.0300,0.0000,43.0200,21.8453,0.0000,0.0000,0.0000,0.0000,0.0000,0.0000,34.9900,0.0000,0.0000,7.8700,0.0000,3.0000,0.0000,0.0000,9.0000,32.3400,0.0000,2.5100,3.1500,0.0000,5.7700,10.2214,26.2500,0.0000,0.0000,0.0000,0.0000,0.0000,0.8600,0.0000,0.0000,0.0000,0.0000,2.9100,1.5200,9.8100,0.0000,0.0000,1316.5494,588.01,0.00,16.0580,0.00,1888.5014
28,BRPL,64DSBRPL2025/07/24,0.0000,0.0000,0.0000,0.0000,0.0000,0.0000,0.0000,0.0000,58.7400,0.0000,12.2259,42.5492,0.0000,0.0000,0.0000,0.0000,38.0800,11.5700,77.9300,0.0000,84.0000,0.0000,0.0000,0.0000,0.0000,0.0000,0.0000,0.0000,0.0000,0.0000,0.0000,0.0000,28.8300,0.0000,0.0000,6.4100,64.1600,53.0700,73.7500,48.1000,24.1200,9.1600,19.0700,11.9900,18.8400,41.7300,0.0000,0.0000,0.0000,0.0000,4.0600,40.0400,6.3900,5.2100,0.0000,15.3800,0.0000,0.0000,2.6600,28.0400,9.1400,0.0000,0.0000,0.0000,22.3500,16.4000,17.4700,20.9300,0.0000,18.1000,25.5600,16.4900,34.9900,5.0300,0.0000,1.4600,0.0000,0.0000,0.0000,0.0000,0.0300,0.0000,43.0200,30.8000,0.0000,0.0000,0.0000,0.0000,0.0000,0.0000,33.4900,0.0000,0.0000,14.6700,0.0000,6.0000,0.0000,0.0000,9.0000,33.3400,0.0000,2.5100,3.1500,0.0000,5.7700,10.2214,25.2400,0.0000,0.0000,0.0000,0.0000,0.0000,1.2600,0.0000,0.0000,0.0000,0.0000,2.9100,1.5200,9.8100,0.0000,0.0000,1246.7665,658.01,0.00,14.9446,0.00,1889.8319
29,BRPL,64DSBRPL2025/07/24,0.0000,0.0000,0.0000,0.0000,0.0000,0.0000,0.0000,0.0000,58.7400,0.0000,12.2259,42.5492,0.0000,0.0000,0.0000,0.0000,38.0800,2.8900,77.9300,0.0000,84.0000,0.0000,0.0000,0.0000,0.0000,0.0000,0.0000,0.0000,0.0000,0.0000,0.0000,0.0000,0.0000,0.0000,0.0000,6.2400,64.1600,53.0700,73.7500,48.1000,24.1200,5.1500,10.6800,6.4800,18.8400,41.7300,0.0000,0.0000,0.0000,0.0000,4.0600,30.0300,6.3900,5.2100,0.0000,15.3800,0.0000,0.0000,2.6600,28.0400,9.2100,0.0000,0.0000,0.0000,20.1300,16.4000,17.4700,20.9300,0.0000,18.1000,25.5600,16.4900,34.9900,5.0300,0.0000,1.4600,0.0000,0.0000,0.0000,0.0000,0.0300,0.0000,43.0200,35.5600,0.0000,0.0000,0.0000,0.0000,0.0000,0.0000,33.0000,0.0000,0.0000,23.2500,0.0000,11.0000,0.0000,0.0000,9.6700,27.3400,0.0000,2.5100,3.1500,0.0000,5.7700,10.2214,25.2400,0.0000,0.0000,0.0000,0.0000,0.0000,1.8200,0.0000,0.0000,0.0000,0.0000,2.9100,0.7700,9.8100,0.0000,0.0000,1191.3465,716.83,0.00,14.7000,0.00,1893.4765
30,BRPL,64DSBRPL2025/07/24,0.0000,0.0000,0.0000,0.0000,0.0000,0.0000,0.0000,0.0000,58.7400,0.0000,12.2259,42.5492,0.0000,0.0000,0.0000,0.0000,38.0800,2.8900,77.9300,0.0000,84.0000,0.0000,0.0000,0.0000,0.0000,0.0000,0.0000,0.0000,0.0000,0.0000,0.0000,0.0000,0.0000,0.0000,0.0000,6.4100,64.1600,53.0700,73.7500,48.1000,24.1200,5.2000,10.6800,6.6000,18.8400,41.7300,0.0000,0.0000,0.0000,0.0000,4.0600,20.0200,6.3900,5.2100,0.0000,15.3800,0.0000,0.0000,2.6600,28.0400,9.2600,0.0000,0.0000,0.0000,20.1300,16.4000,17.4700,20.9300,0.0000,18.1000,25.5600,15.6200,34.9900,5.0300,0.0000,1.4600,0.0000,0.0000,0.0000,0.0000,0.0300,0.0000,43.0200,38.5000,0.0000,0.0000,0.0000,0.0000,0.0000,0.0000,32.5100,0.0000,0.0000,33.0200,0.0000,13.0000,0.0000,0.0000,10.6700,28.0000,0.0000,2.5100,3.1500,0.0000,5.7700,10.2214,26.2500,0.0000,0.0000,0.0000,0.0000,0.0000,2.4000,0.0000,0.0000,0.0000,0.0000,2.9100,0.7700,9.8100,0.0000,0.0000,1198.3265,706.53,0.00,14.6512,0.00,1890.2053
31,BRPL,64DSBRPL2025/07/24,0.0000,0.0000,0.0000,0.0000,0.0000,0.0000,0.0000,0.0000,58.7400,0.0000,12.2259,42.5492,0.0000,0.0000,0.0000,0.0000,38.0800,2.8900,77.9300,0.0000,84.0000,0.0000,0.0000,0.0000,0.0000,0.0000,0.0000,0.0000,0.0000,0.0000,0.0000,0.0000,0.0000,0.0000,0.0000,6.1900,64.1600,53.0700,73.7500,48.1000,24.1200,5.7700,10.6100,6.4900,19.2200,41.7300,0.0000,0.0000,0.0000,0.0000,4.0600,9.8700,6.3900,5.2100,0.0000,15.3800,0.0000,0.0000,2.6600,28.0400,9.3500,0.0000,0.0000,0.0000,20.1300,16.4000,17.7900,20.9300,0.0000,18.1000,25.5600,15.6200,34.9900,5.0300,0.0000,1.4600,0.0000,0.0000,0.0000,0.0000,0.0300,0.0000,43.0200,41.5002,0.0000,0.0000,0.0000,0.0000,0.0000,0.0000,25.0100,0.0000,0.0000,44.6200,0.0000,19.0000,0.0000,0.0000,10.0000,28.6600,0.0000,2.5100,3.1500,0.0000,5.7700,10.2214,27.2600,0.0000,0.0000,0.0000,0.0000,0.0000,2.9800,0.0000,0.0000,0.0000,0.0000,2.9100,0.7700,9.8100,0.0000,0.0000,1203.8167,718.88,0.00,14.7669,0.00,1907.9298
32,BRPL,64DSBRPL2025/07/24,0.0000,0.0000,0.0000,0.0000,0.0000,0.0000,0.0000,0.0000,58.7400,0.0000,12.2259,42.5492,0.0000,0.0000,0.0000,0.0000,38.0800,2.8900,77.9300,0.0000,84.0000,0.0000,0.0000,0.0000,0.0000,0.0000,0.0000,0.0000,0.0000,0.0000,0.0000,0.0000,0.0000,0.0000,0.0000,6.1600,64.1600,53.0700,73.7500,48.1000,24.1200,5.7700,10.9000,6.9800,19.2200,41.7300,0.0000,0.0000,0.0000,0.0000,4.0600,0.0000,6.3900,5.2100,0.0000,15.3800,0.0000,0.0000,2.6600,28.0400,9.4700,0.0000,0.0000,0.0000,20.1300,16.4000,17.7900,20.9300,0.0000,18.1000,25.5600,15.6200,34.9900,5.0300,0.0000,1.4600,0.0000,0.0000,0.0000,0.0000,0.0300,0.0000,43.0200,45.3456,0.0000,0.0000,0.0000,0.0000,0.0000,0.0000,25.9900,0.0000,0.0000,56.6900,0.0000,23.0000,0.0000,0.0000,10.0000,29.3400,0.0000,2.5100,3.1500,0.0000,5.7700,10.2214,28.2700,0.0000,0.0000,0.0000,0.0000,0.0000,3.4900,0.0000,0.0000,0.0000,0.0000,2.9100,0.7700,9.8100,0.0000,0.0000,1217.9121,736.72,0.00,14.9860,0.00,1939.6461
33,BRPL,64DSBRPL2025/07/24,0.0000,0.0000,0.0000,0.0000,0.0000,0.0000,0.0000,0.0000,58.7400,0.0000,12.2259,42.5492,0.0000,0.0000,0.0000,0.0000,38.0800,2.8900,77.9300,0.0000,84.0000,0.0000,0.0000,0.0000,0.0000,0.0000,0.0000,0.0000,0.0000,0.0000,0.0000,0.0000,0.0000,0.0000,0.0000,6.1600,64.1600,53.0700,73.7500,48.1000,23.9500,5.7700,13.1000,6.9800,19.2200,41.7300,0.0000,0.0000,0.0000,0.0000,3.9000,0.0000,6.3900,5.2100,0.0000,15.3800,0.0000,0.0000,2.6600,28.0400,9.4700,0.0000,0.0000,0.0000,20.1300,16.4000,17.7900,20.9300,5.0200,18.1000,25.5600,14.3700,34.9900,5.0300,0.0000,1.4600,0.0000,0.0000,0.0000,0.0000,0.0300,0.0000,43.0200,47.5002,0.0000,0.0000,0.0000,0.0000,0.0000,0.0000,27.4900,0.0000,0.0000,70.8900,0.0000,30.0000,0.0000,0.0000,10.6700,30.0000,0.0000,2.5100,3.1500,0.0000,5.7700,10.2214,28.2700,0.0000,0.0000,0.0000,0.0000,0.0000,4.1700,0.0000,0.0000,0.0000,0.0000,2.9100,0.7700,9.8100,0.0000,-57.5800,1192.8367,788.82,0.00,15.1800,0.00,1966.4767
34,BRPL,64DSBRPL2025/07/24,0.0000,0.0000,0.0000,0.0000,0.0000,0.0000,0.0000,0.0000,58.7400,0.0000,11.2259,42.5492,0.0000,0.0000,0.0000,0.0000,38.0800,2.8900,77.9300,0.0000,84.0000,0.0000,0.0000,0.0000,0.0000,0.0000,0.0000,0.0000,0.0000,0.0000,0.0000,0.0000,0.0000,0.0000,0.0000,6.1600,64.1600,53.0700,73.7500,48.1000,24.1200,5.7700,13.1000,6.9800,19.2200,41.7300,0.0000,0.0000,0.0000,0.0000,3.9000,0.0000,6.3900,5.2100,0.0000,15.3800,0.0000,0.0000,2.6600,28.0400,9.4700,0.0000,0.0000,0.0000,21.9700,16.4000,17.7900,20.9300,5.0200,18.1000,25.5600,14.3700,34.9900,5.0300,0.0000,1.4600,0.0000,0.0000,0.0000,0.0000,0.0300,0.0000,43.0200,47.5002,0.0000,0.0000,0.0000,0.0000,0.0000,0.0000,28.5000,0.0000,0.0000,84.1500,0.0000,35.0000,0.0000,0.0000,10.6700,30.0000,0.0000,2.5100,3.1500,0.0000,5.7700,10.2214,28.2700,0.0000,0.0000,0.0000,0.0000,0.0000,4.7300,0.0000,0.0000,0.0000,0.0000,2.9100,0.7700,9.8100,0.0000,-57.5800,1213.6767,788.14,0.00,15.3373,0.00,1986.4794
35,BRPL,64DSBRPL2025/07/24,0.0000,0.0000,0.0000,0.0000,0.0000,0.0000,0.0000,0.0000,58.7400,0.0000,11.2259,42.5492,0.0000,0.0000,0.0000,0.0000,38.0800,2.8900,77.9300,0.0000,84.0000,0.0000,0.0000,0.0000,0.0000,0.0000,0.0000,0.0000,0.0000,0.0000,0.0000,0.0000,0.0000,0.0000,0.0000,6.1600,64.1600,53.0700,73.7500,48.1000,24.1200,5.7700,13.1000,6.9800,19.2200,41.7300,0.0000,0.0000,0.0000,0.0000,3.9000,0.0000,6.3900,5.2100,0.0000,15.3800,0.0000,0.0000,2.6600,28.0400,9.6200,0.0000,0.0000,0.0000,21.9700,16.4000,17.7900,20.9300,5.0200,18.1000,25.5600,9.3700,34.9900,5.0300,0.0000,1.4600,0.0000,0.0000,0.0000,0.0000,0.0300,0.0000,43.0200,47.5002,0.0000,0.0000,0.0000,0.0000,0.0000,0.0000,30.0000,0.0000,0.0000,97.7400,0.0000,40.0000,0.0000,0.0000,11.0000,30.0000,0.0000,2.5100,3.1500,0.0000,5.7700,10.2214,27.2600,0.0000,0.0000,0.0000,0.0000,0.0000,5.3600,0.0000,0.0000,0.0000,0.0000,2.9100,0.7700,9.8100,0.0000,-57.5800,1228.8667,795.42,0.00,15.5125,0.00,2008.7742
36,BRPL,64DSBRPL2025/07/24,0.0000,0.0000,0.0000,0.0000,0.0000,0.0000,0.0000,0.0000,58.7400,0.0000,11.2259,42.5492,0.0000,0.0000,0.0000,0.0000,38.0800,2.8900,77.9300,0.0000,84.0000,0.0000,0.0000,0.0000,0.0000,0.0000,0.0000,0.0000,0.0000,0.0000,0.0000,0.0000,0.0000,0.0000,0.0000,6.1600,64.1600,53.0700,73.7500,48.1000,24.1200,5.7700,13.1000,6.9800,19.2200,41.7300,0.0000,0.0000,0.0000,0.0000,3.9000,0.0000,6.3900,5.2100,0.0000,15.3800,0.0000,0.0000,2.6600,28.0400,10.5100,0.0000,0.0000,0.0000,21.9700,16.4000,17.7900,20.9300,5.0200,18.1000,25.5600,9.3700,34.9900,5.0300,0.0000,1.4600,0.0000,0.0000,0.0000,0.0000,0.0300,0.0000,43.0200,47.5002,0.0000,0.0000,0.0000,0.0000,0.0000,0.0000,31.0100,0.0000,0.0000,110.3500,0.0000,45.0000,0.0000,0.0000,11.3300,30.3400,0.0000,2.5100,3.1500,0.0000,5.7700,10.2214,27.2600,0.0000,0.0000,0.0000,0.0000,0.0000,6.0500,0.0000,0.0000,0.0000,0.0000,2.9100,0.7700,9.8100,0.0000,-57.5800,1249.7367,795.84,0.00,15.6786,0.00,2029.8981
37,BRPL,64DSBRPL2025/07/24,0.0000,0.0000,0.0000,0.0000,0.0000,0.0000,0.0000,0.0000,58.7400,0.0000,11.2259,42.5492,0.0000,0.0000,0.0000,0.0000,38.0800,2.8900,77.9300,0.0000,84.0000,0.0000,0.0000,0.0000,0.0000,0.0000,0.0000,0.0000,0.0000,0.0000,0.0000,0.0000,0.0000,0.0000,0.0000,6.1600,64.1600,53.0700,73.7500,48.1000,24.1200,5.7700,13.1000,6.9800,19.2200,41.7300,0.0000,0.0000,0.0000,0.0000,3.9000,0.0000,6.3900,5.2100,0.0000,15.3800,0.0000,0.0000,2.6600,28.0400,10.5100,0.0000,0.0000,0.0000,21.9700,16.4000,17.7900,20.9300,10.0300,18.1000,25.5600,13.9500,34.9900,5.0300,0.0000,1.4600,0.0000,0.0000,0.0000,0.0000,0.0300,0.0000,43.0200,47.5002,0.0000,0.0000,0.0000,0.0000,0.0000,0.0000,32.5100,0.0000,0.0000,124.0900,0.0000,54.0000,0.0000,0.0000,8.3300,30.6600,0.0000,2.5100,3.1500,0.0000,5.7700,10.2214,28.2700,0.0000,0.0000,0.0000,0.0000,0.0000,6.7500,0.0000,0.0000,0.0000,0.0000,2.9100,0.7700,9.8100,0.0000,-57.5800,1282.5967,784.54,0.00,15.8468,0.00,2051.2899
38,BRPL,64DSBRPL2025/07/24,0.0000,0.0000,0.0000,0.0000,0.0000,0.0000,0.0000,0.0000,58.7400,0.0000,11.2259,42.5492,0.0000,0.0000,0.0000,0.0000,38.0800,2.8900,77.9300,0.0000,84.0000,0.0000,0.0000,0.0000,0.0000,0.0000,0.0000,0.0000,0.0000,0.0000,0.0000,0.0000,0.0000,0.0000,0.0000,6.1600,64.1600,53.0700,73.7500,48.1000,24.1200,5.7700,13.1000,6.9800,19.2200,41.7300,0.0000,0.0000,0.0000,0.0000,3.9000,0.0000,6.3900,5.2100,0.0000,15.3800,0.0000,0.0000,2.6600,28.0400,10.5100,0.0000,0.0000,0.0000,20.1300,16.4000,17.7900,20.9300,10.0300,18.1000,25.5600,13.9500,34.9900,5.0300,0.0000,1.4600,0.0000,0.0000,0.0000,0.0000,0.0300,0.0000,43.0200,47.5002,0.0000,0.0000,0.0000,0.0000,0.0000,0.0000,33.4900,0.0000,0.0000,137.6300,0.0000,58.0000,0.0000,0.0000,8.3300,30.6600,0.0000,2.5100,3.1500,0.0000,5.7700,10.2214,28.2700,0.0000,0.0000,0.0000,0.0000,0.0000,7.2300,0.0000,0.0000,0.0000,0.0000,2.9100,0.7700,9.8100,0.0000,-57.5800,1299.7567,835.06,0.00,16.3747,0.00,2118.4420
39,BRPL,64DSBRPL2025/07/24,0.0000,0.0000,0.0000,0.0000,0.0000,0.0000,0.0000,0.0000,59.1800,0.0000,11.2259,42.5492,0.0000,0.0000,0.0000,0.0000,38.0800,2.8900,77.9300,0.0000,84.0000,0.0000,0.0000,0.0000,0.0000,0.0000,0.0000,0.0000,0.0000,0.0000,0.0000,0.0000,0.0000,0.0000,0.0000,6.1600,64.1600,53.0700,73.7500,48.1000,24.1200,5.7700,13.1000,6.9800,19.2200,41.7300,0.0000,0.0000,0.0000,0.0000,3.9000,0.0000,6.3900,5.2100,0.0000,15.3800,0.0000,0.0000,2.6600,28.0400,10.5100,0.0000,0.0000,0.0000,20.1300,16.4000,17.7900,20.9300,10.0300,18.1000,25.5600,13.9500,34.9900,5.0300,0.0000,1.4600,0.0000,0.0000,0.0000,0.0000,0.0300,0.0000,43.0200,47.5002,0.0000,0.0000,0.0000,0.0000,0.0000,0.0000,34.9900,0.0000,0.0000,151.7900,0.0000,57.0000,0.0000,0.0000,8.6700,30.6600,0.0000,2.5100,3.1500,0.0000,5.7700,10.2214,26.2500,0.0000,0.0000,0.0000,0.0000,0.0000,8.0100,0.0000,0.0000,0.0000,0.0000,2.9100,0.7700,9.8100,0.0000,-57.5800,1313.9567,868.28,0.00,16.7445,0.00,2165.4922
40,BRPL,64DSBRPL2025/07/24,0.0000,0.0000,0.0000,0.0000,0.0000,0.0000,0.0000,0.0000,59.1400,0.0000,11.2259,39.7351,0.0000,0.0000,0.0000,0.0000,38.0800,2.8900,77.9300,0.0000,84.0000,0.0000,0.0000,0.0000,0.0000,0.0000,0.0000,0.0000,0.0000,0.0000,0.0000,0.0000,0.0000,0.0000,0.0000,6.1600,64.1600,53.0700,73.7500,48.1000,24.1200,5.7700,13.1000,6.9800,19.2200,41.7300,0.0000,0.0000,0.0000,0.0000,3.9000,0.0000,6.3900,5.2100,0.0000,15.3800,0.0000,0.0000,2.6600,28.0400,10.5100,0.0000,0.0000,0.0000,20.1300,16.4000,17.7900,20.9300,10.0300,18.1000,25.5600,13.9500,34.9900,5.0300,0.0000,1.4600,0.0000,0.0000,0.0000,0.0000,0.0300,0.0000,43.0200,47.5002,0.0000,0.0000,0.0000,0.0000,0.0000,0.0000,36.0000,0.0000,0.0000,163.2300,0.0000,60.0000,0.0000,0.0000,8.6700,30.6600,0.0000,2.5100,3.1500,0.0000,5.7700,10.2214,26.2500,0.0000,0.0000,0.0000,0.0000,0.0000,8.7800,0.0000,0.0000,0.0000,0.0000,2.9100,0.7700,9.8100,0.0000,-57.5800,1327.3226,913.89,0.00,17.2046,0.00,2224.0080
41,BRPL,64DSBRPL2025/07/24,0.0000,0.0000,0.0000,0.0000,0.0000,0.0000,0.0000,0.0000,58.7400,0.0000,10.2259,39.2053,0.0000,0.0000,0.0000,0.0000,38.0800,2.8900,77.9300,0.0000,84.0000,0.0000,0.0000,0.0000,0.0000,0.0000,0.0000,0.0000,0.0000,0.0000,0.0000,0.0000,0.0000,0.0000,0.0000,6.1600,64.1600,53.0700,73.7500,48.1000,24.1200,5.7700,13.1000,6.9800,19.2200,41.7300,0.0000,0.0000,0.0000,0.0000,3.9000,0.0000,6.3900,5.2100,0.0000,15.3800,0.0000,0.0000,2.6600,28.0400,10.5500,0.0000,0.0000,0.0000,20.1300,16.4000,17.7900,20.9300,10.0300,18.1000,25.5600,13.3200,34.9900,5.0300,0.0000,1.4600,0.0000,0.0000,0.0000,0.0000,0.0300,0.0000,43.0200,47.5002,0.0000,0.0000,0.0000,0.0000,0.0000,0.0000,37.5000,0.0000,0.0000,185.2200,0.0000,68.0000,0.0000,0.0000,9.0000,30.6600,0.0000,2.5100,3.1500,0.0000,5.7700,10.2214,26.2500,0.0000,0.0000,0.0000,0.0000,0.0000,9.6000,0.0000,0.0000,0.0000,0.0000,2.9100,0.7700,9.8100,0.0000,-57.5800,1357.4428,922.60,0.00,17.5074,0.00,2262.5354
42,BRPL,64DSBRPL2025/07/24,0.0000,0.0000,0.0000,0.0000,0.0000,0.0000,0.0000,0.0000,58.7400,0.0000,10.2259,39.2053,0.0000,0.0000,0.0000,0.0000,38.0800,2.8900,77.9300,0.0000,84.0000,0.0000,0.0000,0.0000,0.0000,0.0000,0.0000,0.0000,0.0000,0.0000,0.0000,0.0000,0.0000,0.0000,0.0000,6.1600,64.1600,53.0700,73.7500,48.1000,24.1200,5.7700,13.1000,6.9800,19.2200,41.7300,0.0000,0.0000,0.0000,0.0000,3.9000,0.0000,6.3900,5.2100,0.0000,15.3800,0.0000,0.0000,2.6600,28.0400,10.5500,0.0000,0.0000,0.0000,21.9700,16.4000,17.7900,20.9300,10.0300,18.1000,25.5600,13.3200,34.9900,5.0300,0.0000,1.4600,0.0000,0.0000,0.0000,0.0000,0.0300,0.0000,43.0200,47.5002,0.0000,0.0000,0.0000,0.0000,0.0000,0.0000,37.0100,0.0000,0.0000,195.9200,0.0000,75.0000,0.0000,0.0000,9.3300,31.0000,0.0000,2.5100,3.1500,0.0000,5.7700,10.2214,26.2500,0.0000,0.0000,0.0000,0.0000,0.0000,10.1900,0.0000,0.0000,0.0000,0.0000,2.9100,0.7700,9.8100,0.0000,-57.5800,1377.7528,942.21,0.00,17.8188,0.00,2302.1440
43,BRPL,64DSBRPL2025/07/24,0.0000,0.0000,0.0000,0.0000,0.0000,0.0000,0.0000,0.0000,58.7400,0.0000,10.2259,41.7451,0.0000,0.0000,0.0000,0.0000,38.0800,2.8900,77.9300,0.0000,84.0000,0.0000,0.0000,0.0000,0.0000,0.0000,0.0000,0.0000,0.0000,0.0000,0.0000,0.0000,0.0000,0.0000,0.0000,6.1600,64.1600,53.0700,73.7500,48.1000,24.1200,5.7700,13.1000,6.9800,19.2200,41.7300,0.0000,0.0000,0.0000,0.0000,3.9000,0.0000,6.3900,5.2100,0.0000,15.3800,0.0000,0.0000,2.6600,28.0400,10.5500,0.0000,0.0000,0.0000,21.9700,16.4000,17.7900,20.9300,15.0600,18.1000,25.5600,13.3200,25.0000,5.0300,0.0000,1.4600,0.0000,0.0000,0.0000,0.0000,0.0300,0.0000,43.0200,47.5002,0.0000,0.0000,0.0000,0.0000,0.0000,0.0000,37.5000,0.0000,0.0000,207.5200,0.0000,81.0000,0.0000,0.0000,13.9600,31.3400,0.0000,2.5100,3.1500,0.0000,5.7700,10.2214,25.2400,0.0000,0.0000,0.0000,0.0000,0.0000,10.5800,0.0000,0.0000,0.0000,0.0000,2.9100,0.7700,9.8100,0.0000,-57.5800,1397.7726,913.64,0.00,17.7521,0.00,2293.6605
44,BRPL,64DSBRPL2025/07/24,0.0000,0.0000,0.0000,0.0000,0.0000,0.0000,0.0000,0.0000,58.7400,0.0000,10.2259,41.7451,0.0000,0.0000,0.0000,0.0000,38.0800,2.8900,77.9300,0.0000,84.0000,0.0000,0.0000,0.0000,0.0000,0.0000,0.0000,0.0000,0.0000,0.0000,0.0000,0.0000,0.0000,0.0000,0.0000,6.1600,64.1600,53.0700,73.7500,48.1000,24.1200,5.7700,13.1000,6.9800,19.2200,41.7300,0.0000,0.0000,0.0000,0.0000,3.9000,0.0000,6.3900,5.2100,0.0000,15.3800,0.0000,0.0000,2.6600,28.0400,10.5800,0.0000,0.0000,0.0000,20.1300,16.4000,17.7900,20.9300,15.0600,18.1000,25.5600,13.3200,25.0000,5.0300,0.0000,1.4600,0.0000,0.0000,0.0000,0.0000,0.0300,0.0000,43.0200,47.5002,0.0000,0.0000,0.0000,0.0000,0.0000,0.0000,37.9900,0.0000,0.0000,219.4200,0.0000,84.0000,0.0000,0.0000,14.1200,31.3400,0.0000,2.5100,3.1500,0.0000,5.7700,10.2214,25.2400,0.0000,0.0000,0.0000,0.0000,0.0000,10.9400,0.0000,0.0000,0.0000,0.0000,2.9100,0.7700,9.8100,0.0000,-57.5800,1411.8726,920.64,0.00,17.9167,0.00,2314.5959
45,BRPL,64DSBRPL2025/07/24,0.0000,0.0000,0.0000,0.0000,0.0000,0.0000,0.0000,0.0000,58.7400,0.0000,10.2259,41.7451,0.0000,0.0000,0.0000,0.0000,38.0800,2.8900,77.9300,0.0000,84.0000,0.0000,0.0000,0.0000,0.0000,0.0000,0.0000,0.0000,0.0000,0.0000,0.0000,0.0000,0.0000,0.0000,0.0000,6.1600,64.1600,53.0700,73.7500,48.1000,24.1200,5.1900,11.6700,6.4800,19.2200,41.7300,0.0000,0.0000,0.0000,0.0000,3.9000,0.0000,6.3900,5.2100,0.0000,15.3800,0.0000,0.0000,2.6600,28.0400,10.5800,0.0000,0.0000,0.0000,15.7600,16.4000,17.7900,20.9300,15.0600,18.1000,25.5600,13.3200,25.0000,5.0300,0.0000,1.4600,0.0000,0.0000,0.0000,0.0000,0.0300,0.0000,43.0200,47.5002,0.0000,0.0000,0.0000,0.0000,0.0000,0.0000,37.9900,0.0000,0.0000,220.8300,0.0000,89.0000,0.0000,0.0000,13.7600,31.3400,0.0000,2.5100,3.1500,0.0000,5.7700,10.2214,25.2400,0.0000,0.0000,0.0000,0.0000,0.0000,12.0600,0.0000,0.0000,0.0000,0.0000,2.9100,0.7700,9.8100,0.0000,-57.5800,1412.1626,924.76,0.00,17.9511,0.00,2318.9715
46,BRPL,64DSBRPL2025/07/24,0.0000,0.0000,0.0000,0.0000,0.0000,0.0000,0.0000,0.0000,58.7400,0.0000,10.2259,41.7451,0.0000,0.0000,0.0000,0.0000,38.0800,2.8900,77.9300,0.0000,84.0000,0.0000,0.0000,0.0000,0.0000,0.0000,0.0000,0.0000,0.0000,0.0000,0.0000,0.0000,0.0000,0.0000,0.0000,6.4000,64.1600,53.0700,73.7500,48.1000,24.1200,5.1900,11.6700,6.4800,19.2200,41.7300,0.0000,0.0000,0.0000,0.0000,3.9000,0.0000,6.3900,5.2100,0.0000,15.3800,0.0000,0.0000,2.6600,28.0400,10.5800,0.0000,0.0000,0.0000,20.1300,16.4000,17.7900,20.9300,15.0600,18.1000,25.5600,13.3200,25.0000,5.0300,0.0000,1.4600,0.0000,0.0000,0.0000,0.0000,0.0300,0.0000,43.0200,47.5002,0.0000,0.0000,0.0000,0.0000,0.0000,0.0000,38.5100,0.0000,0.0000,220.8300,0.0000,91.0000,0.0000,0.0000,13.2000,31.3400,0.0000,2.5100,3.1500,0.0000,5.7700,10.2214,25.2400,0.0000,0.0000,0.0000,0.0000,0.0000,12.1700,0.0000,0.0000,0.0000,0.0000,2.9100,0.7700,9.8100,0.0000,-57.5800,1418.8426,931.49,0.00,18.0557,0.00,2332.2769
47,BRPL,64DSBRPL2025/07/24,0.0000,0.0000,0.0000,0.0000,0.0000,0.0000,0.0000,0.0000,58.7400,0.0000,10.2259,41.7451,0.0000,0.0000,0.0000,0.0000,38.0800,2.8900,77.9300,0.0000,84.0000,0.0000,0.0000,0.0000,0.0000,0.0000,0.0000,0.0000,0.0000,0.0000,0.0000,0.0000,0.0000,0.0000,0.0000,6.4000,64.1600,53.0700,73.7500,48.1000,24.1200,5.1900,10.5800,6.3400,19.2200,41.7300,0.0000,0.0000,0.0000,0.0000,3.9000,0.0000,6.3900,5.2100,0.0000,15.3800,0.0000,0.0000,2.6600,28.0400,10.2700,0.0000,0.0000,0.0000,20.1300,16.4000,17.7900,20.9300,15.0600,18.1000,25.5600,13.3200,25.0000,5.0300,0.0000,1.4600,0.0000,0.0000,0.0000,0.0000,0.0300,0.0000,43.0200,47.5002,0.0000,0.0000,0.0000,0.0000,0.0000,0.0000,38.5100,0.0000,0.0000,227.4600,0.0000,91.0000,0.0000,0.0000,12.5700,31.0000,0.0000,2.5100,3.1500,0.0000,5.7700,10.2214,25.2400,0.0000,0.0000,0.0000,0.0000,0.0000,12.2100,0.0000,0.0000,0.0000,0.0000,2.9100,0.7700,9.8100,0.0000,-57.5800,1423.0026,962.40,0.00,18.3292,0.00,2367.0734
48,BRPL,64DSBRPL2025/07/24,0.0000,0.0000,0.0000,0.0000,0.0000,0.0000,0.0000,0.0000,58.7400,0.0000,10.2259,41.7451,0.0000,0.0000,0.0000,0.0000,38.0800,2.8900,77.9300,0.0000,84.0000,0.0000,0.0000,0.0000,0.0000,0.0000,0.0000,0.0000,0.0000,0.0000,0.0000,0.0000,0.0000,0.0000,0.0000,6.2300,64.1600,53.0700,73.7500,48.1000,24.1200,5.1900,11.6500,6.4800,19.2200,41.7300,0.0000,0.0000,0.0000,0.0000,3.9000,0.0000,6.3900,5.2100,0.0000,15.3800,0.0000,0.0000,2.6600,28.0400,10.2700,0.0000,0.0000,0.0000,20.1300,16.4000,17.7900,20.9300,15.0600,18.1000,25.5600,13.3200,25.0000,5.0300,0.0000,1.4600,0.0000,0.0000,0.0000,0.0000,0.0300,0.0000,43.0200,47.5002,0.0000,0.0000,0.0000,0.0000,0.0000,0.0000,38.5100,0.0000,0.0000,227.4600,0.0000,91.0000,0.0000,0.0000,11.9000,31.3400,0.0000,2.5100,3.1500,0.0000,5.7700,10.2214,25.2400,0.0000,0.0000,0.0000,0.0000,0.0000,12.2900,0.0000,0.0000,0.0000,0.0000,2.9100,0.7700,9.8100,0.0000,-57.5800,1423.7926,972.01,0.00,18.4104,0.00,2377.3922
49,BRPL,64DSBRPL2025/07/24,0.0000,0.0000,0.0000,0.0000,0.0000,0.0000,0.0000,0.0000,58.7400,0.0000,9.7564,40.8662,0.0000,0.0000,0.0000,0.0000,20.1800,2.8900,77.9300,0.0000,84.0000,0.0000,0.0000,0.0000,0.0000,0.0000,0.0000,0.0000,0.0000,0.0000,0.0000,0.0000,0.0000,0.0000,0.0000,5.4400,64.1600,53.0700,73.7500,48.1000,24.1200,5.1900,11.6500,6.4800,19.2200,41.7300,0.0000,0.0000,0.0000,0.0000,3.9000,0.0000,6.3900,5.2100,0.0000,15.3800,0.0000,0.0000,2.6600,28.0400,10.3000,0.0000,0.0000,0.0000,20.1300,16.4000,17.7900,20.9300,15.0600,18.1000,25.5600,13.3200,25.0000,5.0300,2.8600,0.6700,0.0000,0.0000,0.0000,0.0000,0.0300,0.0000,44.0200,47.5002,0.0000,0.0000,0.0000,0.0000,0.0000,0.0000,41.5100,0.0000,0.0000,227.4600,0.0000,91.0000,0.0000,0.0000,11.9500,31.3400,0.0000,2.5100,3.1500,0.0000,5.7700,10.2214,25.2400,0.0000,0.0000,0.0000,0.0000,0.0000,12.2800,0.0000,0.0000,0.0000,0.0000,3.8400,0.7700,9.8100,0.0000,-57.5800,1410.8242,978.74,0.00,18.3617,0.00,2371.2025
50,BRPL,64DSBRPL2025/07/24,0.0000,0.0000,0.0000,0.0000,0.0000,0.0000,0.0000,0.0000,58.7400,0.0000,9.7564,40.8662,0.0000,0.0000,0.0000,0.0000,20.1800,2.8900,77.9300,0.0000,84.0000,0.0000,0.0000,0.0000,0.0000,0.0000,0.0000,0.0000,0.0000,0.0000,0.0000,0.0000,0.0000,0.0000,0.0000,5.4400,64.1600,53.0700,73.7500,48.1000,24.1200,5.1900,11.6500,6.4800,19.2200,41.7300,0.0000,0.0000,0.0000,0.0000,3.9000,0.0000,6.3900,5.2100,0.0000,15.3800,0.0000,0.0000,2.6600,28.0400,10.3000,0.0000,0.0000,0.0000,20.1300,16.4000,17.7900,20.9300,15.0600,18.1000,25.5600,13.3200,25.0000,5.0300,5.5000,0.6700,0.0000,0.0000,0.0000,0.0000,0.0300,0.0000,44.0200,47.5002,0.0000,0.0000,0.0000,0.0000,0.0000,0.0000,43.0100,0.0000,0.0000,227.4600,0.0000,91.0000,0.0000,0.0000,12.3000,32.0000,0.0000,2.5100,3.1500,0.0000,5.7700,10.2214,25.2400,0.0000,0.0000,0.0000,0.0000,0.0000,12.3200,0.0000,0.0000,0.0000,0.0000,3.8400,0.7700,9.8100,0.0000,-57.5800,1416.0142,980.66,0.00,18.4172,0.00,2378.2570
51,BRPL,64DSBRPL2025/07/24,0.0000,0.0000,0.0000,0.0000,0.0000,0.0000,0.0000,0.0000,58.7400,0.0000,9.7564,40.8662,0.0000,0.0000,0.0000,0.0000,20.1800,2.8900,77.9300,0.0000,84.0000,0.0000,0.0000,0.0000,0.0000,0.0000,0.0000,0.0000,0.0000,0.0000,0.0000,0.0000,0.0000,0.0000,0.0000,5.4400,64.1600,53.0700,73.7500,48.1000,24.1200,5.1900,11.6500,6.4800,19.2200,41.7300,0.0000,0.0000,0.0000,0.0000,3.9000,0.0000,6.3900,5.2100,0.0000,15.3800,0.0000,0.0000,2.6600,28.0400,10.3800,0.0000,0.0000,0.0000,20.1300,16.4000,17.7900,20.9300,15.0600,18.1000,25.5600,9.5100,25.0000,5.0300,8.2600,0.6700,0.0000,0.0000,0.0000,0.0000,0.0300,0.0000,44.0200,47.5002,0.0000,0.0000,0.0000,0.0000,0.0000,0.0000,44.5100,0.0000,0.0000,216.6700,0.0000,91.0000,0.0000,0.0000,12.7400,32.0000,0.0000,2.5100,3.1500,0.0000,5.7700,10.2214,25.2400,0.0000,0.0000,0.0000,0.0000,0.0000,12.3300,0.0000,0.0000,0.0000,0.0000,3.8400,0.7700,9.8100,0.0000,-57.5800,1406.2042,1028.71,0.00,18.7154,0.00,2416.1988
52,BRPL,64DSBRPL2025/07/24,0.0000,0.0000,0.0000,0.0000,0.0000,0.0000,0.0000,0.0000,58.7400,0.0000,9.7564,40.0000,0.0000,0.0000,0.0000,0.0000,20.1800,2.8900,77.9300,0.0000,84.0000,0.0000,0.0000,0.0000,0.0000,0.0000,0.0000,0.0000,0.0000,0.0000,0.0000,0.0000,0.0000,0.0000,0.0000,5.4400,64.1600,53.0700,73.7500,48.1000,24.1200,5.1900,11.6500,6.4800,19.2200,41.7300,0.0000,0.0000,0.0000,0.0000,3.9000,0.0000,6.3900,5.2100,0.0000,15.3800,0.0000,0.0000,2.6600,28.0400,10.4500,0.0000,0.0000,0.0000,20.1300,16.4000,17.7900,20.9300,15.0600,18.1000,25.5600,9.5100,25.0000,5.0300,8.2600,0.6700,0.0000,0.0000,0.0000,0.0000,0.0300,0.0000,44.0200,47.5002,0.0000,0.0000,0.0000,0.0000,0.0000,0.0000,46.0100,0.0000,0.0000,216.6700,0.0000,91.0000,0.0000,0.0000,13.2100,32.6600,0.0000,2.5100,3.1500,0.0000,5.7700,10.2214,25.2400,0.0000,0.0000,0.0000,0.0000,0.0000,12.3100,0.0000,0.0000,0.0000,0.0000,3.8400,0.7700,9.8100,0.0000,-57.5800,1408.0180,1032.56,0.00,18.7596,0.00,2421.8184
53,BRPL,64DSBRPL2025/07/24,0.0000,0.0000,0.0000,0.0000,0.0000,0.0000,0.0000,0.0000,58.7400,0.0000,9.7564,40.0000,0.0000,0.0000,0.0000,0.0000,20.1800,2.8900,77.9300,0.0000,84.0000,0.0000,0.0000,0.0000,0.0000,0.0000,0.0000,0.0000,0.0000,0.0000,0.0000,0.0000,0.0000,0.0000,0.0000,5.0000,64.1600,53.0700,73.7500,48.1000,24.1200,5.1900,11.5300,6.4800,19.2200,41.7300,0.0000,0.0000,0.0000,0.0000,3.9000,0.0000,6.3900,5.2100,0.0000,15.3800,0.0000,0.0000,2.6600,28.0400,10.4500,0.0000,0.0000,0.0000,20.1300,16.4000,17.7900,20.9300,15.0600,18.1000,25.5600,9.5100,36.6600,5.0300,8.2600,0.5900,0.0000,0.0000,0.0000,0.0000,0.0300,0.0000,44.0200,47.5002,0.0000,0.0000,0.0000,0.0000,0.0000,0.0000,46.9900,0.0000,0.0000,216.6700,0.0000,91.0000,0.0000,0.0000,13.8300,31.6600,0.0000,2.5100,3.1500,0.0000,5.7700,10.2214,25.2400,0.0000,0.0000,0.0000,0.0000,0.0000,12.2000,0.0000,0.0000,0.0000,0.0000,3.8400,0.7700,9.8100,0.0000,-57.5800,1419.5280,1035.71,0.00,18.8740,0.00,2436.3640
54,BRPL,64DSBRPL2025/07/24,0.0000,0.0000,0.0000,0.0000,0.0000,0.0000,0.0000,0.0000,58.7400,0.0000,9.7564,40.0000,0.0000,0.0000,0.0000,0.0000,20.1800,2.8900,77.9300,0.0000,84.0000,0.0000,0.0000,0.0000,0.0000,0.0000,0.0000,0.0000,0.0000,0.0000,0.0000,0.0000,0.0000,0.0000,0.0000,5.0000,64.1600,53.0700,73.7500,48.1000,24.1200,5.1900,11.5300,6.4800,19.2200,41.7300,0.0000,0.0000,0.0000,0.0000,3.9000,0.0000,6.3900,5.2100,0.0000,15.3800,0.0000,0.0000,2.6600,28.0400,10.5100,0.0000,0.0000,0.0000,20.1300,16.4000,17.7900,20.9300,15.0600,18.1000,25.5600,13.3200,45.8200,5.0300,8.2600,0.5900,0.0000,0.0000,0.0000,0.0000,0.0300,0.0000,44.0200,47.5002,0.0000,0.0000,0.0000,0.0000,0.0000,0.0000,48.0000,0.0000,0.0000,216.6700,0.0000,89.0000,0.0000,0.0000,14.5300,32.6600,0.0000,2.5100,3.1500,0.0000,5.7700,10.2214,25.2400,0.0000,0.0000,0.0000,0.0000,0.0000,12.0200,0.0000,0.0000,0.0000,0.0000,3.8400,0.7700,9.8100,0.0000,-57.5800,1433.0880,1025.13,0.00,18.8972,0.00,2439.3208
55,BRPL,64DSBRPL2025/07/24,0.0000,0.0000,0.0000,0.0000,0.0000,0.0000,0.0000,0.0000,58.7400,0.0000,9.7564,40.0000,0.0000,0.0000,0.0000,0.0000,20.1800,2.8900,77.9300,0.0000,84.0000,0.0000,0.0000,0.0000,0.0000,0.0000,0.0000,0.0000,0.0000,0.0000,0.0000,0.0000,0.0000,0.0000,0.0000,4.9100,64.1600,53.0700,73.7500,48.1000,24.1200,5.1900,11.5300,6.4800,19.2200,41.7300,0.0000,0.0000,0.0000,0.0000,3.9000,0.0000,6.3900,5.2100,0.0000,15.3800,0.0000,0.0000,2.6600,28.0400,10.5100,0.0000,0.0000,0.0000,20.1300,16.4000,17.7900,20.9300,15.0600,18.1000,25.5600,13.9500,45.8200,5.0300,8.2600,0.5900,0.0000,0.0000,0.0000,0.0000,0.0300,0.0000,44.0200,47.5002,0.0000,0.0000,0.0000,0.0000,0.0000,0.0000,49.0100,0.0000,0.0000,195.0000,0.0000,87.0000,0.0000,0.0000,15.2300,33.6600,0.0000,2.5100,3.1500,0.0000,5.7700,10.2214,25.2400,0.0000,0.0000,0.0000,0.0000,0.0000,11.5400,0.0000,0.0000,0.0000,0.0000,3.8400,0.7700,9.8100,0.0000,-57.5800,1412.1880,1094.91,0.00,19.2785,0.00,2487.8195
56,BRPL,64DSBRPL2025/07/24,0.0000,0.0000,0.0000,0.0000,0.0000,0.0000,0.0000,0.0000,58.7400,0.0000,9.7564,40.0000,0.0000,0.0000,0.0000,0.0000,20.1900,2.8900,77.9300,0.0000,84.0000,0.0000,0.0000,0.0000,0.0000,0.0000,0.0000,0.0000,0.0000,0.0000,0.0000,0.0000,0.0000,0.0000,0.0000,5.4400,64.1600,53.0700,73.7500,48.1000,24.1200,5.1900,11.5300,6.4800,19.2200,41.7300,0.0000,0.0000,0.0000,0.0000,3.9000,0.0000,6.3900,5.2100,0.0000,15.3800,0.0000,0.0000,2.6600,28.0400,10.5100,0.0000,0.0000,0.0000,20.1300,16.4000,17.7900,20.9300,15.0600,18.1000,25.5600,13.9500,45.8200,5.0300,8.2600,0.5900,0.0000,0.0000,0.0000,0.0000,0.0300,0.0000,44.0200,47.5002,0.0000,0.0000,0.0000,0.0000,0.0000,0.0000,49.9900,0.0000,0.0000,195.0000,0.0000,87.0000,0.0000,0.0000,16.0000,35.0000,0.0000,2.5100,3.1500,0.0000,5.7700,10.2214,25.2400,0.0000,0.0000,0.0000,0.0000,0.0000,11.1600,0.0000,0.0000,0.0000,0.0000,3.8400,0.7700,9.8100,0.0000,-57.5800,1415.4380,1135.27,0.00,19.6186,0.00,2531.0894
57,BRPL,64DSBRPL2025/07/24,0.0000,0.0000,0.0000,0.0000,0.0000,0.0000,0.0000,0.0000,58.7400,0.0000,9.7564,33.1818,0.0000,0.0000,0.0000,0.0000,38.3900,11.5300,77.9300,0.0000,84.0000,0.0000,0.0000,0.0000,0.0000,0.0000,0.0000,0.0000,0.0000,0.0000,0.0000,0.0000,48.0600,0.0000,0.0000,6.2600,64.1600,53.0700,73.7500,48.1000,24.1200,9.1600,19.0700,11.7400,19.2200,41.7300,0.0000,0.0000,0.0000,0.0000,3.9000,0.0000,6.3900,5.2100,0.0000,15.3800,0.0000,0.0000,2.6600,28.0400,13.0000,0.0000,0.0000,0.0000,20.1300,16.4000,17.7900,20.9300,15.0600,18.1000,25.5600,13.9500,45.8200,5.0300,8.2600,1.4600,0.0000,0.0000,0.0000,0.0000,0.0300,0.0000,44.0200,47.5002,0.0000,0.0000,0.0000,0.0000,0.0000,0.0000,42.4900,0.0000,0.0000,175.5000,0.0000,82.0000,0.0000,0.0000,18.1100,41.6600,0.0000,2.5100,3.1500,0.0000,5.7700,10.2214,25.2400,0.0000,0.0000,0.0000,0.0000,0.0000,10.8300,0.0000,0.0000,0.0000,0.0000,3.8400,1.5200,9.8100,0.0000,-57.5800,1481.6598,1142.68,0.00,20.1929,0.00,2604.1469
58,BRPL,64DSBRPL2025/07/24,0.0000,0.0000,0.0000,0.0000,0.0000,0.0000,0.0000,0.0000,58.7500,0.0000,9.7564,33.1818,0.0000,0.0000,0.0000,0.0000,38.3900,11.5300,77.9300,0.0000,84.0000,0.0000,0.0000,0.0000,0.0000,0.0000,0.0000,0.0000,0.0000,0.0000,0.0000,0.0000,96.1100,0.0000,0.0000,6.2600,64.1600,53.0700,73.7500,48.1000,24.1200,9.1600,19.0700,11.7400,19.2200,41.7300,0.0000,0.0000,0.0000,0.0000,3.9000,0.0000,6.3900,5.2100,0.0000,15.3800,0.0000,0.0000,2.6600,28.0400,13.0000,0.0000,0.0000,0.0000,20.1300,16.4000,17.7900,20.9300,15.0600,18.1000,25.5600,13.9500,45.8200,5.0300,8.2600,1.4600,0.0000,0.0000,0.0000,0.0000,0.0300,0.0000,44.0200,47.5002,0.0000,0.0000,0.0000,0.0000,0.0000,0.0000,44.5100,0.0000,0.0000,175.5000,0.0000,80.0000,0.0000,0.0000,18.5100,43.3400,0.0000,2.5100,3.1500,0.0000,5.7700,10.2214,25.2400,0.0000,0.0000,0.0000,0.0000,0.0000,10.5800,0.0000,0.0000,0.0000,0.0000,3.8400,1.5200,9.8100,0.0000,-57.5800,1531.5698,1140.76,0.00,20.5673,0.00,2651.7625
59,BRPL,64DSBRPL2025/07/24,0.0000,0.0000,0.0000,0.0000,0.0000,0.0000,0.0000,0.0000,58.7400,0.0000,9.7564,40.0000,0.0000,0.0000,0.0000,0.0000,38.0800,11.5300,77.9300,0.0000,84.0000,0.0000,0.0000,0.0000,0.0000,0.0000,0.0000,0.0000,0.0000,0.0000,0.0000,0.0000,173.0000,0.0000,0.0000,6.1600,64.1600,53.0700,73.7500,48.1000,24.1200,9.1600,19.0700,11.7400,19.2200,41.7300,0.0000,0.0000,0.0000,0.0000,3.9000,0.0000,6.3900,5.2100,0.0000,15.3800,0.0000,0.0000,2.6600,28.0400,13.0000,0.0000,0.0000,0.0000,20.1300,16.4000,17.7900,20.9300,15.0600,18.1000,25.5600,13.9500,52.7400,5.0300,8.2600,1.4600,0.0000,0.0000,0.0000,0.0000,0.0300,0.0000,44.0200,47.5002,0.0000,0.0000,0.0000,0.0000,0.0000,0.0000,46.5000,0.0000,0.0000,145.8300,0.0000,73.0000,0.0000,0.0000,18.8500,40.0000,0.0000,2.5100,3.1500,0.0000,5.7700,10.2214,25.2400,0.0000,0.0000,0.0000,0.0000,0.0000,10.4000,0.0000,0.0000,0.0000,0.0000,3.8400,1.5200,9.8100,0.0000,-57.5800,1583.9180,1142.67,0.00,20.9905,0.00,2705.5975
60,BRPL,64DSBRPL2025/07/24,0.0000,0.0000,0.0000,0.0000,0.0000,0.0000,0.0000,0.0000,58.7400,0.0000,9.7564,40.0000,0.0000,0.0000,0.0000,0.0000,38.0800,11.5300,77.9300,0.0000,84.0000,0.0000,0.0000,0.0000,0.0000,0.0000,0.0000,0.0000,0.0000,0.0000,0.0000,0.0000,240.2800,0.0000,0.0000,6.1600,64.1600,53.0700,73.7500,48.1000,24.1200,9.1600,19.0700,11.7300,19.2200,41.7300,0.0000,0.0000,0.0000,0.0000,3.9000,0.0000,6.3900,5.2100,0.0000,15.3800,0.0000,0.0000,2.6600,28.0400,12.9800,0.0000,0.0000,0.0000,20.1300,16.4000,17.7900,20.9300,15.0600,18.1000,25.5600,13.9500,52.7400,5.0300,8.2600,1.4600,0.0000,0.0000,0.0000,0.0000,0.0300,0.0000,44.0200,47.5002,0.0000,0.0000,0.0000,0.0000,0.0000,0.0000,49.0100,0.0000,0.0000,141.6700,0.0000,73.0000,0.0000,0.0000,19.2200,40.0000,0.0000,2.5100,3.1500,0.0000,5.7700,10.2214,25.2400,0.0000,0.0000,0.0000,0.0000,0.0000,10.3900,0.0000,0.0000,0.0000,0.0000,3.8400,1.5200,9.8100,0.0000,-57.5800,1649.8780,1135.94,0.00,21.4525,0.00,2764.3655
61,BRPL,64DSBRPL2025/07/24,0.0000,0.0000,0.0000,0.0000,0.0000,0.0000,0.0000,0.0000,58.7400,0.0000,9.7564,33.6842,0.0000,0.0000,0.0000,0.0000,38.0800,11.5300,77.9300,0.0000,84.0000,0.0000,0.0000,0.0000,0.0000,0.0000,0.0000,0.0000,0.0000,0.0000,0.0000,0.0000,326.7700,0.0000,0.0000,6.1600,64.1600,53.0700,73.7500,48.1000,24.1200,9.1600,19.0700,11.7300,19.2200,41.7300,0.0000,0.0000,0.0000,0.0000,3.9000,0.0000,6.3900,5.2100,0.0000,15.3800,0.0000,0.0000,2.6600,28.0400,8.6100,0.0000,0.0000,0.0000,20.1300,16.4000,17.7900,20.9300,15.0600,18.1000,25.5600,13.9500,52.7400,5.0300,8.2600,1.4600,0.0000,0.0000,0.0000,0.0000,0.0300,0.0000,44.0200,47.5002,0.0000,0.0000,0.0000,0.0000,0.0000,0.0000,51.4900,0.0000,0.0000,137.5000,0.0000,67.0000,0.0000,0.0000,19.4400,40.0000,0.0000,2.5100,3.1500,0.0000,5.7700,10.2214,26.2500,0.0000,0.0000,0.0000,0.0000,0.0000,10.2800,0.0000,0.0000,0.0000,0.0000,3.8400,1.5200,9.8100,0.0000,-57.5800,1719.1122,1082.98,0.00,21.5794,0.00,2780.5128
62,BRPL,64DSBRPL2025/07/24,0.0000,0.0000,0.0000,0.0000,0.0000,0.0000,0.0000,0.0000,58.7400,0.0000,9.7564,33.6842,0.0000,0.0000,0.0000,0.0000,38.0800,11.5300,77.9300,0.0000,84.0000,0.0000,0.0000,0.0000,0.0000,0.0000,0.0000,0.0000,0.0000,0.0000,0.0000,0.0000,350.8000,0.0000,0.0000,6.1600,64.1600,53.0700,73.7500,48.1000,24.1200,9.1600,19.0700,11.7300,19.2200,41.7300,0.0000,0.0000,0.0000,0.0000,3.9000,0.0000,6.3900,5.2100,0.0000,15.3800,0.0000,0.0000,2.6600,28.0400,7.5100,0.0000,0.0000,0.0000,20.1300,16.4000,17.7900,20.9300,15.0600,18.1000,25.5600,13.9500,52.7400,5.0300,8.2600,1.4600,0.0000,0.0000,0.0000,0.0000,0.0300,0.0000,44.0200,47.5002,0.0000,0.0000,0.0000,0.0000,0.0000,0.0000,54.0000,0.0000,0.0000,133.3300,0.0000,63.0000,0.0000,0.0000,19.6200,40.0000,0.0000,2.5100,3.1500,0.0000,5.7700,10.2214,27.2600,0.0000,0.0000,0.0000,0.0000,0.0000,10.0300,0.0000,0.0000,0.0000,0.0000,3.8400,1.5200,9.8100,0.0000,-57.5800,1737.3222,1073.36,0.00,21.6464,0.00,2789.0358
63,BRPL,64DSBRPL2025/07/24,0.0000,0.0000,0.0000,0.0000,0.0000,0.0000,0.0000,0.0000,58.7400,0.0000,9.7564,39.4521,0.0000,0.0000,0.0000,0.0000,38.0800,11.5700,77.9300,0.0000,84.0000,0.0000,0.0000,0.0000,0.0000,0.0000,0.0000,0.0000,0.0000,0.0000,0.0000,0.0000,350.8000,0.0000,0.0000,6.1600,64.1600,53.0700,73.7500,48.1000,24.1200,9.1600,19.0700,11.7300,19.2200,41.7300,0.0000,0.0000,0.0000,0.0000,3.9000,0.0000,6.3900,5.2100,0.0000,15.3800,0.0000,0.0000,2.6600,28.0400,7.5100,0.0000,0.0000,0.0000,20.1300,16.4000,17.7900,20.9300,15.0600,18.1000,25.5600,9.5100,50.6300,4.2200,8.2600,1.4600,0.0000,0.0000,0.0000,0.0000,0.0300,0.0000,44.0200,47.5002,0.0000,0.0000,0.0000,0.0000,0.0000,0.0000,55.5000,0.0000,0.0000,137.4100,0.0000,57.0000,0.0000,0.0000,17.9900,38.5300,0.0000,2.5100,3.1500,0.0000,5.7700,10.2214,28.2700,0.0000,0.0000,0.0000,0.0000,0.0000,9.6700,0.0000,0.0000,0.0000,0.0000,3.8400,1.5200,9.8100,0.0000,-57.5800,1732.9001,1048.79,0.00,21.4203,0.00,2760.2698
64,BRPL,64DSBRPL2025/07/24,0.0000,0.0000,0.0000,0.0000,0.0000,0.0000,0.0000,0.0000,58.7400,0.0000,9.7564,33.6842,0.0000,0.0000,0.0000,0.0000,38.0800,11.5700,77.9300,0.0000,84.0000,0.0000,0.0000,0.0000,0.0000,0.0000,0.0000,0.0000,0.0000,0.0000,0.0000,0.0000,365.2200,0.0000,0.0000,6.1600,64.1600,53.0700,73.7500,48.1000,24.1200,9.1600,19.0700,11.7300,19.2200,41.7300,0.0000,0.0000,0.0000,0.0000,3.9000,0.0000,6.3900,5.2100,0.0000,15.3800,0.0000,0.0000,2.6600,28.0400,7.4800,0.0000,0.0000,0.0000,20.1300,16.4000,17.7900,20.9300,15.0600,18.1000,25.5600,9.5100,50.6300,4.2200,8.2600,1.4600,0.0000,0.0000,0.0000,0.0000,0.0300,0.0000,44.0200,47.5002,0.0000,0.0000,0.0000,0.0000,0.0000,0.0000,55.9900,0.0000,0.0000,126.0400,0.0000,55.0000,0.0000,0.0000,18.1400,38.9800,0.0000,2.5100,3.1500,0.0000,5.7700,10.2214,28.2700,0.0000,0.0000,0.0000,0.0000,0.0000,9.2400,0.0000,0.0000,0.0000,0.0000,3.8400,1.5200,9.8100,0.0000,-57.5800,1728.8122,1038.75,0.00,21.3101,0.00,2746.2521
65,BRPL,64DSBRPL2025/07/24,0.0000,0.0000,0.0000,0.0000,0.0000,0.0000,0.0000,0.0000,58.7400,0.0000,9.7564,33.6842,0.0000,0.0000,0.0000,0.0000,38.0800,11.5300,77.9300,0.0000,84.0000,0.0000,0.0000,0.0000,0.0000,0.0000,0.0000,0.0000,0.0000,0.0000,0.0000,0.0000,285.3600,0.0000,0.0000,6.1600,64.1600,53.0700,73.7500,48.1000,24.1200,9.1600,19.0700,11.7300,19.2200,41.7300,0.0000,0.0000,0.0000,0.0000,3.9000,0.0000,6.3900,5.2100,0.0000,15.3800,0.0000,0.0000,2.6600,28.0400,7.4200,0.0000,0.0000,0.0000,20.1300,16.4000,17.4700,20.9300,15.0600,18.1000,25.5600,9.5100,50.6300,4.2200,8.2600,1.4600,0.0000,0.0000,0.0000,0.0000,0.0200,0.0000,44.0200,43.1802,0.0000,0.0000,0.0000,0.0000,0.0000,0.0000,37.5000,0.0000,0.0000,114.6800,0.0000,50.0000,0.0000,0.0000,14.5600,34.3400,0.0000,2.5100,3.1500,0.0000,5.7700,10.2214,28.2700,0.0000,0.0000,0.0000,0.0000,0.0000,8.6500,0.0000,0.0000,0.0000,0.0000,3.8400,1.5200,9.8100,0.0000,-57.5800,1600.5422,1170.64,0.00,21.3720,0.00,2749.8102
66,BRPL,64DSBRPL2025/07/24,0.0000,0.0000,0.0000,0.0000,0.0000,0.0000,0.0000,0.0000,58.7400,0.0000,9.7564,33.6842,0.0000,0.0000,0.0000,0.0000,38.0800,11.5300,77.9300,0.0000,84.0000,0.0000,0.0000,0.0000,0.0000,0.0000,0.0000,0.0000,0.0000,0.0000,0.0000,0.0000,278.7200,0.0000,0.0000,6.1600,64.1600,53.0700,73.7500,48.1000,24.1200,9.1600,19.0700,11.7300,19.2200,41.7300,0.0000,0.0000,0.0000,0.0000,3.9000,0.0000,6.3900,5.2100,0.0000,15.3800,0.0000,0.0000,2.6600,28.0400,7.4200,0.0000,0.0000,0.0000,20.1300,16.4000,17.4700,20.9300,15.0600,18.1000,25.5600,13.9500,50.6300,4.2200,8.2600,1.4600,0.0000,0.0000,0.0000,0.0000,0.0200,0.0000,44.0200,39.3444,0.0000,0.0000,0.0000,0.0000,0.0000,0.0000,38.5100,0.0000,0.0000,103.3200,0.0000,47.0000,0.0000,0.0000,14.9400,34.6600,0.0000,2.5100,3.1500,0.0000,5.7700,10.2214,28.2700,0.0000,0.0000,0.0000,0.0000,0.0000,7.9700,0.0000,0.0000,0.0000,0.0000,3.8400,1.5200,9.8100,0.0000,-57.5800,1581.1764,1188.51,0.00,21.3903,0.00,2748.2961
67,BRPL,64DSBRPL2025/07/24,0.0000,0.0000,0.0000,0.0000,0.0000,0.0000,0.0000,0.0000,58.7400,0.0000,9.7564,39.4521,0.0000,0.0000,0.0000,0.0000,38.0800,11.5300,77.9300,0.0000,84.0000,0.0000,0.0000,0.0000,0.0000,0.0000,0.0000,0.0000,0.0000,0.0000,0.0000,0.0000,216.2500,0.0000,0.0000,6.1600,64.1600,53.0700,73.7500,48.1000,24.1200,9.1600,19.0700,11.7300,19.2200,41.7300,0.0000,0.0000,0.0000,0.0000,3.9000,0.0000,6.3900,5.2100,0.0000,15.3800,0.0000,0.0000,2.6600,28.0400,9.6800,0.0000,0.0000,0.0000,20.1300,16.4000,17.4700,20.9300,15.0600,18.1000,25.5600,15.8500,50.6300,4.2200,8.2600,1.4600,0.0000,0.0000,0.0000,0.0000,0.0200,0.0000,44.0200,35.5052,0.0000,0.0000,0.0000,0.0000,0.0000,0.0000,40.0100,0.0000,0.0000,101.1600,0.0000,42.0000,0.0000,0.0000,15.3600,35.0000,0.0000,2.5100,3.1500,0.0000,4.4800,10.2214,27.2600,0.0000,0.0000,0.0000,0.0000,0.0000,7.1800,0.0000,0.0000,0.0000,0.0000,2.9100,1.5200,9.8100,0.0000,0.0000,1573.4551,1188.35,0.00,21.3587,0.00,2740.4464
68,BRPL,64DSBRPL2025/07/24,0.0000,0.0000,0.0000,0.0000,0.0000,0.0000,0.0000,0.0000,58.7400,0.0000,9.7564,39.4521,0.0000,0.0000,0.0000,0.0000,38.0800,11.5300,77.9300,0.0000,84.0000,0.0000,0.0000,0.0000,0.0000,0.0000,0.0000,0.0000,0.0000,0.0000,0.0000,0.0000,251.5500,0.0000,0.0000,6.1600,64.1600,53.0700,73.7500,48.1000,24.1200,9.1600,19.0700,11.7300,19.2200,41.7300,0.0000,0.0000,0.0000,0.0000,4.0600,10.1500,6.3900,5.2100,0.0000,15.3800,0.0000,0.0000,2.6600,28.0400,9.6100,0.0000,0.0000,0.0000,20.1300,16.4000,18.5100,20.9300,15.0600,18.1000,25.5600,15.8500,50.6300,4.2200,8.2600,1.4600,0.0000,0.0000,0.0000,0.0000,0.0200,0.0000,44.0200,34.0701,0.0000,0.0000,0.0000,0.0000,0.0000,0.0000,42.4900,0.0000,0.0000,89.0700,0.0000,37.0000,0.0000,0.0000,15.8300,35.0000,0.0000,2.5100,3.1500,0.0000,4.4800,10.2214,27.2600,0.0000,0.0000,0.0000,0.0000,0.0000,6.4000,0.0000,0.0000,0.0000,0.0000,2.9100,1.5200,9.8100,0.0000,0.0000,1603.6800,1134.13,0.00,21.1828,0.00,2716.6272
69,BRPL,64DSBRPL2025/07/24,0.0000,0.0000,0.0000,0.0000,0.0000,0.0000,0.0000,0.0000,58.7400,0.0000,9.7564,39.4521,0.0000,0.0000,0.0000,0.0000,38.0800,11.5300,77.9300,0.0000,84.0000,0.0000,0.0000,0.0000,0.0000,0.0000,0.0000,0.0000,0.0000,0.0000,0.0000,0.0000,321.9700,0.0000,0.0000,6.1600,64.1600,53.0700,73.7500,48.1000,24.1200,9.1600,19.0700,11.7300,19.2200,41.7300,0.0000,0.0000,0.0000,0.0000,4.0600,20.3100,6.3900,5.2100,0.0000,15.3800,0.0000,0.0000,2.6600,28.0400,11.5900,0.0000,0.0000,0.0000,20.1300,16.4000,18.5100,20.9300,15.0600,18.1000,25.5600,15.8500,50.6300,4.2200,8.2600,1.4600,0.0000,0.0000,0.0000,0.0000,0.0200,0.0000,44.0200,32.6298,0.0000,0.0000,0.0000,0.0000,0.0000,0.0000,45.0000,0.0000,0.0000,84.6300,0.0000,33.0000,0.0000,0.0000,15.9400,34.3400,0.0000,2.5100,3.1500,0.0000,4.4800,10.2214,27.2600,0.0000,0.0000,0.0000,0.0000,0.0000,5.5900,0.0000,0.0000,0.0000,0.0000,2.9100,1.5200,9.8100,0.0000,0.0000,1677.5097,1117.36,0.00,21.6391,0.00,2773.2306
70,BRPL,64DSBRPL2025/07/24,0.0000,0.0000,0.0000,0.0000,0.0000,0.0000,0.0000,0.0000,58.7400,0.0000,10.2259,39.4521,0.0000,0.0000,0.0000,0.0000,38.0800,11.5300,77.9300,0.0000,84.0000,0.0000,0.0000,0.0000,0.0000,0.0000,0.0000,0.0000,0.0000,0.0000,0.0000,0.0000,359.4100,0.0000,0.0000,6.1600,64.1600,53.0700,73.7500,48.1000,24.1200,9.1600,19.0700,11.7300,19.2200,41.7300,0.0000,0.0000,0.0000,0.0000,4.0600,30.4600,6.3900,5.1300,0.0000,15.3800,0.0000,0.0000,2.6600,28.0400,11.5900,0.0000,0.0000,0.0000,20.1300,16.4000,18.5100,20.9300,15.0600,18.1000,25.5600,15.8500,50.6300,4.2200,8.2600,1.4600,0.0000,0.0000,0.0000,0.0000,0.0200,0.0000,44.0200,31.6701,0.0000,0.0000,0.0000,0.0000,0.0000,0.0000,46.8000,0.0000,0.0000,71.7500,0.0000,28.0000,0.0000,0.0000,15.9300,33.6600,0.0000,2.5100,3.1500,0.0000,4.4800,10.2214,27.2600,0.0000,0.0000,0.0000,0.0000,0.0000,4.7700,0.0000,0.0000,0.0000,0.0000,2.9100,1.5200,9.8100,0.0000,0.0000,1706.9395,1061.23,0.00,21.4383,0.00,2746.7312
71,BRPL,64DSBRPL2025/07/24,0.0000,0.0000,0.0000,0.0000,0.0000,0.0000,0.0000,0.0000,58.7400,0.0000,10.2259,39.4521,0.0000,0.0000,0.0000,0.0000,38.0800,11.5300,77.9300,0.0000,84.0000,0.0000,0.0000,0.0000,0.0000,0.0000,0.0000,0.0000,0.0000,0.0000,0.0000,0.0000,359.4100,0.0000,0.0000,6.1600,64.1600,53.0700,73.7500,48.1000,24.1200,9.1600,19.0700,11.7300,19.2200,41.7300,0.0000,0.0000,0.0000,0.0000,4.0600,40.6100,6.3900,5.1300,0.0000,15.3800,0.0000,0.0000,2.6600,28.0400,11.4900,0.0000,0.0000,0.0000,20.1300,16.4000,18.5100,20.9300,15.0600,18.1000,25.5600,13.9500,45.8200,5.0300,8.2600,1.4600,0.0000,0.0000,0.0000,0.0000,0.0200,0.0000,44.0200,29.8855,0.0000,0.0000,0.0000,0.0000,0.0000,0.0000,46.3900,0.0000,0.0000,70.8300,0.0000,21.0000,0.0000,0.0000,15.8500,34.3400,0.0000,2.5100,3.1500,0.0000,4.4800,10.2214,27.2600,0.0000,0.0000,0.0000,0.0000,0.0000,3.9900,0.0000,0.0000,0.0000,0.0000,2.9100,1.5200,9.8100,0.0000,0.0000,1700.7949,1030.05,0.00,21.1611,0.00,2709.6838
72,BRPL,64DSBRPL2025/07/24,0.0000,0.0000,0.0000,0.0000,0.0000,0.0000,0.0000,0.0000,58.7400,0.0000,10.2259,39.4521,0.0000,0.0000,0.0000,0.0000,38.0800,11.5300,77.9300,0.0000,84.0000,0.0000,0.0000,0.0000,0.0000,0.0000,0.0000,0.0000,0.0000,0.0000,0.0000,0.0000,359.4100,0.0000,0.0000,6.1600,64.1600,53.0700,73.7500,48.1000,24.1200,9.1600,19.0700,11.7300,19.2200,41.7300,0.0000,0.0000,0.0000,0.0000,4.0600,40.6100,6.3900,5.1300,0.0000,15.3800,0.0000,0.0000,2.6600,28.0400,11.4800,0.0000,0.0000,0.0000,20.1300,16.4000,18.5100,20.9300,15.0600,18.1000,25.5600,13.9500,45.8200,5.0300,8.2600,1.4600,0.0000,0.0000,0.0000,0.0000,0.0200,0.0000,44.0200,21.6399,0.0000,0.0000,0.0000,0.0000,0.0000,0.0000,45.6000,0.0000,0.0000,58.3300,0.0000,14.0000,0.0000,0.0000,15.7500,36.0000,0.0000,2.5100,3.1500,0.0000,4.4800,10.2214,27.2600,0.0000,0.0000,0.0000,0.0000,0.0000,3.2400,0.0000,0.0000,0.0000,0.0000,2.9100,1.5200,9.8100,0.0000,0.0000,1673.0593,1026.90,0.00,20.9845,0.00,2678.9748
73,BRPL,64DSBRPL2025/07/24,0.0000,0.0000,0.0000,0.0000,0.0000,0.0000,0.0000,0.0000,58.7400,0.0000,10.2259,40.0000,0.0000,0.0000,0.0000,0.0000,38.0800,11.5300,77.9300,0.0000,84.0000,0.0000,0.0000,0.0000,0.0000,0.0000,0.0000,0.0000,0.0000,0.0000,0.0000,0.0000,359.4000,0.0000,0.0000,6.8300,64.1600,53.0700,73.7500,48.1000,24.1200,9.1600,19.0700,11.7300,19.2200,41.7300,0.0000,0.0000,0.0000,0.0000,4.0600,40.6100,6.3900,5.1300,0.0000,15.3800,0.0000,0.0000,2.6600,28.0400,13.7700,0.0000,0.0000,0.0000,20.1300,16.4000,18.5100,20.9300,15.0600,18.1000,25.5600,13.9500,45.8200,5.0300,8.2600,1.4600,0.0000,0.0000,0.0000,0.0000,0.0200,0.0000,44.0200,0.0000,0.0000,0.0000,0.0000,0.0000,0.0000,0.0000,60.3100,0.0000,0.0000,47.6000,0.0000,8.0000,0.0000,0.0000,24.4700,46.6600,0.0000,2.5100,3.1500,0.0000,4.4800,10.2214,26.2500,0.0000,0.0000,0.0000,0.0000,0.0000,2.5300,0.0000,0.0000,0.0000,0.0000,2.9100,1.5200,9.8100,0.0000,0.0000,1670.5573,1016.20,0.00,21.0503,0.00,2665.7070
74,BRPL,64DSBRPL2025/07/24,0.0000,0.0000,0.0000,0.0000,0.0000,0.0000,0.0000,0.0000,58.7400,0.0000,10.2259,40.0000,0.0000,0.0000,0.0000,0.0000,38.0800,11.5300,77.9300,0.0000,84.0000,0.0000,0.0000,0.0000,0.0000,0.0000,0.0000,0.0000,0.0000,0.0000,0.0000,0.0000,359.4000,0.0000,0.0000,7.3300,64.1600,53.0700,73.7500,48.1000,24.1200,9.1600,19.0700,11.7300,19.2200,41.7300,0.0000,0.0000,0.0000,0.0000,4.0600,40.6100,6.3900,5.4200,0.0000,15.3800,0.0000,0.0000,2.6600,28.0400,13.7700,0.0000,0.0000,0.0000,20.1300,16.4000,18.5100,20.9300,15.0600,18.8400,25.5600,14.5100,45.8200,5.0300,8.2600,1.4600,0.0000,0.0000,0.0000,0.0000,0.0200,0.0000,44.0200,0.0000,0.0000,0.0000,0.0000,0.0000,0.0000,0.0000,60.3100,0.0000,0.0000,35.9700,0.0000,5.0000,0.0000,0.0000,24.4600,46.6600,0.0000,2.5100,3.1500,0.0000,4.4800,10.2214,26.2500,0.0000,0.0000,0.0000,0.0000,0.0000,1.8000,0.0000,0.0000,0.0000,0.0000,2.9100,1.5200,9.8100,0.0000,0.0000,1657.2773,1009.09,0.00,20.8913,0.00,2645.4760
75,BRPL,64DSBRPL2025/07/24,0.0000,0.0000,0.0000,0.0000,0.0000,0.0000,0.0000,0.0000,58.7400,0.0000,10.2259,40.0000,0.0000,0.0000,0.0000,0.0000,38.0800,11.5300,77.9300,0.0000,91.8335,0.0000,0.0000,0.0000,0.0000,0.0000,0.0000,0.0000,0.0000,0.0000,0.0000,0.0000,359.4000,0.0000,0.0000,7.3300,64.1600,53.0700,73.7500,48.1000,24.1200,9.1600,19.0700,11.7300,19.2200,41.7300,0.0000,0.0000,0.0000,0.0000,4.0600,40.6100,12.7800,5.4200,0.0000,15.3800,0.0000,0.0000,2.6600,28.0400,11.2700,0.0000,0.0000,0.0000,20.1300,16.4000,18.5100,20.9300,15.0600,18.8400,25.5600,14.5100,45.8200,5.0300,8.2600,1.4600,0.0000,0.0000,0.0000,0.0000,0.0200,0.0000,44.0200,0.0000,0.0000,0.0000,0.0000,0.0000,0.0000,0.0000,60.3100,0.0000,0.0000,24.9200,0.0000,2.0000,0.0000,0.0000,24.4600,40.0000,0.0000,2.5100,3.1500,0.0000,4.4800,10.2214,26.2500,0.0000,0.0000,0.0000,0.0000,0.0000,0.0000,0.0000,0.0000,0.0000,0.0000,2.9100,1.5200,9.8100,49.5400,0.0000,1696.0308,941.38,0.00,20.6654,0.00,2616.7454
76,BRPL,64DSBRPL2025/07/24,0.0000,0.0000,0.0000,0.0000,0.0000,0.0000,0.0000,0.0000,58.7400,0.0000,10.2259,40.0000,0.0000,0.0000,0.0000,0.0000,38.0800,11.5300,77.9300,0.0000,91.8335,0.0000,0.0000,0.0000,0.0000,0.0000,0.0000,0.0000,0.0000,0.0000,0.0000,0.0000,359.4000,0.0000,0.0000,7.3300,64.1600,53.0700,73.7500,48.1000,24.1200,9.1600,19.0700,11.7300,19.2200,41.7300,0.0000,0.0000,0.0000,0.0000,4.0600,40.6100,19.1700,5.4200,0.0000,15.3800,0.0000,0.0000,2.6600,28.0400,11.0800,0.0000,0.0000,0.0000,20.1300,16.4000,18.5100,20.9300,15.0600,18.8400,25.5600,15.8300,45.8200,5.0600,8.5900,1.4600,0.0000,0.0000,0.0000,0.0000,0.0200,0.0000,44.0200,0.0000,0.0000,0.0000,0.0000,0.0000,0.0000,0.0000,59.2800,0.0000,0.0000,16.0400,0.0000,1.0000,0.0000,0.0000,24.4600,40.6600,0.0000,2.5100,3.1500,0.0000,4.4800,10.2214,27.2600,0.0000,0.0000,0.0000,0.0000,0.0000,0.0000,0.0000,0.0000,0.0000,0.0000,2.9100,1.5200,9.8100,49.4600,0.0000,1694.5908,945.14,0.00,20.6835,0.00,2619.0473
77,BRPL,64DSBRPL2025/07/24,0.0000,0.0000,0.0000,0.0000,0.0000,0.0000,0.0000,0.0000,58.7400,0.0000,6.1807,39.7279,0.0000,0.0000,0.0000,0.0000,38.0800,11.5300,77.9300,0.0000,91.8335,0.0000,0.0000,0.0000,0.0000,0.0000,0.0000,0.0000,0.0000,0.0000,0.0000,0.0000,359.4000,0.0000,0.0000,7.3300,64.1600,53.0700,73.7500,48.1000,24.1200,9.1600,19.0700,11.7300,19.2200,41.7300,0.0000,0.0000,0.0000,0.0000,4.0600,40.6100,25.9400,5.4200,0.0000,15.3800,0.0000,0.0000,2.6600,28.0400,11.0800,0.0000,0.0000,0.0000,20.1300,16.4000,18.5100,20.9300,15.0600,18.8400,25.5600,11.8700,45.8200,5.0600,8.5900,1.4600,0.0000,0.0000,0.0000,0.0000,0.0200,0.0000,44.0200,0.0000,0.0000,0.0000,0.0000,0.0000,0.0000,0.0000,57.7200,0.0000,0.0000,8.8600,0.0000,0.0000,0.0000,0.0000,24.3900,41.3400,0.0000,2.5100,3.1500,0.0000,4.4800,10.2214,28.7700,0.0000,0.0000,0.0000,0.0000,0.0000,0.0000,0.0000,0.0000,0.0000,0.0000,2.9100,1.5200,9.8100,49.4600,0.0000,1685.4635,994.00,0.00,20.9934,0.00,2658.4701
78,BRPL,64DSBRPL2025/07/24,0.0000,0.0000,0.0000,0.0000,0.0000,0.0000,0.0000,0.0000,58.7400,0.0000,6.1807,39.7279,0.0000,0.0000,0.0000,0.0000,38.0800,11.5300,78.6600,0.0000,91.8335,0.0000,0.0000,0.0000,0.0000,0.0000,0.0000,0.0000,0.0000,0.0000,0.0000,0.0000,359.4000,0.0000,0.0000,7.3300,64.1600,53.0700,73.7500,48.1000,24.1200,9.1600,19.0700,11.7300,19.2200,41.7300,0.0000,0.0000,0.0000,0.0000,4.0600,41.5800,28.5500,5.7600,0.0000,15.3800,0.0000,0.0000,2.7500,28.0400,11.1700,0.0000,0.0000,0.0000,20.1300,16.4000,18.5100,22.0300,15.5100,19.3800,26.3500,25.7300,45.8200,5.0600,8.6300,1.4600,0.0000,0.0000,0.0000,0.0000,0.0200,0.0000,43.4200,0.0000,0.0000,0.0000,0.0000,0.0000,0.0000,0.0000,54.6000,0.0000,0.0000,4.7700,0.0000,0.0000,0.0000,0.0000,24.2900,41.6600,0.0000,2.5100,3.2800,0.0000,4.4800,10.2214,29.2800,0.0000,0.0000,0.0000,0.0000,0.0000,0.0000,0.0000,0.0000,0.0000,0.0000,2.9100,1.5200,9.8100,49.4600,0.0000,1700.1235,1018.00,0.00,21.2950,0.00,2696.8285
79,BRPL,64DSBRPL2025/07/24,0.0000,0.0000,0.0000,0.0000,0.0000,0.0000,0.0000,0.0000,58.7400,0.0000,6.1807,39.7279,0.0000,0.0000,0.0000,0.0000,38.0800,11.5300,78.6600,0.0000,91.8335,0.0000,0.0000,0.0000,0.0000,0.0000,0.0000,0.0000,0.0000,0.0000,0.0000,0.0000,359.4000,0.0000,0.0000,7.3300,64.1600,53.0700,73.7500,48.1000,24.1200,9.1600,19.0700,11.7300,19.2200,41.7300,0.0000,0.0000,0.0000,0.0000,4.0600,41.5800,28.5500,5.7600,0.0000,15.3800,0.0000,0.0000,2.7500,28.0400,13.5500,0.0000,0.0000,0.0000,20.1300,16.4000,18.5100,22.0300,15.5100,19.3800,26.3500,25.7300,45.8200,5.0600,8.6300,1.4600,0.0000,0.0000,0.0000,0.0000,0.0200,0.0000,43.8200,0.0000,0.0000,0.0000,0.0000,0.0000,0.0000,0.0000,43.9900,0.0000,0.0000,0.7900,0.0000,0.0000,0.0000,0.0000,20.0000,36.6600,0.0000,2.5100,3.2800,0.0000,4.4800,10.2214,29.2800,0.0000,0.0000,0.0000,0.0000,0.0000,0.0000,0.0000,0.0000,0.0000,0.0000,2.9100,1.5200,9.8100,49.4600,0.0000,1679.0235,1054.52,0.00,21.4152,0.00,2712.1283
80,BRPL,64DSBRPL2025/07/24,0.0000,0.0000,0.0000,0.0000,0.0000,0.0000,0.0000,0.0000,58.7400,0.0000,6.1807,39.7279,0.0000,0.0000,0.0000,0.0000,38.0800,11.5300,78.6600,0.0000,91.8335,0.0000,0.0000,0.0000,0.0000,0.0000,0.0000,0.0000,0.0000,0.0000,0.0000,0.0000,359.4000,0.0000,0.0000,7.3300,64.1600,53.0700,73.7500,48.1000,24.1200,9.1600,19.0700,11.7300,19.2200,41.7300,0.0000,0.0000,0.0000,0.0000,4.0600,41.5800,28.5500,5.7600,0.0000,15.3800,0.0000,0.0000,2.7500,28.0400,13.6200,0.0000,0.0000,0.0000,20.1300,16.4000,18.5100,22.0300,15.5100,19.3800,26.3500,24.3700,45.8200,5.0300,8.6300,1.4600,0.0000,0.0000,0.0000,0.0000,0.0200,0.0000,43.8200,0.0000,0.0000,0.0000,0.0000,0.0000,0.0000,0.0000,45.0000,0.0000,0.0000,0.0000,0.0000,0.0000,0.0000,0.0000,19.6700,37.3400,0.0000,2.5100,3.2800,0.0000,4.4800,10.2214,28.7700,0.0000,0.0000,0.0000,0.0000,0.0000,0.0000,0.0000,0.0000,0.0000,0.0000,2.9100,1.5200,9.8100,49.4600,0.0000,1677.7635,1093.91,0.00,21.7127,0.00,2749.9608
81,BRPL,64DSBRPL2025/07/24,0.0000,0.0000,0.0000,0.0000,0.0000,0.0000,0.0000,0.0000,58.7400,0.0000,6.1807,39.7279,0.0000,0.0000,0.0000,0.0000,38.0800,11.5300,78.6600,0.0000,91.8335,0.0000,0.0000,0.0000,0.0000,0.0000,0.0000,0.0000,0.0000,0.0000,0.0000,0.0000,359.4000,0.0000,0.0000,6.1600,64.1600,53.0700,73.7500,48.1000,24.1200,9.1600,19.0700,11.7300,19.2200,41.7300,0.0000,0.0000,0.0000,0.0000,4.0600,41.5800,28.5500,5.7600,0.0000,15.3800,0.0000,0.0000,2.7500,28.0400,13.7400,0.0000,0.0000,0.0000,20.1300,16.4000,18.5100,22.0300,15.5100,19.3800,26.3500,24.3700,45.8200,5.0300,8.6300,1.4600,0.0000,0.0000,0.0000,0.0000,0.0200,0.0000,43.6200,0.0000,0.0000,0.0000,0.0000,0.0000,0.0000,0.0000,46.0100,0.0000,0.0000,0.0000,0.0000,0.0000,0.0000,0.0000,19.3300,38.3400,0.0000,2.5100,3.2800,0.0000,5.7700,10.2214,28.7700,0.0000,0.0000,0.0000,0.0000,0.0000,0.0000,0.0000,0.0000,0.0000,0.0000,3.8400,1.5200,9.8100,49.4600,0.0000,1680.4035,1112.97,0.00,21.8819,0.00,2771.4916
82,BRPL,64DSBRPL2025/07/24,0.0000,0.0000,0.0000,0.0000,0.0000,0.0000,0.0000,0.0000,58.7400,0.0000,6.1807,39.7279,0.0000,0.0000,0.0000,0.0000,38.0800,11.5300,78.6600,0.0000,91.8335,0.0000,0.0000,0.0000,0.0000,0.0000,0.0000,0.0000,0.0000,0.0000,0.0000,0.0000,359.4000,0.0000,0.0000,6.1600,64.1600,53.0700,73.7500,48.1000,24.1200,9.1600,19.0700,11.7300,19.2200,41.7300,0.0000,0.0000,0.0000,0.0000,4.0600,41.5800,28.5500,5.7600,0.0000,15.3800,0.0000,0.0000,2.7500,28.0400,13.8000,0.0000,0.0000,0.0000,20.1300,16.4000,18.5100,22.0300,15.5100,19.3800,26.3500,24.3700,45.8200,5.0300,8.6300,1.4600,0.0000,0.0000,0.0000,0.0000,0.0200,0.0000,43.2200,0.0000,0.0000,0.0000,0.0000,0.0000,0.0000,0.0000,47.5100,0.0000,0.0000,0.0000,0.0000,0.0000,0.0000,0.0000,19.0000,39.3400,0.0000,2.5100,3.2800,0.0000,5.7700,10.2214,28.7700,0.0000,0.0000,0.0000,0.0000,0.0000,0.0000,0.0000,0.0000,0.0000,0.0000,3.8400,1.5200,9.8100,49.4600,0.0000,1682.2335,1149.49,0.00,22.1810,0.00,2809.5425
83,BRPL,64DSBRPL2025/07/24,0.0000,0.0000,0.0000,0.0000,0.0000,0.0000,0.0000,0.0000,58.7400,0.0000,6.1807,39.7279,0.0000,0.0000,0.0000,0.0000,38.0800,11.5300,78.6600,0.0000,91.8335,0.0000,0.0000,0.0000,0.0000,0.0000,0.0000,0.0000,0.0000,0.0000,0.0000,0.0000,359.4000,0.0000,0.0000,6.1600,64.1600,53.0700,73.7500,48.1000,24.1200,9.1600,19.0700,11.7300,19.2200,41.7300,0.0000,29.2900,46.2600,44.8700,4.0600,41.5800,28.5500,5.7600,0.0000,15.3800,0.0000,0.0000,2.7500,28.0400,13.6200,0.0000,0.0000,0.0000,20.1300,16.4000,18.5100,22.0300,15.5100,19.3800,26.3500,24.7200,45.8200,5.0300,8.6300,1.4600,0.0000,0.0000,0.0000,0.0000,0.0200,0.0000,43.4200,0.0000,0.0000,0.0000,0.0000,0.0000,0.0000,0.0000,48.3600,0.0000,0.0000,0.0000,0.0000,0.0000,0.0000,0.0000,18.6700,40.0000,0.0000,2.5100,3.2800,0.0000,5.7700,10.2214,28.7700,0.0000,0.0000,0.0000,0.0000,0.0000,0.0000,0.0000,0.0000,0.0000,0.0000,3.8400,1.5200,9.8100,49.4600,0.0000,1804.2035,1022.63,0.00,22.1429,0.00,2804.6906
84,BRPL,64DSBRPL2025/07/24,0.0000,0.0000,0.0000,0.0000,0.0000,0.0000,0.0000,0.0000,58.7400,0.0000,6.1807,39.7279,0.0000,0.0000,0.0000,0.0000,38.0800,11.5300,78.6600,0.0000,91.8335,0.0000,0.0000,0.0000,0.0000,0.0000,0.0000,0.0000,0.0000,0.0000,0.0000,0.0000,359.4000,0.0000,0.0000,6.1600,64.1600,53.0700,73.7500,48.1000,24.1200,9.1600,19.0700,11.7300,19.2200,41.7300,0.0000,32.9500,54.9000,55.7800,4.0600,41.5800,28.5500,5.5700,0.0000,15.3800,0.0000,0.0000,2.7500,28.0400,13.6500,0.0000,0.0000,0.0000,20.1300,16.4000,18.5100,21.6300,15.5100,19.3800,26.3500,24.7200,45.8200,5.0300,8.6300,1.4600,0.0000,0.0000,0.0000,0.0000,0.0200,0.0000,43.2200,0.0000,0.0000,0.0000,0.0000,0.0000,0.0000,0.0000,47.8300,0.0000,0.0000,0.0000,0.0000,0.0000,0.0000,0.0000,18.0000,40.0000,0.0000,2.5100,3.2800,0.0000,5.7700,10.2214,28.7700,0.0000,0.0000,0.0000,0.0000,0.0000,0.0000,0.0000,0.0000,0.0000,0.0000,3.8400,1.5200,9.8100,49.4600,0.0000,1825.4535,1054.35,0.00,22.5561,0.00,2857.2474
85,BRPL,64DSBRPL2025/07/24,0.0000,0.0000,0.0000,0.0000,0.0000,0.0000,0.0000,0.0000,58.7400,0.0000,6.3739,39.7279,0.0000,0.0000,0.0000,0.0000,38.0800,11.5300,78.6600,0.0000,91.8335,0.0000,0.0000,0.0000,0.0000,0.0000,0.0000,0.0000,0.0000,0.0000,0.0000,0.0000,359.4000,0.0000,0.0000,6.1600,64.1600,53.0700,73.7500,48.1000,24.1200,9.1600,19.0700,11.7300,19.2200,41.7300,0.0000,33.3900,54.9000,55.7800,4.0600,41.5800,28.5500,5.5700,0.0000,15.3800,0.0000,0.0000,2.7500,28.0400,13.6500,0.0000,0.0000,0.0000,20.1300,16.4000,18.5100,21.6300,15.5100,19.3800,26.3500,24.7200,45.8200,5.0300,8.6300,1.4600,0.0000,0.0000,0.0000,0.0000,0.0200,0.0000,43.4200,0.0000,0.0000,0.0000,0.0000,0.0000,0.0000,0.0000,37.9900,0.0000,0.0000,0.0000,0.0000,0.0000,0.0000,0.0000,13.6300,39.3400,0.0000,2.5100,3.2800,0.0000,5.7700,10.2214,28.7700,0.0000,0.0000,0.0000,0.0000,0.0000,0.0000,0.0000,0.0000,0.0000,0.0000,3.8400,1.5200,9.8100,49.4600,0.0000,1811.4167,1079.51,0.00,22.6428,0.00,2868.2839
86,BRPL,64DSBRPL2025/07/24,0.0000,0.0000,0.0000,0.0000,0.0000,0.0000,0.0000,0.0000,58.7400,0.0000,6.3739,39.7279,0.0000,0.0000,0.0000,0.0000,38.0800,11.5300,77.9300,0.0000,91.8335,0.0000,0.0000,0.0000,0.0000,0.0000,0.0000,0.0000,0.0000,0.0000,0.0000,0.0000,359.4000,0.0000,0.0000,6.1600,64.1600,53.0700,73.7500,48.1000,24.0300,9.1600,19.0700,11.7300,19.2200,41.7300,0.0000,33.3900,54.9000,55.7800,4.0600,41.5800,25.9400,5.4200,0.0000,15.3800,0.0000,0.0000,2.6600,28.0400,13.7100,0.0000,0.0000,0.0000,20.1300,16.4000,18.5100,20.9300,15.0600,18.8400,25.5600,5.9400,45.8200,5.0300,8.1100,1.4600,0.0000,0.0000,0.0000,0.0000,0.0200,0.0000,43.0200,0.0000,0.0000,0.0000,0.0000,0.0000,0.0000,0.0000,39.0000,0.0000,0.0000,0.0000,0.0000,0.0000,0.0000,0.0000,13.8000,38.0000,0.0000,2.5100,3.1500,0.0000,5.7700,10.2214,28.7700,0.0000,0.0000,0.0000,0.0000,0.0000,0.0000,0.0000,0.0000,0.0000,0.0000,3.8400,1.5200,9.8100,49.4600,0.0000,1785.3367,1110.61,20.00,22.6820,0.00,2893.2647
87,BRPL,64DSBRPL2025/07/24,0.0000,0.0000,0.0000,0.0000,0.0000,0.0000,0.0000,0.0000,58.7400,0.0000,6.3739,39.7279,0.0000,0.0000,0.0000,0.0000,38.0800,12.0000,77.9300,0.0000,91.8335,0.0000,0.0000,0.0000,0.0000,0.0000,0.0000,0.0000,0.0000,0.0000,0.0000,0.0000,359.4000,0.0000,0.0000,6.1600,64.1600,53.0700,73.7500,48.1000,24.0300,9.1600,19.0700,11.7300,19.2200,41.7300,0.0000,33.3900,54.9000,55.7800,4.0600,41.5800,25.9400,5.4200,0.0000,15.3800,0.0000,0.0000,2.6600,28.0400,13.7700,0.0000,0.0000,0.0000,20.1300,16.4000,18.5100,20.9300,15.0600,18.8400,25.5600,7.5000,45.8200,5.0300,8.1100,1.4600,0.0000,0.0000,0.0000,0.0000,0.0200,0.0000,41.6200,0.0000,0.0000,0.0000,0.0000,0.0000,0.0000,0.0000,40.0100,0.0000,0.0000,0.0000,0.0000,0.0000,0.0000,0.0000,14.0300,30.0000,0.0000,2.5100,3.1500,0.0000,5.7700,10.2214,28.7700,0.0000,0.0000,0.0000,0.0000,0.0000,0.0000,0.0000,0.0000,0.0000,0.0000,3.8400,1.5200,9.8100,49.4600,0.0000,1779.2667,1107.43,35.00,22.6098,0.00,2899.0869
88,BRPL,64DSBRPL2025/07/24,0.0000,0.0000,0.0000,0.0000,0.0000,0.0000,0.0000,0.0000,58.7400,0.0000,6.3739,39.7279,0.0000,0.0000,0.0000,0.0000,38.0800,12.0000,78.6600,0.0000,91.8335,0.0000,0.0000,0.0000,0.0000,0.0000,0.0000,0.0000,0.0000,0.0000,0.0000,0.0000,359.4000,0.0000,0.0000,6.1600,64.1600,53.0700,73.7500,48.1000,24.0300,9.1600,19.0700,11.7300,19.2200,41.7300,0.0000,33.3900,54.9000,55.7800,4.0600,41.5800,28.5500,5.7600,0.0000,15.3800,0.0000,0.0000,2.7500,28.0400,13.8400,0.0000,0.0000,0.0000,20.1300,16.4000,18.5100,22.0300,15.5100,19.3800,26.3500,24.3700,45.8200,5.0300,8.6300,1.4600,0.0000,0.0000,0.0000,0.0000,0.0200,0.0000,40.2200,0.0000,0.0000,0.0000,0.0000,0.0000,0.0000,0.0000,40.9900,0.0000,0.0000,0.0000,0.0000,0.0000,0.0000,0.0000,14.3300,29.6600,0.0000,2.5100,3.2800,0.0000,5.7700,10.2214,28.2700,0.0000,0.0000,0.0000,0.0000,0.0000,0.0000,0.0000,0.0000,0.0000,0.0000,3.8400,1.5200,9.8100,49.4600,0.0000,1802.5467,1128.93,33.00,22.9591,0.00,2941.5176
89,BRPL,64DSBRPL2025/07/24,0.0000,0.0000,0.0000,0.0000,0.0000,0.0000,0.0000,0.0000,58.7400,0.0000,6.3739,34.9701,0.0000,0.0000,0.0000,0.0000,38.0800,12.0000,78.6600,0.0000,91.8335,0.0000,0.0000,0.0000,0.0000,0.0000,0.0000,0.0000,0.0000,0.0000,0.0000,0.0000,359.4000,0.0000,0.0000,6.1600,64.1600,53.0700,73.7500,48.1000,24.0300,9.1600,19.0700,11.7300,19.2200,41.7300,0.0000,33.9300,51.7300,52.0200,4.0600,41.5800,28.5500,5.7600,0.0000,15.3800,0.0000,0.0000,2.7500,28.0400,13.9000,0.0000,0.0000,0.0000,20.1300,16.4000,18.5100,22.0300,15.5100,19.3800,26.3500,24.3700,45.8200,5.0300,8.6300,1.4600,0.0000,0.0000,0.0000,0.0000,0.0200,0.0000,39.0200,0.0000,0.0000,0.0000,0.0000,0.0000,0.0000,0.0000,39.4900,0.0000,0.0000,0.0000,0.0000,0.0000,0.0000,0.0000,14.8100,29.6600,0.0000,2.5100,3.2800,0.0000,5.7700,10.2214,27.7600,0.0000,0.0000,0.0000,0.0000,0.0000,0.0000,0.0000,0.0000,0.0000,0.0000,3.8400,1.5200,9.8100,49.4600,0.0000,1788.7289,1188.89,52.00,23.3190,0.00,3006.2999
90,BRPL,64DSBRPL2025/07/24,0.0000,0.0000,0.0000,0.0000,0.0000,0.0000,0.0000,0.0000,58.7400,0.0000,6.3739,34.9701,0.0000,0.0000,0.0000,0.0000,38.0800,12.0000,78.6600,0.0000,91.8335,0.0000,0.0000,0.0000,0.0000,0.0000,0.0000,0.0000,0.0000,0.0000,0.0000,0.0000,359.4000,0.0000,0.0000,6.1600,64.1600,53.0700,73.7500,48.1000,24.0300,9.1600,19.0700,11.7300,19.2200,41.7300,0.0000,33.9300,51.7300,52.0200,4.0600,41.5800,28.5500,5.7600,0.0000,15.3800,0.0000,0.0000,2.7500,28.0400,13.9000,0.0000,0.0000,0.0000,20.1300,16.4000,18.5100,22.0300,15.5100,19.3800,26.3500,24.3700,45.8200,5.0300,8.6300,1.4600,0.0000,0.0000,0.0000,0.0000,0.0200,0.0000,39.4200,0.0000,0.0000,0.0000,0.0000,0.0000,0.0000,0.0000,40.9900,0.0000,0.0000,0.0000,0.0000,0.0000,0.0000,0.0000,15.4100,29.0000,0.0000,2.5100,3.2800,0.0000,5.7700,10.2214,27.2600,0.0000,0.0000,0.0000,0.0000,0.0000,0.0000,0.0000,0.0000,0.0000,0.0000,3.8400,1.5200,9.8100,49.4600,0.0000,1790.0689,1190.93,75.00,23.3454,0.00,3032.6535
91,BRPL,64DSBRPL2025/07/24,0.0000,0.0000,0.0000,0.0000,0.0000,0.0000,0.0000,0.0000,58.7400,0.0000,6.3739,34.9701,0.0000,0.0000,0.0000,0.0000,38.0800,12.0000,78.6600,0.0000,91.8335,0.0000,0.0000,0.0000,0.0000,0.0000,0.0000,0.0000,0.0000,0.0000,0.0000,0.0000,359.4000,0.0000,0.0000,6.1600,64.1600,53.0700,73.7500,48.1000,24.1200,9.1600,19.0700,11.7300,19.2200,41.7300,0.0000,33.9300,51.7300,52.0200,4.0600,41.5800,28.5500,5.7600,0.0000,15.3800,0.0000,0.0000,2.7500,28.0400,13.9000,0.0000,0.0000,0.0000,20.1300,16.4000,18.5100,22.0300,15.5100,19.3800,26.3500,24.7200,45.8200,5.0300,8.6300,1.4600,0.0000,0.0000,0.0000,0.0000,0.0200,0.0000,44.0200,0.0000,0.0000,0.0000,0.0000,0.0000,0.0000,0.0000,42.4900,0.0000,0.0000,0.0000,0.0000,0.0000,0.0000,0.0000,16.1500,28.3400,0.0000,2.5100,3.2800,0.0000,5.7700,10.2214,29.2800,0.0000,0.0000,0.0000,0.0000,0.0000,0.0000,0.0000,0.0000,0.0000,0.0000,3.8400,1.5200,9.8100,49.4600,0.0000,1798.7089,1326.46,108.00,24.4699,0.00,3208.6990
92,BRPL,64DSBRPL2025/07/24,0.0000,0.0000,0.0000,0.0000,0.0000,0.0000,0.0000,0.0000,58.7400,0.0000,6.3739,34.9701,0.0000,0.0000,0.0000,0.0000,38.0800,12.0000,77.9300,0.0000,91.8335,0.0000,0.0000,0.0000,0.0000,0.0000,0.0000,0.0000,0.0000,0.0000,0.0000,0.0000,359.4000,0.0000,0.0000,6.1600,64.1600,53.0700,73.7500,48.1000,24.1200,9.1600,19.0700,11.7300,19.2200,41.7300,0.0000,33.9300,51.7300,52.0200,4.0600,40.6100,26.0900,5.4200,0.0000,15.3800,0.0000,0.0000,2.6600,28.0400,13.9000,0.0000,0.0000,0.0000,20.1300,16.4000,18.5100,20.9300,15.0600,18.8400,25.5600,9.3700,45.8200,5.0300,8.2600,1.4600,0.0000,0.0000,0.0000,0.0000,0.0200,0.0000,44.0200,0.0000,0.0000,0.0000,0.0000,0.0000,0.0000,0.0000,43.9900,0.0000,0.0000,0.0000,0.0000,0.0000,0.0000,0.0000,16.9500,26.3400,0.0000,2.5100,3.1500,0.0000,5.7700,10.2214,28.7700,0.0000,0.0000,0.0000,0.0000,0.0000,0.0000,0.0000,0.0000,0.0000,0.0000,3.8400,1.5200,9.8100,49.4600,0.0000,1775.1789,1301.59,138.00,24.0924,0.00,3190.6765
93,BRPL,64DSBRPL2025/07/24,0.0000,0.0000,0.0000,0.0000,0.0000,0.0000,0.0000,0.0000,58.7400,0.0000,11.2259,39.7279,0.0000,0.0000,0.0000,0.0000,38.0800,12.0000,77.9300,0.0000,91.8335,0.0000,0.0000,0.0000,0.0000,0.0000,0.0000,0.0000,0.0000,0.0000,0.0000,0.0000,359.4000,0.0000,0.0000,6.1600,64.1600,53.0700,73.7500,48.1000,24.1200,9.1600,19.0700,11.7300,19.2200,41.7300,0.0000,33.9300,51.9000,52.0200,4.0600,40.6100,25.9400,5.4200,0.0000,15.3800,0.0000,0.0000,2.6600,28.0400,13.9000,0.0000,0.0000,0.0000,20.1300,16.4000,18.5100,20.9300,15.0600,18.8400,25.5600,9.3700,45.8200,5.0300,8.2600,1.4600,0.0000,0.0000,0.0000,0.0000,0.0200,0.0000,44.0200,0.0000,0.0000,0.0000,0.0000,0.0000,0.0000,0.0000,44.5100,0.0000,0.0000,0.0000,0.0000,0.0000,0.0000,0.0000,17.5500,24.6600,0.0000,2.5100,3.1500,0.0000,5.7700,10.2214,28.7700,0.0000,0.0000,0.0000,0.0000,0.0000,0.0000,0.0000,0.0000,0.0000,0.0000,3.8400,1.5200,9.8100,49.4600,0.0000,1784.2487,1211.31,131.00,23.4590,0.00,3103.0997
94,BRPL,64DSBRPL2025/07/24,0.0000,0.0000,0.0000,0.0000,0.0000,0.0000,0.0000,0.0000,58.7400,0.0000,11.2259,39.7279,0.0000,0.0000,0.0000,0.0000,38.0800,12.0000,77.9300,0.0000,91.8335,0.0000,0.0000,0.0000,0.0000,0.0000,0.0000,0.0000,0.0000,0.0000,0.0000,0.0000,359.4000,0.0000,0.0000,6.1600,64.1600,53.0700,73.7500,48.1000,24.1200,9.1600,19.0700,11.7300,19.2200,41.7300,0.0000,33.9300,51.9000,52.0200,4.0600,40.6100,25.9400,5.4200,0.0000,15.3800,0.0000,0.0000,2.6600,28.0400,13.9000,0.0000,0.0000,0.0000,20.1300,16.4000,18.5100,20.9300,15.0600,18.8400,25.5600,13.7500,45.8200,5.0300,8.2600,1.4600,0.0000,0.0000,0.0000,0.0000,0.0200,0.0000,44.0200,0.0000,0.0000,0.0000,0.0000,0.0000,0.0000,0.0000,45.0000,0.0000,0.0000,0.0000,0.0000,0.0000,0.0000,0.0000,17.7600,23.0000,0.0000,2.5100,3.1500,0.0000,5.7700,10.2214,28.2700,0.0000,0.0000,0.0000,0.0000,0.0000,0.0000,0.0000,0.0000,0.0000,0.0000,3.8400,1.5200,9.8100,49.4600,0.0000,1787.1687,1205.95,134.00,23.4399,0.00,3103.6788
95,BRPL,64DSBRPL2025/07/24,0.0000,0.0000,0.0000,0.0000,0.0000,0.0000,0.0000,0.0000,58.7400,0.0000,6.3739,34.9701,0.0000,0.0000,0.0000,0.0000,38.0800,12.0000,77.9300,0.0000,91.8335,0.0000,0.0000,0.0000,0.0000,0.0000,0.0000,0.0000,0.0000,0.0000,0.0000,0.0000,359.4000,0.0000,0.0000,6.1600,64.1600,53.0700,73.7500,48.1000,24.1200,9.1600,19.0700,11.7300,19.2200,41.7300,0.0000,33.9300,52.1500,52.1900,4.0600,40.6100,25.9400,5.4200,0.0000,15.3800,0.0000,0.0000,2.6600,28.0400,13.9000,0.0000,0.0000,0.0000,20.1300,16.4000,18.5100,20.9300,15.0600,18.8400,25.5600,15.6200,45.8200,5.0300,8.2600,1.4600,0.0000,0.0000,0.0000,0.0000,0.0200,0.0000,44.0200,0.0000,0.0000,0.0000,0.0000,0.0000,0.0000,0.0000,45.4900,0.0000,0.0000,0.0000,0.0000,0.0000,0.0000,0.0000,17.9100,22.0000,0.0000,2.5100,3.1500,0.0000,5.7700,10.2214,28.2700,0.0000,0.0000,0.0000,0.0000,0.0000,0.0000,0.0000,0.0000,0.0000,0.0000,3.8400,1.5200,9.8100,49.4600,0.0000,1779.4889,1165.84,111.00,23.0672,0.00,3033.2617
96,BRPL,64DSBRPL2025/07/24,0.0000,0.0000,0.0000,0.0000,0.0000,0.0000,0.0000,0.0000,58.7400,0.0000,6.3739,34.9701,0.0000,0.0000,0.0000,0.0000,38.0800,12.0000,77.9300,0.0000,91.8335,0.0000,0.0000,0.0000,0.0000,0.0000,0.0000,0.0000,0.0000,0.0000,0.0000,0.0000,359.4000,0.0000,0.0000,6.1600,64.1600,53.0700,73.7500,48.1000,24.1200,9.1600,19.0700,11.7300,19.2200,41.7300,0.0000,20.5300,51.9000,33.7600,4.0600,40.6100,25.9400,5.4200,0.0000,15.3800,0.0000,0.0000,2.6600,28.0400,13.9000,0.0000,0.0000,0.0000,20.1300,16.4000,18.5100,20.9300,15.0600,18.8400,25.5600,15.6200,45.8200,5.0300,8.2600,1.4600,0.0000,0.0000,0.0000,0.0000,0.0200,0.0000,44.0200,0.0000,0.0000,0.0000,0.0000,0.0000,0.0000,0.0000,46.0100,0.0000,0.0000,0.0000,0.0000,0.0000,0.0000,0.0000,18.0400,21.3400,0.0000,2.5100,3.1500,0.0000,5.7700,10.2214,28.2700,0.0000,0.0000,0.0000,0.0000,0.0000,0.0000,0.0000,0.0000,0.0000,0.0000,3.8400,1.5200,9.8100,49.4600,0.0000,1747.3989,1184.09,82.00,22.9592,0.00,2990.5297
,,,,,,,,,,,,,,,,,,,,,,,,,,,,,,,,,,,,,,,,,,,,,,,,,,,,,,,,,,,,,,,,,,,,,,,,,,,,,,,,,,,,,,,,,,,,,,,,,,,,,,,,,,,,,,,,,,,,,,,,,,,,,1622.7124,891.07,0.00,23.8039,0.00,2489.9785
,,,,,,,,,,,,,,,,,,,,,,,,,,,,,,,,,,,,,,,,,,,,,,,,,,,,,,,,,,,,,,,,,,,,,,,,,,,,,,,,,,,,,,,,,,,,,,,,,,,,,,,,,,,,,,,,,,,,,,,,,,,,,1623.9065,846.09,0.00,23.7744,0.00,2446.2221
,,,,,,,,,,,,,,,,,,,,,,,,,,,,,,,,,,,,,,,,,,,,,,,,,,,,,,,,,,,,,,,,,,,,,,,,,,,,,,,,,,,,,,,,,,,,,,,,,,,,,,,,,,,,,,,,,,,,,,,,,,,,,1623.4065,805.72,0.00,23.4556,0.00,2405.6709
,,,,,,,,,,,,,,,,,,,,,,,,,,,,,,,,,,,,,,,,,,,,,,,,,,,,,,,,,,,,,,,,,,,,,,,,,,,,,,,,,,,,,,,,,,,,,,,,,,,,,,,,,,,,,,,,,,,,,,,,,,,,,1617.8665,775.93,0.00,23.1800,0.00,2370.6165
,,,,,,,,,,,,,,,,,,,,,,,,,,,,,,,,,,,,,,,,,,,,,,,,,,,,,,,,,,,,,,,,,,,,,,,,,,,,,,,,,,,,,,,,,,,,,,,,,,,,,,,,,,,,,,,,,,,,,,,,,,,,,1614.3765,741.75,0.00,22.9798,0.00,2333.1467
,,,,,,,,,,,,,,,,,,,,,,,,,,,,,,,,,,,,,,,,,,,,,,,,,,,,,,,,,,,,,,,,,,,,,,,,,,,,,,,,,,,,,,,,,,,,,,,,,,,,,,,,,,,,,,,,,,,,,,,,,,,,,1610.7965,708.75,0.00,23.2093,0.00,2296.3372
,,,,,,,,,,,,,,,,,,,,,,,,,,,,,,,,,,,,,,,,,,,,,,,,,,,,,,,,,,,,,,,,,,,,,,,,,,,,,,,,,,,,,,,,,,,,,,,,,,,,,,,,,,,,,,,,,,,,,,,,,,,,,1633.6765,651.75,0.00,23.8323,0.00,2261.5942
,,,,,,,,,,,,,,,,,,,,,,,,,,,,,,,,,,,,,,,,,,,,,,,,,,,,,,,,,,,,,,,,,,,,,,,,,,,,,,,,,,,,,,,,,,,,,,,,,,,,,,,,,,,,,,,,,,,,,,,,,,,,,1643.0465,601.75,0.00,24.2954,0.00,2220.5011
,,,,,,,,,,,,,,,,,,,,,,,,,,,,,,,,,,,,,,,,,,,,,,,,,,,,,,,,,,,,,,,,,,,,,,,,,,,,,,,,,,,,,,,,,,,,,,,,,,,,,,,,,,,,,,,,,,,,,,,,,,,,,1605.9065,578.14,0.00,22.6828,0.00,2161.3637
,,,,,,,,,,,,,,,,,,,,,,,,,,,,,,,,,,,,,,,,,,,,,,,,,,,,,,,,,,,,,,,,,,,,,,,,,,,,,,,,,,,,,,,,,,,,,,,,,,,,,,,,,,,,,,,,,,,,,,,,,,,,,1544.0165,604.14,0.00,21.9972,0.00,2126.1593
,,,,,,,,,,,,,,,,,,,,,,,,,,,,,,,,,,,,,,,,,,,,,,,,,,,,,,,,,,,,,,,,,,,,,,,,,,,,,,,,,,,,,,,,,,,,,,,,,,,,,,,,,,,,,,,,,,,,,,,,,,,,,1471.8565,635.14,0.00,21.1926,0.00,2085.8039
,,,,,,,,,,,,,,,,,,,,,,,,,,,,,,,,,,,,,,,,,,,,,,,,,,,,,,,,,,,,,,,,,,,,,,,,,,,,,,,,,,,,,,,,,,,,,,,,,,,,,,,,,,,,,,,,,,,,,,,,,,,,,1416.0465,667.48,0.00,20.7599,0.00,2062.7666
,,,,,,,,,,,,,,,,,,,,,,,,,,,,,,,,,,,,,,,,,,,,,,,,,,,,,,,,,,,,,,,,,,,,,,,,,,,,,,,,,,,,,,,,,,,,,,,,,,,,,,,,,,,,,,,,,,,,,,,,,,,,,1399.0865,671.50,0.00,16.2442,0.00,2054.3423
,,,,,,,,,,,,,,,,,,,,,,,,,,,,,,,,,,,,,,,,,,,,,,,,,,,,,,,,,,,,,,,,,,,,,,,,,,,,,,,,,,,,,,,,,,,,,,,,,,,,,,,,,,,,,,,,,,,,,,,,,,,,,1368.6765,681.64,0.00,16.2577,0.00,2034.0588
,,,,,,,,,,,,,,,,,,,,,,,,,,,,,,,,,,,,,,,,,,,,,,,,,,,,,,,,,,,,,,,,,,,,,,,,,,,,,,,,,,,,,,,,,,,,,,,,,,,,,,,,,,,,,,,,,,,,,,,,,,,,,1327.6165,715.86,0.00,16.3603,0.00,2027.1162
,,,,,,,,,,,,,,,,,,,,,,,,,,,,,,,,,,,,,,,,,,,,,,,,,,,,,,,,,,,,,,,,,,,,,,,,,,,,,,,,,,,,,,,,,,,,,,,,,,,,,,,,,,,,,,,,,,,,,,,,,,,,,1325.5565,696.94,0.00,16.4619,0.00,2006.0346
,,,,,,,,,,,,,,,,,,,,,,,,,,,,,,,,,,,,,,,,,,,,,,,,,,,,,,,,,,,,,,,,,,,,,,,,,,,,,,,,,,,,,,,,,,,,,,,,,,,,,,,,,,,,,,,,,,,,,,,,,,,,,1323.9065,643.61,0.00,16.2202,0.00,1951.2963
,,,,,,,,,,,,,,,,,,,,,,,,,,,,,,,,,,,,,,,,,,,,,,,,,,,,,,,,,,,,,,,,,,,,,,,,,,,,,,,,,,,,,,,,,,,,,,,,,,,,,,,,,,,,,,,,,,,,,,,,,,,,,1325.1865,631.26,0.00,16.4615,0.00,1939.9850
,,,,,,,,,,,,,,,,,,,,,,,,,,,,,,,,,,,,,,,,,,,,,,,,,,,,,,,,,,,,,,,,,,,,,,,,,,,,,,,,,,,,,,,,,,,,,,,,,,,,,,,,,,,,,,,,,,,,,,,,,,,,,1324.6065,581.97,0.00,16.1817,0.00,1890.3948
,,,,,,,,,,,,,,,,,,,,,,,,,,,,,,,,,,,,,,,,,,,,,,,,,,,,,,,,,,,,,,,,,,,,,,,,,,,,,,,,,,,,,,,,,,,,,,,,,,,,,,,,,,,,,,,,,,,,,,,,,,,,,1275.5365,614.97,0.00,15.5416,0.00,1874.9649
,,,,,,,,,,,,,,,,,,,,,,,,,,,,,,,,,,,,,,,,,,,,,,,,,,,,,,,,,,,,,,,,,,,,,,,,,,,,,,,,,,,,,,,,,,,,,,,,,,,,,,,,,,,,,,,,,,,,,,,,,,,,,1221.9465,647.97,0.00,14.8661,0.00,1855.0504
,,,,,,,,,,,,,,,,,,,,,,,,,,,,,,,,,,,,,,,,,,,,,,,,,,,,,,,,,,,,,,,,,,,,,,,,,,,,,,,,,,,,,,,,,,,,,,,,,,,,,,,,,,,,,,,,,,,,,,,,,,,,,1222.0665,647.97,0.00,14.8671,0.00,1855.1694
,,,,,,,,,,,,,,,,,,,,,,,,,,,,,,,,,,,,,,,,,,,,,,,,,,,,,,,,,,,,,,,,,,,,,,,,,,,,,,,,,,,,,,,,,,,,,,,,,,,,,,,,,,,,,,,,,,,,,,,,,,,,,1259.9965,583.01,0.00,15.6547,0.00,1827.3518
,,,,,,,,,,,,,,,,,,,,,,,,,,,,,,,,,,,,,,,,,,,,,,,,,,,,,,,,,,,,,,,,,,,,,,,,,,,,,,,,,,,,,,,,,,,,,,,,,,,,,,,,,,,,,,,,,,,,,,,,,,,,,1318.8065,515.41,0.00,16.6562,0.00,1817.5603
,,,,,,,,,,,,,,,,,,,,,,,,,,,,,,,,,,,,,,,,,,,,,,,,,,,,,,,,,,,,,,,,,,,,,,,,,,,,,,,,,,,,,,,,,,,,,,,,,,,,,,,,,,,,,,,,,,,,,,,,,,,,,1311.2341,559.01,0.00,16.2574,0.00,1853.9867
,,,,,,,,,,,,,,,,,,,,,,,,,,,,,,,,,,,,,,,,,,,,,,,,,,,,,,,,,,,,,,,,,,,,,,,,,,,,,,,,,,,,,,,,,,,,,,,,,,,,,,,,,,,,,,,,,,,,,,,,,,,,,1351.0993,557.01,0.00,16.6091,0.00,1891.5002
,,,,,,,,,,,,,,,,,,,,,,,,,,,,,,,,,,,,,,,,,,,,,,,,,,,,,,,,,,,,,,,,,,,,,,,,,,,,,,,,,,,,,,,,,,,,,,,,,,,,,,,,,,,,,,,,,,,,,,,,,,,,,1316.5494,588.01,0.00,16.0580,0.00,1888.5014
,,,,,,,,,,,,,,,,,,,,,,,,,,,,,,,,,,,,,,,,,,,,,,,,,,,,,,,,,,,,,,,,,,,,,,,,,,,,,,,,,,,,,,,,,,,,,,,,,,,,,,,,,,,,,,,,,,,,,,,,,,,,,1246.7665,658.01,0.00,14.9446,0.00,1889.8319
,,,,,,,,,,,,,,,,,,,,,,,,,,,,,,,,,,,,,,,,,,,,,,,,,,,,,,,,,,,,,,,,,,,,,,,,,,,,,,,,,,,,,,,,,,,,,,,,,,,,,,,,,,,,,,,,,,,,,,,,,,,,,1191.3465,716.83,0.00,14.7000,0.00,1893.4765
,,,,,,,,,,,,,,,,,,,,,,,,,,,,,,,,,,,,,,,,,,,,,,,,,,,,,,,,,,,,,,,,,,,,,,,,,,,,,,,,,,,,,,,,,,,,,,,,,,,,,,,,,,,,,,,,,,,,,,,,,,,,,1198.3265,706.53,0.00,14.6512,0.00,1890.2053
,,,,,,,,,,,,,,,,,,,,,,,,,,,,,,,,,,,,,,,,,,,,,,,,,,,,,,,,,,,,,,,,,,,,,,,,,,,,,,,,,,,,,,,,,,,,,,,,,,,,,,,,,,,,,,,,,,,,,,,,,,,,,1203.8167,718.88,0.00,14.7669,0.00,1907.9298
,,,,,,,,,,,,,,,,,,,,,,,,,,,,,,,,,,,,,,,,,,,,,,,,,,,,,,,,,,,,,,,,,,,,,,,,,,,,,,,,,,,,,,,,,,,,,,,,,,,,,,,,,,,,,,,,,,,,,,,,,,,,,1217.9121,736.72,0.00,14.9860,0.00,1939.6461
,,,,,,,,,,,,,,,,,,,,,,,,,,,,,,,,,,,,,,,,,,,,,,,,,,,,,,,,,,,,,,,,,,,,,,,,,,,,,,,,,,,,,,,,,,,,,,,,,,,,,,,,,,,,,,,,,,,,,,,,,,,,,1192.8367,788.82,0.00,15.1800,0.00,1966.4767
,,,,,,,,,,,,,,,,,,,,,,,,,,,,,,,,,,,,,,,,,,,,,,,,,,,,,,,,,,,,,,,,,,,,,,,,,,,,,,,,,,,,,,,,,,,,,,,,,,,,,,,,,,,,,,,,,,,,,,,,,,,,,1213.6767,788.14,0.00,15.3373,0.00,1986.4794
,,,,,,,,,,,,,,,,,,,,,,,,,,,,,,,,,,,,,,,,,,,,,,,,,,,,,,,,,,,,,,,,,,,,,,,,,,,,,,,,,,,,,,,,,,,,,,,,,,,,,,,,,,,,,,,,,,,,,,,,,,,,,1228.8667,795.42,0.00,15.5125,0.00,2008.7742
,,,,,,,,,,,,,,,,,,,,,,,,,,,,,,,,,,,,,,,,,,,,,,,,,,,,,,,,,,,,,,,,,,,,,,,,,,,,,,,,,,,,,,,,,,,,,,,,,,,,,,,,,,,,,,,,,,,,,,,,,,,,,1249.7367,795.84,0.00,15.6786,0.00,2029.8981
,,,,,,,,,,,,,,,,,,,,,,,,,,,,,,,,,,,,,,,,,,,,,,,,,,,,,,,,,,,,,,,,,,,,,,,,,,,,,,,,,,,,,,,,,,,,,,,,,,,,,,,,,,,,,,,,,,,,,,,,,,,,,1282.5967,784.54,0.00,15.8468,0.00,2051.2899
,,,,,,,,,,,,,,,,,,,,,,,,,,,,,,,,,,,,,,,,,,,,,,,,,,,,,,,,,,,,,,,,,,,,,,,,,,,,,,,,,,,,,,,,,,,,,,,,,,,,,,,,,,,,,,,,,,,,,,,,,,,,,1299.7567,835.06,0.00,16.3747,0.00,2118.4420
,,,,,,,,,,,,,,,,,,,,,,,,,,,,,,,,,,,,,,,,,,,,,,,,,,,,,,,,,,,,,,,,,,,,,,,,,,,,,,,,,,,,,,,,,,,,,,,,,,,,,,,,,,,,,,,,,,,,,,,,,,,,,1313.9567,868.28,0.00,16.7445,0.00,2165.4922
,,,,,,,,,,,,,,,,,,,,,,,,,,,,,,,,,,,,,,,,,,,,,,,,,,,,,,,,,,,,,,,,,,,,,,,,,,,,,,,,,,,,,,,,,,,,,,,,,,,,,,,,,,,,,,,,,,,,,,,,,,,,,1327.3226,913.89,0.00,17.2046,0.00,2224.0080
,,,,,,,,,,,,,,,,,,,,,,,,,,,,,,,,,,,,,,,,,,,,,,,,,,,,,,,,,,,,,,,,,,,,,,,,,,,,,,,,,,,,,,,,,,,,,,,,,,,,,,,,,,,,,,,,,,,,,,,,,,,,,1357.4428,922.60,0.00,17.5074,0.00,2262.5354
,,,,,,,,,,,,,,,,,,,,,,,,,,,,,,,,,,,,,,,,,,,,,,,,,,,,,,,,,,,,,,,,,,,,,,,,,,,,,,,,,,,,,,,,,,,,,,,,,,,,,,,,,,,,,,,,,,,,,,,,,,,,,1377.7528,942.21,0.00,17.8188,0.00,2302.1440
,,,,,,,,,,,,,,,,,,,,,,,,,,,,,,,,,,,,,,,,,,,,,,,,,,,,,,,,,,,,,,,,,,,,,,,,,,,,,,,,,,,,,,,,,,,,,,,,,,,,,,,,,,,,,,,,,,,,,,,,,,,,,1397.7726,913.64,0.00,17.7521,0.00,2293.6605
,,,,,,,,,,,,,,,,,,,,,,,,,,,,,,,,,,,,,,,,,,,,,,,,,,,,,,,,,,,,,,,,,,,,,,,,,,,,,,,,,,,,,,,,,,,,,,,,,,,,,,,,,,,,,,,,,,,,,,,,,,,,,1411.8726,920.64,0.00,17.9167,0.00,2314.5959
,,,,,,,,,,,,,,,,,,,,,,,,,,,,,,,,,,,,,,,,,,,,,,,,,,,,,,,,,,,,,,,,,,,,,,,,,,,,,,,,,,,,,,,,,,,,,,,,,,,,,,,,,,,,,,,,,,,,,,,,,,,,,1412.1626,924.76,0.00,17.9511,0.00,2318.9715
,,,,,,,,,,,,,,,,,,,,,,,,,,,,,,,,,,,,,,,,,,,,,,,,,,,,,,,,,,,,,,,,,,,,,,,,,,,,,,,,,,,,,,,,,,,,,,,,,,,,,,,,,,,,,,,,,,,,,,,,,,,,,1418.8426,931.49,0.00,18.0557,0.00,2332.2769
,,,,,,,,,,,,,,,,,,,,,,,,,,,,,,,,,,,,,,,,,,,,,,,,,,,,,,,,,,,,,,,,,,,,,,,,,,,,,,,,,,,,,,,,,,,,,,,,,,,,,,,,,,,,,,,,,,,,,,,,,,,,,1423.0026,962.40,0.00,18.3292,0.00,2367.0734
,,,,,,,,,,,,,,,,,,,,,,,,,,,,,,,,,,,,,,,,,,,,,,,,,,,,,,,,,,,,,,,,,,,,,,,,,,,,,,,,,,,,,,,,,,,,,,,,,,,,,,,,,,,,,,,,,,,,,,,,,,,,,1423.7926,972.01,0.00,18.4104,0.00,2377.3922
,,,,,,,,,,,,,,,,,,,,,,,,,,,,,,,,,,,,,,,,,,,,,,,,,,,,,,,,,,,,,,,,,,,,,,,,,,,,,,,,,,,,,,,,,,,,,,,,,,,,,,,,,,,,,,,,,,,,,,,,,,,,,1410.8242,978.74,0.00,18.3617,0.00,2371.2025
,,,,,,,,,,,,,,,,,,,,,,,,,,,,,,,,,,,,,,,,,,,,,,,,,,,,,,,,,,,,,,,,,,,,,,,,,,,,,,,,,,,,,,,,,,,,,,,,,,,,,,,,,,,,,,,,,,,,,,,,,,,,,1416.0142,980.66,0.00,18.4172,0.00,2378.2570
,,,,,,,,,,,,,,,,,,,,,,,,,,,,,,,,,,,,,,,,,,,,,,,,,,,,,,,,,,,,,,,,,,,,,,,,,,,,,,,,,,,,,,,,,,,,,,,,,,,,,,,,,,,,,,,,,,,,,,,,,,,,,1406.2042,1028.71,0.00,18.7154,0.00,2416.1988
,,,,,,,,,,,,,,,,,,,,,,,,,,,,,,,,,,,,,,,,,,,,,,,,,,,,,,,,,,,,,,,,,,,,,,,,,,,,,,,,,,,,,,,,,,,,,,,,,,,,,,,,,,,,,,,,,,,,,,,,,,,,,1408.0180,1032.56,0.00,18.7596,0.00,2421.8184
,,,,,,,,,,,,,,,,,,,,,,,,,,,,,,,,,,,,,,,,,,,,,,,,,,,,,,,,,,,,,,,,,,,,,,,,,,,,,,,,,,,,,,,,,,,,,,,,,,,,,,,,,,,,,,,,,,,,,,,,,,,,,1419.5280,1035.71,0.00,18.8740,0.00,2436.3640
,,,,,,,,,,,,,,,,,,,,,,,,,,,,,,,,,,,,,,,,,,,,,,,,,,,,,,,,,,,,,,,,,,,,,,,,,,,,,,,,,,,,,,,,,,,,,,,,,,,,,,,,,,,,,,,,,,,,,,,,,,,,,1433.0880,1025.13,0.00,18.8972,0.00,2439.3208
,,,,,,,,,,,,,,,,,,,,,,,,,,,,,,,,,,,,,,,,,,,,,,,,,,,,,,,,,,,,,,,,,,,,,,,,,,,,,,,,,,,,,,,,,,,,,,,,,,,,,,,,,,,,,,,,,,,,,,,,,,,,,1412.1880,1094.91,0.00,19.2785,0.00,2487.8195
,,,,,,,,,,,,,,,,,,,,,,,,,,,,,,,,,,,,,,,,,,,,,,,,,,,,,,,,,,,,,,,,,,,,,,,,,,,,,,,,,,,,,,,,,,,,,,,,,,,,,,,,,,,,,,,,,,,,,,,,,,,,,1415.4380,1135.27,0.00,19.6186,0.00,2531.0894
,,,,,,,,,,,,,,,,,,,,,,,,,,,,,,,,,,,,,,,,,,,,,,,,,,,,,,,,,,,,,,,,,,,,,,,,,,,,,,,,,,,,,,,,,,,,,,,,,,,,,,,,,,,,,,,,,,,,,,,,,,,,,1481.6598,1142.68,0.00,20.1929,0.00,2604.1469
,,,,,,,,,,,,,,,,,,,,,,,,,,,,,,,,,,,,,,,,,,,,,,,,,,,,,,,,,,,,,,,,,,,,,,,,,,,,,,,,,,,,,,,,,,,,,,,,,,,,,,,,,,,,,,,,,,,,,,,,,,,,,1531.5698,1140.76,0.00,20.5673,0.00,2651.7625
,,,,,,,,,,,,,,,,,,,,,,,,,,,,,,,,,,,,,,,,,,,,,,,,,,,,,,,,,,,,,,,,,,,,,,,,,,,,,,,,,,,,,,,,,,,,,,,,,,,,,,,,,,,,,,,,,,,,,,,,,,,,,1583.9180,1142.67,0.00,20.9905,0.00,2705.5975
,,,,,,,,,,,,,,,,,,,,,,,,,,,,,,,,,,,,,,,,,,,,,,,,,,,,,,,,,,,,,,,,,,,,,,,,,,,,,,,,,,,,,,,,,,,,,,,,,,,,,,,,,,,,,,,,,,,,,,,,,,,,,1649.8780,1135.94,0.00,21.4525,0.00,2764.3655
,,,,,,,,,,,,,,,,,,,,,,,,,,,,,,,,,,,,,,,,,,,,,,,,,,,,,,,,,,,,,,,,,,,,,,,,,,,,,,,,,,,,,,,,,,,,,,,,,,,,,,,,,,,,,,,,,,,,,,,,,,,,,1719.1122,1082.98,0.00,21.5794,0.00,2780.5128
,,,,,,,,,,,,,,,,,,,,,,,,,,,,,,,,,,,,,,,,,,,,,,,,,,,,,,,,,,,,,,,,,,,,,,,,,,,,,,,,,,,,,,,,,,,,,,,,,,,,,,,,,,,,,,,,,,,,,,,,,,,,,1737.3222,1073.36,0.00,21.6464,0.00,2789.0358
,,,,,,,,,,,,,,,,,,,,,,,,,,,,,,,,,,,,,,,,,,,,,,,,,,,,,,,,,,,,,,,,,,,,,,,,,,,,,,,,,,,,,,,,,,,,,,,,,,,,,,,,,,,,,,,,,,,,,,,,,,,,,1732.9001,1048.79,0.00,21.4203,0.00,2760.2698
,,,,,,,,,,,,,,,,,,,,,,,,,,,,,,,,,,,,,,,,,,,,,,,,,,,,,,,,,,,,,,,,,,,,,,,,,,,,,,,,,,,,,,,,,,,,,,,,,,,,,,,,,,,,,,,,,,,,,,,,,,,,,1728.8122,1038.75,0.00,21.3101,0.00,2746.2521
,,,,,,,,,,,,,,,,,,,,,,,,,,,,,,,,,,,,,,,,,,,,,,,,,,,,,,,,,,,,,,,,,,,,,,,,,,,,,,,,,,,,,,,,,,,,,,,,,,,,,,,,,,,,,,,,,,,,,,,,,,,,,1600.5422,1170.64,0.00,21.3720,0.00,2749.8102
,,,,,,,,,,,,,,,,,,,,,,,,,,,,,,,,,,,,,,,,,,,,,,,,,,,,,,,,,,,,,,,,,,,,,,,,,,,,,,,,,,,,,,,,,,,,,,,,,,,,,,,,,,,,,,,,,,,,,,,,,,,,,1581.1764,1188.51,0.00,21.3903,0.00,2748.2961
,,,,,,,,,,,,,,,,,,,,,,,,,,,,,,,,,,,,,,,,,,,,,,,,,,,,,,,,,,,,,,,,,,,,,,,,,,,,,,,,,,,,,,,,,,,,,,,,,,,,,,,,,,,,,,,,,,,,,,,,,,,,,1573.4551,1188.35,0.00,21.3587,0.00,2740.4464
,,,,,,,,,,,,,,,,,,,,,,,,,,,,,,,,,,,,,,,,,,,,,,,,,,,,,,,,,,,,,,,,,,,,,,,,,,,,,,,,,,,,,,,,,,,,,,,,,,,,,,,,,,,,,,,,,,,,,,,,,,,,,1603.6800,1134.13,0.00,21.1828,0.00,2716.6272
,,,,,,,,,,,,,,,,,,,,,,,,,,,,,,,,,,,,,,,,,,,,,,,,,,,,,,,,,,,,,,,,,,,,,,,,,,,,,,,,,,,,,,,,,,,,,,,,,,,,,,,,,,,,,,,,,,,,,,,,,,,,,1677.5097,1117.36,0.00,21.6391,0.00,2773.2306
,,,,,,,,,,,,,,,,,,,,,,,,,,,,,,,,,,,,,,,,,,,,,,,,,,,,,,,,,,,,,,,,,,,,,,,,,,,,,,,,,,,,,,,,,,,,,,,,,,,,,,,,,,,,,,,,,,,,,,,,,,,,,1706.9395,1061.23,0.00,21.4383,0.00,2746.7312
,,,,,,,,,,,,,,,,,,,,,,,,,,,,,,,,,,,,,,,,,,,,,,,,,,,,,,,,,,,,,,,,,,,,,,,,,,,,,,,,,,,,,,,,,,,,,,,,,,,,,,,,,,,,,,,,,,,,,,,,,,,,,1700.7949,1030.05,0.00,21.1611,0.00,2709.6838
,,,,,,,,,,,,,,,,,,,,,,,,,,,,,,,,,,,,,,,,,,,,,,,,,,,,,,,,,,,,,,,,,,,,,,,,,,,,,,,,,,,,,,,,,,,,,,,,,,,,,,,,,,,,,,,,,,,,,,,,,,,,,1673.0593,1026.90,0.00,20.9845,0.00,2678.9748
,,,,,,,,,,,,,,,,,,,,,,,,,,,,,,,,,,,,,,,,,,,,,,,,,,,,,,,,,,,,,,,,,,,,,,,,,,,,,,,,,,,,,,,,,,,,,,,,,,,,,,,,,,,,,,,,,,,,,,,,,,,,,1670.5573,1016.20,0.00,21.0503,0.00,2665.7070
,,,,,,,,,,,,,,,,,,,,,,,,,,,,,,,,,,,,,,,,,,,,,,,,,,,,,,,,,,,,,,,,,,,,,,,,,,,,,,,,,,,,,,,,,,,,,,,,,,,,,,,,,,,,,,,,,,,,,,,,,,,,,1657.2773,1009.09,0.00,20.8913,0.00,2645.4760
,,,,,,,,,,,,,,,,,,,,,,,,,,,,,,,,,,,,,,,,,,,,,,,,,,,,,,,,,,,,,,,,,,,,,,,,,,,,,,,,,,,,,,,,,,,,,,,,,,,,,,,,,,,,,,,,,,,,,,,,,,,,,1696.0308,941.38,0.00,20.6654,0.00,2616.7454
,,,,,,,,,,,,,,,,,,,,,,,,,,,,,,,,,,,,,,,,,,,,,,,,,,,,,,,,,,,,,,,,,,,,,,,,,,,,,,,,,,,,,,,,,,,,,,,,,,,,,,,,,,,,,,,,,,,,,,,,,,,,,1694.5908,945.14,0.00,20.6835,0.00,2619.0473
,,,,,,,,,,,,,,,,,,,,,,,,,,,,,,,,,,,,,,,,,,,,,,,,,,,,,,,,,,,,,,,,,,,,,,,,,,,,,,,,,,,,,,,,,,,,,,,,,,,,,,,,,,,,,,,,,,,,,,,,,,,,,1685.4635,994.00,0.00,20.9934,0.00,2658.4701
,,,,,,,,,,,,,,,,,,,,,,,,,,,,,,,,,,,,,,,,,,,,,,,,,,,,,,,,,,,,,,,,,,,,,,,,,,,,,,,,,,,,,,,,,,,,,,,,,,,,,,,,,,,,,,,,,,,,,,,,,,,,,1700.1235,1018.00,0.00,21.2950,0.00,2696.8285
,,,,,,,,,,,,,,,,,,,,,,,,,,,,,,,,,,,,,,,,,,,,,,,,,,,,,,,,,,,,,,,,,,,,,,,,,,,,,,,,,,,,,,,,,,,,,,,,,,,,,,,,,,,,,,,,,,,,,,,,,,,,,1679.0235,1054.52,0.00,21.4152,0.00,2712.1283
,,,,,,,,,,,,,,,,,,,,,,,,,,,,,,,,,,,,,,,,,,,,,,,,,,,,,,,,,,,,,,,,,,,,,,,,,,,,,,,,,,,,,,,,,,,,,,,,,,,,,,,,,,,,,,,,,,,,,,,,,,,,,1677.7635,1093.91,0.00,21.7127,0.00,2749.9608
,,,,,,,,,,,,,,,,,,,,,,,,,,,,,,,,,,,,,,,,,,,,,,,,,,,,,,,,,,,,,,,,,,,,,,,,,,,,,,,,,,,,,,,,,,,,,,,,,,,,,,,,,,,,,,,,,,,,,,,,,,,,,1680.4035,1112.97,0.00,21.8819,0.00,2771.4916
,,,,,,,,,,,,,,,,,,,,,,,,,,,,,,,,,,,,,,,,,,,,,,,,,,,,,,,,,,,,,,,,,,,,,,,,,,,,,,,,,,,,,,,,,,,,,,,,,,,,,,,,,,,,,,,,,,,,,,,,,,,,,1682.2335,1149.49,0.00,22.1810,0.00,2809.5425
,,,,,,,,,,,,,,,,,,,,,,,,,,,,,,,,,,,,,,,,,,,,,,,,,,,,,,,,,,,,,,,,,,,,,,,,,,,,,,,,,,,,,,,,,,,,,,,,,,,,,,,,,,,,,,,,,,,,,,,,,,,,,1804.2035,1022.63,0.00,22.1429,0.00,2804.6906
,,,,,,,,,,,,,,,,,,,,,,,,,,,,,,,,,,,,,,,,,,,,,,,,,,,,,,,,,,,,,,,,,,,,,,,,,,,,,,,,,,,,,,,,,,,,,,,,,,,,,,,,,,,,,,,,,,,,,,,,,,,,,1825.4535,1054.35,0.00,22.5561,0.00,2857.2474
,,,,,,,,,,,,,,,,,,,,,,,,,,,,,,,,,,,,,,,,,,,,,,,,,,,,,,,,,,,,,,,,,,,,,,,,,,,,,,,,,,,,,,,,,,,,,,,,,,,,,,,,,,,,,,,,,,,,,,,,,,,,,1811.4167,1079.51,0.00,22.6428,0.00,2868.2839
,,,,,,,,,,,,,,,,,,,,,,,,,,,,,,,,,,,,,,,,,,,,,,,,,,,,,,,,,,,,,,,,,,,,,,,,,,,,,,,,,,,,,,,,,,,,,,,,,,,,,,,,,,,,,,,,,,,,,,,,,,,,,1785.3367,1110.61,20.00,22.6820,0.00,2893.2647
,,,,,,,,,,,,,,,,,,,,,,,,,,,,,,,,,,,,,,,,,,,,,,,,,,,,,,,,,,,,,,,,,,,,,,,,,,,,,,,,,,,,,,,,,,,,,,,,,,,,,,,,,,,,,,,,,,,,,,,,,,,,,1779.2667,1107.43,35.00,22.6098,0.00,2899.0869
,,,,,,,,,,,,,,,,,,,,,,,,,,,,,,,,,,,,,,,,,,,,,,,,,,,,,,,,,,,,,,,,,,,,,,,,,,,,,,,,,,,,,,,,,,,,,,,,,,,,,,,,,,,,,,,,,,,,,,,,,,,,,1802.5467,1128.93,33.00,22.9591,0.00,2941.5176
,,,,,,,,,,,,,,,,,,,,,,,,,,,,,,,,,,,,,,,,,,,,,,,,,,,,,,,,,,,,,,,,,,,,,,,,,,,,,,,,,,,,,,,,,,,,,,,,,,,,,,,,,,,,,,,,,,,,,,,,,,,,,1788.7289,1188.89,52.00,23.3190,0.00,3006.2999
,,,,,,,,,,,,,,,,,,,,,,,,,,,,,,,,,,,,,,,,,,,,,,,,,,,,,,,,,,,,,,,,,,,,,,,,,,,,,,,,,,,,,,,,,,,,,,,,,,,,,,,,,,,,,,,,,,,,,,,,,,,,,1790.0689,1190.93,75.00,23.3454,0.00,3032.6535
,,,,,,,,,,,,,,,,,,,,,,,,,,,,,,,,,,,,,,,,,,,,,,,,,,,,,,,,,,,,,,,,,,,,,,,,,,,,,,,,,,,,,,,,,,,,,,,,,,,,,,,,,,,,,,,,,,,,,,,,,,,,,1798.7089,1326.46,108.00,24.4699,0.00,3208.6990
,,,,,,,,,,,,,,,,,,,,,,,,,,,,,,,,,,,,,,,,,,,,,,,,,,,,,,,,,,,,,,,,,,,,,,,,,,,,,,,,,,,,,,,,,,,,,,,,,,,,,,,,,,,,,,,,,,,,,,,,,,,,,1775.1789,1301.59,138.00,24.0924,0.00,3190.6765
,,,,,,,,,,,,,,,,,,,,,,,,,,,,,,,,,,,,,,,,,,,,,,,,,,,,,,,,,,,,,,,,,,,,,,,,,,,,,,,,,,,,,,,,,,,,,,,,,,,,,,,,,,,,,,,,,,,,,,,,,,,,,1784.2487,1211.31,131.00,23.4590,0.00,3103.0997
,,,,,,,,,,,,,,,,,,,,,,,,,,,,,,,,,,,,,,,,,,,,,,,,,,,,,,,,,,,,,,,,,,,,,,,,,,,,,,,,,,,,,,,,,,,,,,,,,,,,,,,,,,,,,,,,,,,,,,,,,,,,,1787.1687,1205.95,134.00,23.4399,0.00,3103.6788
,,,,,,,,,,,,,,,,,,,,,,,,,,,,,,,,,,,,,,,,,,,,,,,,,,,,,,,,,,,,,,,,,,,,,,,,,,,,,,,,,,,,,,,,,,,,,,,,,,,,,,,,,,,,,,,,,,,,,,,,,,,,,1779.4889,1165.84,111.00,23.0672,0.00,3033.2617
,,,,,,,,,,,,,,,,,,,,,,,,,,,,,,,,,,,,,,,,,,,,,,,,,,,,,,,,,,,,,,,,,,,,,,,,,,,,,,,,,,,,,,,,,,,,,,,,,,,,,,,,,,,,,,,,,,,,,,,,,,,,,1747.3989,1184.09,82.00,22.9592,0.00,2990.5297
