timeslot,revisionno,discomcode,BTPS,PRAGATI,RPH,DADRI_T,GT_OC,CSGS,GT_RLNG,PRG_RLNG,DVC,GT_LF,GT_CC,PRG_G_CC,GT_RLG_C,GT_LF_CC,PG_RLG_C,REGULATE,MTPS6,JHAJJAR,NJPC,CCGT_OC,CCGT_CC,CCGT_RCC,CCGT_ROC,CLPJHAJR,MEJIA7,MAITHON,SECI,RITHL_CC,RITHL_OC,RITHL_RC,RITHL_RO,NHPC,DADRI_T2,ANTA_GF,AURY_GF,FARAKKA,RIHAND1,RIHAND2,RIHAND3,SASAN,SNGRAULI,UNCHHAR1,UNCHHAR2,UNCHHAR3,KAHLGAN1,KAHLGAN2,DADRI_GF,ANTA_RF,AURY_RF,DADRI_RF,KOLDAM,TH_HPP,KTWR_HEP,SEWA2,DMSWSL,NAPP,RAPPB,MUNDRA,RAMPUR,RAPPC,TALA,ANTA_LF,AURY_LF,DADRI_LF,URI,URI2,CHAMERA1,CHAMERA2,CHAMERA3,DHAULIGNGA,DULHASTI,PARBATI3,SALAL,TANAKPUR,BSIUL,UNCHAHAR4,PRG_CCLF,PRG_OCLF,CCGTCCSPOT,CCGTOCSPOT,SNG_HYDRO,SHEP,GIREL,RUMS_DMRC,SEIPL,THPPL,NHPPL,ANTA_CRF,AURY_CRF,DADR_CRF,ALFANR_I,ALFANR_II,ALFANR_III,ERCPL_FTG,ERPCL_FTG2,AP41PL_BHDL,ASE4PL,KUDGI,SRIJAN_M,SITAC_BRPL,SITAC_BYPL,TANDA2,KSHNGNGA,SOLAPUR,MEJA,TWEPL,GBHHPL,THAR_BYPL,THAR_BRPL,ASEJ2PL_BYPL,ASEJ2PL_TPDDL,CHANJUII,SECI_BRPL,SECI_BYPL,SECI_TPDDL
1,69EnBRPL2024/10/23,BRPL,0.0000,0.0000,0.0000,0.0000,0.0000,0.0000,0.0000,0.0000,122.6366,0.0000,33.2240,35.3625,0.0000,0.0000,57.9945,0.0000,0.0000,9.4417,18.7187,0.0000,99.6096,0.0000,0.0000,0.0000,0.0000,0.0000,0.0000,0.0000,0.0000,0.0000,0.0000,0.0000,254.8112,0.0000,0.0000,9.1354,63.7744,52.1594,35.5679,60.0696,27.6008,9.1529,18.6221,11.5905,19.9968,65.1334,0.0000,18.7714,30.5244,29.3605,0.0000,10.3490,6.1487,0.0000,0.0000,28.8025,0.0000,0.0000,0.0000,22.7418,0.0000,0.0000,0.0000,9.6273,0.9706,2.0071,0.0000,0.8784,0.0000,4.0011,14.4760,0.0000,9.5339,5.6262,0.0000,0.0000,0.0000,0.0000,396.8820,0.0000,0.0000,0.0000,6.6000,0.0000,0.0000,0.0000,0.0000,0.0000,0.0000,0.0000,20.0000,0.0000,0.0000,300.0000,0.0000,100.0000,0.0000,0.0000,6.6600,13.3300,0.0000,0.0000,0.0000,0.0000,0.0000,11.0558,29.7700,0.0000,300.0000,0.0000,0.0000,0.0000,100.0000,0.0000,0.0000
2,69EnBRPL2024/10/23,BRPL,0.0000,0.0000,0.0000,0.0000,0.0000,0.0000,0.0000,0.0000,122.6366,0.0000,33.2240,35.3625,0.0000,0.0000,57.9945,0.0000,0.0000,9.4417,18.7187,0.0000,99.6096,0.0000,0.0000,0.0000,0.0000,0.0000,0.0000,0.0000,0.0000,0.0000,0.0000,0.0000,254.8112,0.0000,0.0000,9.1354,63.7744,52.1594,35.5679,60.0696,27.6008,9.1529,18.6221,11.5905,19.9968,65.1334,0.0000,18.7714,30.5244,29.3605,0.0000,10.3490,6.1487,0.0000,0.0000,28.8025,0.0000,0.0000,0.0000,22.7418,0.0000,0.0000,0.0000,9.6273,0.9706,2.0071,0.0000,0.8784,0.0000,4.0011,14.4760,0.0000,9.5339,5.6262,0.0000,0.0000,0.0000,0.0000,396.8820,0.0000,0.0000,0.0000,6.6000,0.0000,0.0000,0.0000,0.0000,0.0000,0.0000,0.0000,20.0000,0.0000,0.0000,300.0000,0.0000,100.0000,0.0000,0.0000,6.6600,13.3300,0.0000,0.0000,0.0000,0.0000,0.0000,11.0558,29.7700,0.0000,300.0000,0.0000,0.0000,0.0000,100.0000,0.0000,0.0000
3,69EnBRPL2024/10/23,BRPL,0.0000,0.0000,0.0000,0.0000,0.0000,0.0000,0.0000,0.0000,122.6366,0.0000,33.2240,35.3625,0.0000,0.0000,57.9945,0.0000,0.0000,9.4417,10.2729,0.0000,99.6096,0.0000,0.0000,0.0000,0.0000,0.0000,0.0000,0.0000,0.0000,0.0000,0.0000,0.0000,254.8112,0.0000,0.0000,9.1354,63.7744,52.1594,35.5679,60.0696,27.6008,9.1529,18.6221,11.5905,19.9968,65.1334,0.0000,18.7714,30.5244,29.3605,0.0000,10.3490,6.1487,0.0000,0.0000,28.8025,0.0000,0.0000,0.0000,22.7418,0.0000,0.0000,0.0000,9.6273,0.9706,2.0071,0.0000,0.8784,0.0000,4.0011,14.4760,0.0000,9.5339,3.3731,2.8636,0.0000,0.0000,0.0000,396.8820,0.0000,0.0000,0.0000,6.6000,0.0000,0.0000,0.0000,0.0000,0.0000,0.0000,0.0000,20.0000,0.0000,0.0000,300.0000,0.0000,100.0000,0.0000,0.0000,6.6600,13.3300,0.0000,0.0000,0.0000,0.0000,0.0000,11.0558,29.7700,0.0000,300.0000,0.0000,0.0000,0.0000,100.0000,0.0000,0.0000
4,69EnBRPL2024/10/23,BRPL,0.0000,0.0000,0.0000,0.0000,0.0000,0.0000,0.0000,0.0000,122.6366,0.0000,33.2240,35.3625,0.0000,0.0000,57.9945,0.0000,0.0000,9.4417,10.2729,0.0000,99.6096,0.0000,0.0000,0.0000,0.0000,0.0000,0.0000,0.0000,0.0000,0.0000,0.0000,0.0000,254.8112,0.0000,0.0000,9.1354,63.7744,52.1594,35.5679,60.0696,27.6008,9.1529,18.6221,11.5905,19.9968,65.1334,0.0000,18.7714,30.5244,29.3605,0.0000,10.3490,6.1487,0.0000,0.0000,28.8025,0.0000,0.0000,0.0000,22.7418,0.0000,0.0000,0.0000,9.6273,0.9706,2.0071,0.0000,0.8784,0.0000,4.0011,14.4760,0.0000,9.5339,3.3731,2.8636,0.0000,0.0000,0.0000,396.8820,0.0000,0.0000,0.0000,6.6000,0.0000,0.0000,0.0000,0.0000,0.0000,0.0000,0.0000,20.0000,0.0000,0.0000,300.0000,0.0000,100.0000,0.0000,0.0000,6.6600,13.3300,0.0000,0.0000,0.0000,0.0000,0.0000,11.0558,29.7700,0.0000,300.0000,0.0000,0.0000,0.0000,100.0000,0.0000,0.0000
5,69EnBRPL2024/10/23,BRPL,0.0000,0.0000,0.0000,0.0000,0.0000,0.0000,0.0000,0.0000,122.6366,0.0000,33.2240,35.3625,0.0000,0.0000,57.9945,0.0000,0.0000,9.4417,10.2729,0.0000,99.6096,0.0000,0.0000,0.0000,0.0000,0.0000,0.0000,0.0000,0.0000,0.0000,0.0000,0.0000,254.8112,0.0000,0.0000,9.1354,63.7744,52.1594,35.5679,60.0696,27.6008,9.1529,18.6221,11.5905,19.9968,65.1334,0.0000,18.7714,30.5244,29.3605,0.0000,10.3490,6.1487,0.0000,0.0000,28.8025,0.0000,0.0000,0.0000,22.7418,0.0000,0.0000,0.0000,9.6273,0.9706,2.0071,0.0000,0.8784,0.0000,0.5797,14.4760,0.0000,19.9406,3.3731,2.8636,0.0000,0.0000,0.0000,396.8820,0.0000,0.0000,0.0000,6.6000,0.0000,0.0000,0.0000,0.0000,0.0000,0.0000,0.0000,20.0000,0.0000,0.0000,300.0000,0.0000,100.0000,0.0000,0.0000,6.6600,13.3300,0.0000,0.0000,0.0000,0.0000,0.0000,11.0558,29.7700,0.0000,300.0000,0.0000,0.0000,0.0000,100.0000,0.0000,0.0000
6,69EnBRPL2024/10/23,BRPL,0.0000,0.0000,0.0000,0.0000,0.0000,0.0000,0.0000,0.0000,122.6366,0.0000,33.2240,35.3625,0.0000,0.0000,57.9945,0.0000,0.0000,9.4417,10.2729,0.0000,99.6096,0.0000,0.0000,0.0000,0.0000,0.0000,0.0000,0.0000,0.0000,0.0000,0.0000,0.0000,254.8112,0.0000,0.0000,9.1354,63.7744,52.1594,35.5679,60.0696,27.6008,9.1529,18.6221,11.5905,19.9968,65.1334,0.0000,18.7714,30.5244,29.3605,0.0000,10.3490,6.1487,0.0000,0.0000,28.8025,0.0000,0.0000,0.0000,22.7418,0.0000,0.0000,0.0000,9.6273,0.9706,2.0071,0.0000,0.8784,0.0000,0.5797,14.4760,0.0000,59.2175,3.3731,2.8636,0.0000,0.0000,0.0000,396.8820,0.0000,0.0000,0.0000,6.6000,0.0000,0.0000,0.0000,0.0000,0.0000,0.0000,0.0000,20.0000,0.0000,0.0000,300.0000,0.0000,100.0000,0.0000,0.0000,6.6600,13.3300,0.0000,0.0000,0.0000,0.0000,0.0000,11.0558,29.7700,0.0000,300.0000,0.0000,0.0000,0.0000,100.0000,0.0000,0.0000
7,69EnBRPL2024/10/23,BRPL,0.0000,0.0000,0.0000,0.0000,0.0000,0.0000,0.0000,0.0000,122.6366,0.0000,33.2240,35.3625,0.0000,0.0000,57.9945,0.0000,0.0000,9.4417,10.2729,0.0000,99.6096,0.0000,0.0000,0.0000,0.0000,0.0000,0.0000,0.0000,0.0000,0.0000,0.0000,0.0000,254.8112,0.0000,0.0000,9.1354,63.7744,52.1594,35.5679,60.0696,27.6008,9.1529,18.6221,11.5905,19.9968,65.1334,0.0000,18.7714,30.5244,29.3605,0.0000,10.3490,6.1487,0.0000,0.0000,28.8025,0.0000,0.0000,0.0000,22.7418,0.0000,0.0000,0.0000,9.6273,0.9706,2.0071,0.0000,0.8784,0.0000,0.5797,14.4760,0.0000,59.2175,3.3731,2.8636,0.0000,0.0000,0.0000,396.8820,0.0000,0.0000,0.0000,9.2100,0.0000,0.0000,0.0000,0.0000,0.0000,0.0000,0.0000,20.0000,0.0000,0.0000,300.0000,0.0000,100.0000,0.0000,0.0000,6.6600,13.3300,0.0000,0.0000,0.0000,0.0000,0.0000,11.0558,29.7700,0.0000,300.0000,0.0000,0.0000,0.0000,100.0000,0.0000,0.0000
8,69EnBRPL2024/10/23,BRPL,0.0000,0.0000,0.0000,0.0000,0.0000,0.0000,0.0000,0.0000,122.6366,0.0000,33.2240,35.3625,0.0000,0.0000,57.9945,0.0000,0.0000,9.4417,10.2729,0.0000,99.6096,0.0000,0.0000,0.0000,0.0000,0.0000,0.0000,0.0000,0.0000,0.0000,0.0000,0.0000,254.8112,0.0000,0.0000,9.1354,63.7744,52.1594,35.5679,60.0696,27.6008,9.1529,18.6221,11.5905,19.9968,65.1334,0.0000,18.7714,30.5244,29.3605,0.0000,10.3490,6.1487,0.0000,0.0000,28.8025,0.0000,0.0000,0.0000,22.7418,0.0000,0.0000,0.0000,9.6273,0.9706,2.0071,0.0000,0.8784,0.0000,0.5797,14.4760,0.0000,59.2175,3.3731,2.8636,0.0000,0.0000,0.0000,396.8820,0.0000,0.0000,0.0000,9.0100,0.0000,0.0000,0.0000,0.0000,0.0000,0.0000,0.0000,20.0000,0.0000,0.0000,300.0000,0.0000,100.0000,0.0000,0.0000,6.6600,13.3300,0.0000,0.0000,0.0000,0.0000,0.0000,11.0558,29.7700,0.0000,300.0000,0.0000,0.0000,0.0000,100.0000,0.0000,0.0000
9,69EnBRPL2024/10/23,BRPL,0.0000,0.0000,0.0000,0.0000,0.0000,0.0000,0.0000,0.0000,122.6366,0.0000,33.2240,35.3625,0.0000,0.0000,57.9945,0.0000,0.0000,9.4417,10.2729,0.0000,99.6096,0.0000,0.0000,0.0000,0.0000,0.0000,0.0000,0.0000,0.0000,0.0000,0.0000,0.0000,254.8112,0.0000,0.0000,9.1354,63.7744,52.1594,35.5679,60.0696,27.6008,9.1529,18.6221,11.5905,19.9968,65.1334,0.0000,18.7714,30.5244,29.3605,0.0000,10.3490,6.1487,0.0000,0.0000,28.8025,0.0000,0.0000,0.0000,22.7418,0.0000,0.0000,0.0000,9.6273,0.9706,2.0071,0.0000,0.8784,0.0000,0.5797,14.4760,0.0000,59.2175,5.6262,0.0000,0.0000,0.0000,0.0000,396.8820,0.0000,0.0000,0.0000,8.6100,0.0000,0.0000,0.0000,0.0000,0.0000,0.0000,0.0000,20.0000,0.0000,0.0000,300.0000,0.0000,100.0000,0.0000,0.0000,6.6600,13.3300,0.0000,0.0000,0.0000,0.0000,0.0000,11.0558,29.7700,0.0000,300.0000,0.0000,0.0000,0.0000,100.0000,0.0000,0.0000
10,69EnBRPL2024/10/23,BRPL,0.0000,0.0000,0.0000,0.0000,0.0000,0.0000,0.0000,0.0000,122.6366,0.0000,33.2240,35.3625,0.0000,0.0000,57.9945,0.0000,0.0000,9.4417,10.2729,0.0000,99.6096,0.0000,0.0000,0.0000,0.0000,0.0000,0.0000,0.0000,0.0000,0.0000,0.0000,0.0000,254.8112,0.0000,0.0000,9.1354,63.7744,52.1594,35.5679,60.0696,27.6008,9.1529,18.6221,11.5905,19.9968,65.1334,0.0000,18.7714,30.5244,29.3605,0.0000,10.3490,6.1487,0.0000,0.0000,28.8025,0.0000,0.0000,0.0000,22.7418,0.0000,0.0000,0.0000,9.6273,0.9706,2.0071,0.0000,0.8784,0.0000,0.5797,14.4760,0.0000,19.9406,5.6262,0.0000,0.0000,0.0000,0.0000,396.8820,0.0000,0.0000,0.0000,8.2100,0.0000,0.0000,0.0000,0.0000,0.0000,0.0000,0.0000,20.0000,0.0000,0.0000,300.0000,0.0000,100.0000,0.0000,0.0000,6.6600,13.3300,0.0000,0.0000,0.0000,0.0000,0.0000,11.0558,29.7700,0.0000,300.0000,0.0000,0.0000,0.0000,100.0000,0.0000,0.0000
11,69EnBRPL2024/10/23,BRPL,0.0000,0.0000,0.0000,0.0000,0.0000,0.0000,0.0000,0.0000,122.6366,0.0000,33.2240,35.3625,0.0000,0.0000,57.9945,0.0000,0.0000,9.4417,10.2729,0.0000,99.6096,0.0000,0.0000,0.0000,0.0000,0.0000,0.0000,0.0000,0.0000,0.0000,0.0000,0.0000,254.8112,0.0000,0.0000,9.1354,63.7744,52.1594,35.5679,60.0696,27.6008,9.1529,18.6221,11.5905,19.9968,65.1334,0.0000,18.7714,30.5244,29.3605,0.0000,10.3490,6.1487,0.0000,0.0000,28.8025,0.0000,0.0000,0.0000,22.7418,0.0000,0.0000,0.0000,9.6273,0.9706,2.0071,0.0000,0.8784,0.0000,0.5797,14.4760,0.0000,9.5339,3.3731,0.0000,0.0000,0.0000,0.0000,396.8820,0.0000,0.0000,0.0000,7.8100,0.0000,0.0000,0.0000,0.0000,0.0000,0.0000,0.0000,20.0000,0.0000,0.0000,300.0000,0.0000,100.0000,0.0000,0.0000,6.6600,13.3300,0.0000,0.0000,0.0000,0.0000,0.0000,11.0558,29.7700,0.0000,300.0000,0.0000,0.0000,0.0000,100.0000,0.0000,0.0000
12,69EnBRPL2024/10/23,BRPL,0.0000,0.0000,0.0000,0.0000,0.0000,0.0000,0.0000,0.0000,122.6366,0.0000,33.2240,35.3625,0.0000,0.0000,57.9945,0.0000,0.0000,9.4417,10.2729,0.0000,99.6096,0.0000,0.0000,0.0000,0.0000,0.0000,0.0000,0.0000,0.0000,0.0000,0.0000,0.0000,254.8112,0.0000,0.0000,9.1354,63.7744,52.1594,35.5679,60.0696,27.6008,9.1529,18.6221,11.5905,19.9968,65.1334,0.0000,18.7714,30.5244,29.3605,0.0000,10.3490,6.1487,0.0000,0.0000,28.8025,0.0000,0.0000,0.0000,22.7418,0.0000,0.0000,0.0000,9.6273,0.9706,2.0071,0.0000,0.8784,0.0000,0.5797,14.4760,0.0000,9.5339,3.3731,0.0000,0.0000,0.0000,0.0000,396.8820,0.0000,0.0000,0.0000,7.4100,0.0000,0.0000,0.0000,0.0000,0.0000,0.0000,0.0000,20.0000,0.0000,0.0000,300.0000,0.0000,100.0000,0.0000,0.0000,6.6600,13.3300,0.0000,0.0000,0.0000,0.0000,0.0000,11.0558,29.7700,0.0000,300.0000,0.0000,0.0000,0.0000,100.0000,0.0000,0.0000
13,69EnBRPL2024/10/23,BRPL,0.0000,0.0000,0.0000,0.0000,0.0000,0.0000,0.0000,0.0000,122.6366,0.0000,33.2240,35.3625,0.0000,0.0000,57.9945,0.0000,0.0000,9.4417,10.2729,0.0000,99.6096,0.0000,0.0000,0.0000,0.0000,0.0000,0.0000,0.0000,0.0000,0.0000,0.0000,0.0000,254.8112,0.0000,0.0000,8.4590,63.7744,52.1594,35.5679,60.0696,27.6008,9.1529,18.6221,11.5905,19.9968,65.1334,0.0000,18.7714,30.5244,29.3605,0.0000,10.3490,6.1487,0.0000,0.0000,28.8025,0.0000,0.0000,0.0000,22.7418,0.0000,0.0000,0.0000,9.6273,0.9706,2.0071,0.0000,0.8784,0.0000,0.5797,14.4760,0.0000,9.5339,3.3731,0.0000,0.0000,0.0000,0.0000,396.8820,0.0000,0.0000,0.0000,7.0100,0.0000,0.0000,0.0000,0.0000,0.0000,0.0000,0.0000,20.0000,0.0000,0.0000,300.0000,0.0000,100.0000,0.0000,0.0000,6.6600,13.3300,0.0000,0.0000,0.0000,0.0000,0.0000,11.0558,29.7700,0.0000,300.0000,0.0000,0.0000,0.0000,100.0000,0.0000,0.0000
14,69EnBRPL2024/10/23,BRPL,0.0000,0.0000,0.0000,0.0000,0.0000,0.0000,0.0000,0.0000,122.6366,0.0000,33.2240,35.3625,0.0000,0.0000,57.9945,0.0000,0.0000,9.4417,10.2729,0.0000,99.6096,0.0000,0.0000,0.0000,0.0000,0.0000,0.0000,0.0000,0.0000,0.0000,0.0000,0.0000,254.8112,0.0000,0.0000,8.4590,63.7744,52.1594,35.5679,60.0696,27.6008,9.1529,18.6221,11.5905,19.9968,65.1334,0.0000,18.7714,30.5244,29.3605,0.0000,10.3490,6.1487,0.0000,0.0000,28.8025,0.0000,0.0000,0.0000,22.7418,0.0000,0.0000,0.0000,9.6273,0.9706,2.0071,0.0000,0.8784,0.0000,0.5797,14.4760,0.0000,9.5339,3.3731,0.0000,0.0000,0.0000,0.0000,396.8820,0.0000,0.0000,0.0000,6.6100,0.0000,0.0000,0.0000,0.0000,0.0000,0.0000,0.0000,20.0000,0.0000,0.0000,300.0000,0.0000,100.0000,0.0000,0.0000,6.6600,13.3300,0.0000,0.0000,0.0000,0.0000,0.0000,11.0558,29.7700,0.0000,300.0000,0.0000,0.0000,0.0000,100.0000,0.0000,0.0000
15,69EnBRPL2024/10/23,BRPL,0.0000,0.0000,0.0000,0.0000,0.0000,0.0000,0.0000,0.0000,122.6366,0.0000,33.2240,35.3625,0.0000,0.0000,57.9945,0.0000,0.0000,9.4417,10.2729,0.0000,99.6096,0.0000,0.0000,0.0000,0.0000,0.0000,0.0000,0.0000,0.0000,0.0000,0.0000,0.0000,254.8112,0.0000,0.0000,8.4590,63.7744,52.1594,35.5679,60.0696,27.6008,9.1529,18.6221,11.5905,19.9968,65.1334,0.0000,18.7714,30.5244,29.3605,0.0000,10.3490,6.1487,0.0000,0.0000,28.8025,0.0000,0.0000,0.0000,22.7418,0.0000,0.0000,0.0000,9.6273,0.9706,2.0071,0.0000,0.8784,0.0000,0.5797,14.4760,0.0000,9.5339,3.3731,0.0000,0.0000,0.0000,0.0000,396.8820,0.0000,0.0000,0.0000,6.6100,0.0000,0.0000,0.0000,0.0000,0.0000,0.0000,0.0000,20.0000,0.0000,0.0000,300.0000,0.0000,100.0000,0.0000,0.0000,6.6600,13.3300,0.0000,0.0000,0.0000,0.0000,0.0000,11.0558,30.2800,0.0000,300.0000,0.0000,0.0000,0.0000,100.0000,0.0000,0.0000
16,69EnBRPL2024/10/23,BRPL,0.0000,0.0000,0.0000,0.0000,0.0000,0.0000,0.0000,0.0000,122.6366,0.0000,33.2240,35.3625,0.0000,0.0000,57.9945,0.0000,0.0000,9.4417,10.2729,0.0000,99.6096,0.0000,0.0000,0.0000,0.0000,0.0000,0.0000,0.0000,0.0000,0.0000,0.0000,0.0000,254.8112,0.0000,0.0000,8.4590,63.7744,52.1594,35.5679,60.0696,27.6008,9.1529,18.6221,11.5905,19.9968,65.1334,0.0000,18.7714,30.5244,29.3605,0.0000,10.3490,6.1487,0.0000,0.0000,28.8025,0.0000,0.0000,0.0000,22.7418,0.0000,0.0000,0.0000,9.6273,0.9706,2.0071,0.0000,0.8784,0.0000,0.5797,14.4760,0.0000,9.5339,3.3731,0.0000,0.0000,0.0000,0.0000,396.8820,0.0000,0.0000,0.0000,6.6100,0.0000,0.0000,0.0000,0.0000,0.0000,0.0000,0.0000,20.0000,0.0000,0.0000,300.0000,0.0000,100.0000,0.0000,0.0000,6.6600,13.3300,0.0000,0.0000,0.0000,0.0000,0.0000,11.0558,30.2800,0.0000,300.0000,0.0000,0.0000,0.0000,100.0000,0.0000,0.0000
17,69EnBRPL2024/10/23,BRPL,0.0000,0.0000,0.0000,0.0000,0.0000,0.0000,0.0000,0.0000,122.6366,0.0000,33.2240,35.3625,0.0000,0.0000,57.9945,0.0000,0.0000,9.4417,10.2729,0.0000,99.6096,0.0000,0.0000,0.0000,0.0000,0.0000,0.0000,0.0000,0.0000,0.0000,0.0000,0.0000,254.8112,0.0000,0.0000,8.4590,63.7744,52.1594,35.5679,60.0696,27.6008,9.1529,18.6221,11.5905,19.9968,65.1334,0.0000,18.7714,30.5244,29.3605,0.0000,10.3490,6.1487,0.0000,0.0000,28.8025,0.0000,0.0000,0.0000,22.7418,0.0000,0.0000,0.0000,9.6273,1.4538,2.0071,0.0000,0.8784,0.0000,4.0011,14.4760,0.0000,9.5339,3.3731,0.0000,0.0000,0.0000,0.0000,396.8820,0.0000,0.0000,0.0000,6.6100,0.0000,0.0000,0.0000,0.0000,0.0000,0.0000,0.0000,27.5000,0.0000,0.0000,300.0000,0.0000,100.0000,0.0000,0.0000,6.6600,19.0000,0.0000,0.0000,0.0000,0.0000,0.0000,11.0558,30.2800,0.0000,300.0000,0.0000,0.0000,0.0000,100.0000,0.0000,0.0000
18,69EnBRPL2024/10/23,BRPL,0.0000,0.0000,0.0000,0.0000,0.0000,0.0000,0.0000,0.0000,122.6366,0.0000,33.2240,35.3625,0.0000,0.0000,57.9945,0.0000,0.0000,9.4417,18.7187,0.0000,99.6096,0.0000,0.0000,0.0000,0.0000,0.0000,0.0000,0.0000,0.0000,0.0000,0.0000,0.0000,254.8112,0.0000,0.0000,8.4590,63.7744,52.1594,35.5679,60.0696,27.6008,9.1529,18.6221,11.5905,19.9968,65.1334,0.0000,18.7714,30.5244,29.3605,0.0000,10.3490,6.1487,0.0000,0.0000,28.8025,0.0000,0.0000,0.0000,22.7418,0.0000,0.0000,0.0000,9.6273,16.9707,2.0071,0.0000,0.8784,0.0000,4.0011,14.4760,0.0000,9.5339,3.3731,0.0000,0.0000,0.0000,0.0000,396.8820,0.0000,0.0000,0.0000,6.6100,0.0000,0.0000,0.0000,0.0000,0.0000,0.0000,0.0000,26.5000,0.0000,0.0000,300.0000,0.0000,100.0000,0.0000,0.0000,6.6600,18.3300,0.0000,0.0000,0.0000,0.0000,0.0000,11.0558,30.2800,0.0000,300.0000,0.0000,0.0000,0.0000,100.0000,0.0000,0.0000
19,69EnBRPL2024/10/23,BRPL,0.0000,0.0000,0.0000,0.0000,0.0000,0.0000,0.0000,0.0000,122.6366,0.0000,33.2240,35.3625,0.0000,0.0000,57.9945,0.0000,0.0000,9.4417,18.7187,0.0000,99.6096,0.0000,0.0000,0.0000,0.0000,0.0000,0.0000,0.0000,0.0000,0.0000,0.0000,0.0000,254.8112,0.0000,0.0000,9.1354,63.7744,52.1594,35.5679,60.0696,27.6008,9.1529,18.6221,11.5905,19.9968,65.1334,0.0000,18.7714,30.5244,29.3605,0.0000,10.3490,6.1487,0.0000,0.0000,28.8025,0.0000,0.0000,0.0000,22.7418,0.0000,0.0000,0.0000,9.6273,16.9707,2.0071,0.0000,0.8784,0.0000,4.0011,14.4760,0.0000,9.5339,3.3731,0.0000,0.0000,0.0000,0.0000,396.8820,0.0000,0.0000,0.0000,6.6100,0.0000,0.0000,0.0000,0.0000,0.0000,0.0000,0.0000,25.0000,0.0000,0.0000,300.0000,0.0000,100.0000,0.0000,0.0000,6.6600,17.6700,0.0000,0.0000,0.0000,0.0000,0.0000,11.0558,30.2800,0.0000,300.0000,0.0000,0.0000,0.0000,100.0000,0.0000,0.0000
20,69EnBRPL2024/10/23,BRPL,0.0000,0.0000,0.0000,0.0000,0.0000,0.0000,0.0000,0.0000,122.6366,0.0000,33.2240,35.3625,0.0000,0.0000,57.9945,0.0000,0.0000,9.4417,18.7187,0.0000,99.6096,0.0000,0.0000,0.0000,0.0000,0.0000,0.0000,0.0000,0.0000,0.0000,0.0000,0.0000,254.8112,0.0000,0.0000,9.1354,63.7744,52.1594,35.5679,60.0696,27.6008,9.1529,18.6221,11.5905,19.9968,65.1334,0.0000,18.7714,30.5244,29.3605,0.0000,10.3490,6.1487,0.0000,0.0000,28.8025,0.0000,0.0000,0.0000,22.7418,0.0000,0.0000,0.0000,9.6273,1.4538,2.0071,0.0000,0.8784,0.0000,4.0011,14.4760,0.0000,9.5339,3.3731,0.0000,0.0000,0.0000,0.0000,396.8820,0.0000,0.0000,0.0000,6.6100,0.0000,0.0000,0.0000,0.0000,0.0000,0.0000,0.0000,24.5000,0.0000,0.0000,300.0000,0.0000,100.0000,0.0000,0.0000,6.6600,16.6700,0.0000,0.0000,0.0000,0.0000,0.0000,11.0558,29.7700,0.0000,300.0000,0.0000,0.0000,0.0000,100.0000,0.0000,0.0000
21,69EnBRPL2024/10/23,BRPL,0.0000,0.0000,0.0000,0.0000,0.0000,0.0000,0.0000,0.0000,122.6366,0.0000,33.2240,35.3625,0.0000,0.0000,57.9945,0.0000,0.0000,9.4417,18.7187,0.0000,99.6096,0.0000,0.0000,0.0000,0.0000,0.0000,0.0000,0.0000,0.0000,0.0000,0.0000,0.0000,254.8112,0.0000,0.0000,9.1354,63.7744,52.1594,35.5679,60.0696,27.6008,9.1529,18.6221,11.5905,19.9968,65.1334,0.0000,18.7714,30.5244,29.3605,0.0000,10.3490,6.1487,0.0000,0.0000,28.8025,0.0000,0.0000,0.0000,22.7418,0.0000,0.0000,0.0000,9.6273,0.9706,2.0071,0.0000,0.8784,0.0000,4.0011,14.4760,0.0000,9.5339,3.3731,0.0000,0.0000,0.0000,0.0000,396.8820,0.0000,0.0000,0.0000,6.6100,0.0000,0.0000,0.0000,0.0000,0.0000,0.0000,0.0000,22.0000,0.0000,0.0000,300.0000,0.0000,100.0000,0.0000,0.0000,6.6600,16.0000,0.0000,0.0000,0.0000,0.0000,0.0000,11.0558,29.2700,0.0000,300.0000,0.0000,0.0000,0.0000,100.0000,0.0000,0.0000
22,69EnBRPL2024/10/23,BRPL,0.0000,0.0000,0.0000,0.0000,0.0000,0.0000,0.0000,0.0000,122.6366,0.0000,33.2240,35.3625,0.0000,0.0000,57.9945,0.0000,0.0000,9.4417,18.7187,0.0000,99.6096,0.0000,0.0000,0.0000,0.0000,0.0000,0.0000,0.0000,0.0000,0.0000,0.0000,0.0000,254.8112,0.0000,0.0000,9.1354,63.7744,52.1594,35.5679,60.0696,27.6008,9.1529,18.6221,11.5905,19.9968,65.1334,0.0000,18.7714,30.5244,29.3605,0.0000,10.3490,6.1487,0.0000,0.0000,28.8025,0.0000,0.0000,0.0000,22.7418,0.0000,0.0000,0.0000,9.6273,0.9706,2.0071,0.0000,0.8784,0.0000,4.0011,14.4760,0.0000,9.5339,3.3731,0.4831,0.0000,0.0000,0.0000,396.8820,0.0000,0.0000,0.0000,6.6100,0.0000,0.0000,0.0000,0.0000,0.0000,0.0000,0.0000,22.0000,0.0000,0.0000,300.0000,0.0000,100.0000,0.0000,0.0000,6.6600,15.0000,0.0000,0.0000,0.0000,0.0000,0.0000,11.0558,29.2700,0.0000,300.0000,0.0000,0.0000,0.0000,100.0000,0.0000,0.0000
23,69EnBRPL2024/10/23,BRPL,0.0000,0.0000,0.0000,0.0000,0.0000,0.0000,0.0000,0.0000,122.6366,0.0000,33.2240,35.3625,0.0000,0.0000,57.9945,0.0000,0.0000,9.4417,30.8187,0.0000,99.6096,0.0000,0.0000,0.0000,0.0000,0.0000,0.0000,0.0000,0.0000,0.0000,0.0000,0.0000,254.8112,0.0000,0.0000,9.1354,63.7744,52.1594,35.5679,60.0696,27.6008,9.1529,18.6221,11.5905,18.6616,65.1334,0.0000,18.7714,30.5244,29.3605,0.0000,10.3490,6.1487,0.0000,0.0000,28.8025,0.0000,0.0000,0.0000,22.7418,0.0000,0.0000,0.0000,9.6273,0.9706,2.0071,0.0000,1.7568,4.2515,8.0066,14.4760,0.0000,9.5339,3.3731,2.8636,0.0000,0.0000,0.0000,396.8820,0.0000,0.0000,0.0000,6.6100,0.0000,0.0000,0.0000,0.0000,0.0000,0.0000,0.0000,22.0000,0.0000,0.0000,300.0000,0.0000,100.0000,0.0000,0.0000,6.6600,14.3300,0.0000,0.0000,0.0000,0.0000,0.0000,11.0558,29.2700,0.0000,300.0000,0.0000,0.0000,0.0000,100.0000,0.0000,0.0000
24,69EnBRPL2024/10/23,BRPL,0.0000,0.0000,0.0000,0.0000,0.0000,0.0000,0.0000,0.0000,122.6366,0.0000,33.2240,35.3625,0.0000,0.0000,57.9945,0.0000,0.0000,9.4417,39.0581,0.0000,99.6096,0.0000,0.0000,0.0000,0.0000,0.0000,0.0000,0.0000,0.0000,0.0000,0.0000,0.0000,254.8112,0.0000,0.0000,9.1354,63.7744,52.1594,35.5679,60.0696,27.6008,9.1529,18.6221,11.5905,18.6616,65.1334,0.0000,18.7714,30.5244,29.3605,0.0000,10.3490,6.1487,0.0000,0.0000,28.8025,0.0000,0.0000,0.0000,22.7418,0.0000,0.0000,0.0000,9.6273,0.9706,2.0071,5.2045,4.3876,8.5029,12.0692,21.7097,1.1200,9.5339,3.3731,2.8636,0.0000,0.0000,0.0000,396.8820,0.0000,0.0000,0.0000,6.6100,0.0000,0.0000,0.0000,0.0000,0.0000,0.0000,0.0000,20.0000,0.0000,0.0000,300.0000,0.0000,100.0000,0.0000,0.0000,6.6600,13.3300,0.0000,0.0000,0.0000,0.0000,0.0000,11.0558,29.2700,0.0000,300.0000,0.0000,0.0000,0.0000,100.0000,0.0000,0.0000
25,69EnBRPL2024/10/23,BRPL,0.0000,0.0000,0.0000,0.0000,0.0000,0.0000,0.0000,0.0000,122.6366,0.0000,33.2240,35.3625,0.0000,0.0000,57.9945,0.0000,0.0000,9.4417,51.3644,0.0000,99.6096,0.0000,0.0000,0.0000,0.0000,0.0000,0.0000,0.0000,0.0000,0.0000,0.0000,0.0000,254.8112,0.0000,0.0000,9.1354,63.7744,52.1594,35.5679,60.0696,27.6008,9.1529,18.6221,11.5905,18.6616,65.1334,0.0000,18.3059,30.5244,29.3605,0.0000,21.5784,13.6699,0.0000,0.0000,28.8025,0.0000,0.0000,0.0000,22.7418,0.0000,0.0000,0.0000,9.6273,0.9706,2.0071,6.1708,17.9150,13.4220,16.5359,21.9293,2.2355,9.5339,5.6262,8.5908,0.0000,0.0000,0.0000,396.8820,0.0000,0.0000,0.0000,6.6100,0.0000,0.0000,0.0000,0.0000,0.0000,0.0000,0.0000,25.0000,0.0000,0.0000,300.0000,0.0000,100.0000,0.0000,0.0000,6.6600,19.0000,0.0000,0.0000,0.0000,0.0000,0.0000,11.0558,29.2700,0.0000,300.0000,0.0000,0.0000,0.0000,100.0000,0.0000,0.0000
26,69EnBRPL2024/10/23,BRPL,0.0000,0.0000,0.0000,0.0000,0.0000,0.0000,0.0000,0.0000,122.6366,0.0000,33.2240,35.3625,0.0000,0.0000,57.9945,0.0000,0.0000,9.4417,51.3644,0.0000,99.6096,0.0000,0.0000,0.0000,0.0000,0.0000,0.0000,0.0000,0.0000,0.0000,0.0000,0.0000,254.8112,0.0000,0.0000,9.1354,63.7744,52.1594,35.5679,60.0696,27.6008,9.1529,18.6221,11.5905,18.6616,65.1334,0.0000,18.3059,30.5244,29.3605,0.0000,21.5784,13.6699,0.0000,0.0000,28.8025,0.0000,0.0000,0.0000,22.7418,0.0000,0.0000,0.0000,9.6273,0.9706,2.0071,6.1708,17.9150,13.4220,16.5359,21.9293,14.5375,9.5339,5.6262,8.5908,0.0000,0.0000,0.0000,396.8820,0.0000,0.0000,0.0000,6.6100,0.0000,0.0000,0.0000,0.0000,0.0000,0.0000,0.0000,25.0000,0.0000,0.0000,300.0000,0.0000,100.0000,0.0000,0.0000,6.6600,19.0000,0.0000,0.0000,0.0000,0.0000,0.0000,11.0558,28.7700,0.0000,1.0000,0.0000,0.0000,0.0000,100.0000,0.0000,0.0000
27,69EnBRPL2024/10/23,BRPL,0.0000,0.0000,0.0000,0.0000,0.0000,0.0000,0.0000,0.0000,122.6366,0.0000,33.2240,35.3625,0.0000,0.0000,57.9945,0.0000,0.0000,9.4417,51.3644,0.0000,99.6096,0.0000,0.0000,0.0000,0.0000,0.0000,0.0000,0.0000,0.0000,0.0000,0.0000,0.0000,254.8112,0.0000,0.0000,9.1354,63.7744,52.1594,35.5679,60.0696,27.6008,9.1529,18.6221,11.5905,18.6616,65.1334,0.0000,18.3059,30.5244,29.3605,0.0000,21.5784,13.6699,0.0000,0.0000,28.8025,0.0000,0.0000,0.0000,22.7418,0.0000,0.0000,0.0000,9.6273,0.9706,2.0071,6.1708,17.9150,13.4220,16.5359,21.9293,14.5375,9.5339,3.9352,8.5908,0.0000,0.0000,0.0000,396.8820,0.0000,0.0000,0.0000,6.6100,0.0000,0.0000,0.0000,0.0000,0.0000,0.0000,0.0000,23.5000,0.0000,0.0000,0.4200,0.0000,2.0000,0.0000,0.0000,6.6600,18.6700,0.0000,0.0000,0.0000,0.0000,0.0000,11.0558,28.2600,0.0000,4.0000,0.0000,0.0000,0.0000,0.3200,0.0000,0.0000
28,69EnBRPL2024/10/23,BRPL,0.0000,0.0000,0.0000,0.0000,0.0000,0.0000,0.0000,0.0000,122.6366,0.0000,33.2240,35.3625,0.0000,0.0000,57.9945,0.0000,0.0000,9.4417,51.3644,0.0000,99.6096,0.0000,0.0000,0.0000,0.0000,0.0000,0.0000,0.0000,0.0000,0.0000,0.0000,0.0000,254.8112,0.0000,0.0000,9.1354,63.7744,52.1594,35.5679,60.0696,27.6008,9.1529,18.6221,11.5905,18.6616,65.1334,0.0000,18.3059,30.5244,29.3605,0.0000,21.2665,13.6699,0.0000,0.0000,28.8025,0.0000,0.0000,0.0000,22.7418,0.0000,0.0000,0.0000,9.6273,0.9706,2.0071,6.1708,17.9150,13.4220,16.5359,21.9293,14.5375,9.5339,3.9352,8.5908,0.0000,0.0000,0.0000,396.8820,0.0000,0.0000,0.0000,6.6100,0.0000,0.0000,0.0000,0.0000,0.0000,0.0000,0.0000,22.5000,0.0000,0.0000,0.9100,0.0000,3.0000,0.0000,0.0000,6.6600,18.3300,0.0000,0.0000,0.0000,0.0000,0.0000,11.0558,27.7600,0.0000,7.0000,0.0000,0.0000,0.0000,0.7200,0.0000,0.0000
29,69EnBRPL2024/10/23,BRPL,0.0000,0.0000,0.0000,0.0000,0.0000,0.0000,0.0000,0.0000,122.6366,0.0000,33.2240,35.3625,0.0000,0.0000,57.9945,0.0000,0.0000,9.4417,51.3644,0.0000,99.6096,0.0000,0.0000,0.0000,0.0000,0.0000,0.0000,0.0000,0.0000,0.0000,0.0000,0.0000,254.8112,0.0000,0.0000,9.1354,63.7744,52.1594,35.5679,60.0696,27.6008,9.1529,18.6221,11.5905,18.6616,65.1334,0.0000,18.3059,30.5244,29.3605,0.0000,10.3490,6.1487,0.0000,0.0000,28.8025,0.0000,0.0000,0.0000,22.7418,0.0000,0.0000,0.0000,9.6273,0.9706,2.0071,5.2045,5.2704,8.5029,12.0692,21.7097,14.5375,9.5339,3.3731,2.8636,0.0000,0.0000,0.0000,396.8820,0.0000,0.0000,0.0000,6.6100,0.0000,0.0000,0.0000,0.0000,0.0000,0.0000,0.0000,22.0000,0.0000,0.0000,7.0300,0.0000,7.0000,0.0000,0.0000,6.6600,17.6700,0.0000,0.0000,0.0000,0.0000,0.0000,11.0558,27.2600,0.0000,14.0000,0.0000,0.0000,0.0000,1.3400,0.0000,0.0000
30,69EnBRPL2024/10/23,BRPL,0.0000,0.0000,0.0000,0.0000,0.0000,0.0000,0.0000,0.0000,122.6366,0.0000,33.2240,35.3625,0.0000,0.0000,57.9945,0.0000,0.0000,9.4417,41.3024,0.0000,99.6096,0.0000,0.0000,0.0000,0.0000,0.0000,0.0800,0.0000,0.0000,0.0000,0.0000,0.0000,254.8112,0.0000,0.0000,9.1354,63.7744,52.1594,35.5679,60.0696,27.6008,9.1529,18.6221,11.5905,18.6616,65.1334,0.0000,18.3059,30.5244,29.3605,0.0000,0.0000,6.1487,0.0000,0.0000,28.8025,0.0000,0.0000,0.0000,22.7418,0.0000,0.0000,0.0000,9.6273,0.9706,2.0071,0.0000,5.2704,4.2515,8.0066,21.7097,14.5375,9.5339,3.3731,2.8636,0.0000,0.0000,0.0000,396.8820,0.0000,0.0000,0.0000,6.6100,0.0000,0.0000,0.0000,0.0000,0.0000,0.0000,0.0000,22.0000,0.0000,0.0000,16.5000,0.0000,10.0000,0.0000,0.0000,6.6600,16.6700,0.0000,0.0000,0.0000,0.0000,0.0000,11.0558,27.2600,0.0000,25.0000,0.0000,0.0000,0.0000,2.2300,0.0000,0.0000
31,69EnBRPL2024/10/23,BRPL,0.0000,0.0000,0.0000,0.0000,0.0000,0.0000,0.0000,0.0000,122.6366,0.0000,33.2240,35.3625,0.0000,0.0000,57.9945,0.0000,0.0000,9.4417,30.8187,0.0000,99.6096,0.0000,0.0000,0.0000,0.0000,0.0000,0.4133,0.0000,0.0000,0.0000,0.0000,0.0000,254.8112,0.0000,0.0000,9.1354,63.7744,52.1594,35.5679,60.0696,27.6008,9.1529,18.6221,11.5905,18.6616,65.1334,0.0000,18.3059,30.5244,29.3605,0.0000,0.0000,6.1487,0.0000,0.0000,28.8025,0.0000,0.0000,0.0000,22.7418,0.0000,0.0000,0.0000,9.6273,1.4538,2.0071,0.0000,5.2704,4.2515,4.0011,21.7097,14.5375,9.5339,3.3731,2.8636,0.0000,0.0000,0.0000,396.8820,0.0000,0.0000,0.0000,6.6100,0.0000,0.0000,0.0000,0.0000,0.0000,0.0000,0.0000,22.0000,0.0000,0.0000,29.2800,0.0000,13.0000,0.0000,0.0000,6.6600,10.0000,0.0000,0.0000,0.0000,0.0000,0.0000,11.0558,27.2600,0.0000,39.0000,0.0000,0.0000,0.0000,3.1000,0.0000,0.0000
32,69EnBRPL2024/10/23,BRPL,0.0000,0.0000,0.0000,0.0000,0.0000,0.0000,0.0000,0.0000,122.6366,0.0000,33.2240,35.3625,0.0000,0.0000,57.9945,0.0000,0.0000,9.4417,17.8842,0.0000,99.6096,0.0000,0.0000,0.0000,0.0000,0.0000,1.2634,0.0000,0.0000,0.0000,0.0000,0.0000,254.8112,0.0000,0.0000,9.1354,63.7744,52.1594,35.5679,60.0696,27.6008,9.1529,18.6221,11.5905,18.6616,65.1334,0.0000,18.3059,30.5244,29.3605,0.0000,0.0000,6.1487,0.0000,0.0000,28.8025,0.0000,0.0000,0.0000,22.7418,0.0000,0.0000,0.0000,9.6273,17.9413,2.0071,0.0000,5.2704,4.2515,0.5797,21.7097,2.2355,9.5339,3.3731,2.8636,0.0000,0.0000,0.0000,396.8820,0.0000,0.0000,0.0000,6.6100,0.0000,0.0000,0.0000,0.0000,0.0000,0.0000,0.0000,21.5000,0.0000,0.0000,46.8000,0.0000,19.0000,0.0000,0.0000,6.6600,10.0000,0.0000,0.0000,0.0000,0.0000,0.0000,11.0558,27.2600,0.0000,53.0000,0.0000,0.0000,0.0000,4.0500,0.0000,0.0000
33,69EnBRPL2024/10/23,BRPL,0.0000,0.0000,0.0000,0.0000,0.0000,0.0000,0.0000,0.0000,122.6366,0.0000,33.2240,35.3625,0.0000,0.0000,57.9945,0.0000,0.0000,9.4417,17.8842,0.0000,99.6096,0.0000,0.0000,0.0000,0.0000,0.0000,2.8934,0.0000,0.0000,0.0000,0.0000,0.0000,254.8112,0.0000,0.0000,9.1354,63.7744,52.1594,35.5679,60.0696,27.6008,9.1529,18.6221,11.5905,18.6616,65.1334,0.0000,18.3059,30.5244,29.3605,0.0000,0.0000,6.1487,0.0000,0.0000,28.8025,0.0000,0.0000,0.0000,22.7418,0.0000,0.0000,0.0000,9.6273,17.9413,8.2701,0.0000,5.2704,4.2515,0.5797,14.4760,1.1200,19.9406,3.3731,2.8636,0.0000,0.0000,0.0000,396.8820,0.0000,0.0000,0.0000,6.6100,0.0000,0.0000,0.0000,0.0000,0.0000,0.0000,0.0000,21.0000,0.0000,0.0000,65.2500,0.0000,25.0000,0.0000,0.0000,6.6600,10.0000,0.0000,0.0000,0.0000,0.0000,0.0000,11.0558,27.2600,0.0000,67.0000,0.0000,0.0000,0.0000,5.1300,0.0000,0.0000
34,69EnBRPL2024/10/23,BRPL,0.0000,0.0000,0.0000,0.0000,0.0000,0.0000,0.0000,0.0000,122.6366,0.0000,33.2240,35.3625,0.0000,0.0000,57.9945,0.0000,0.0000,9.4417,17.8842,0.0000,99.6096,0.0000,0.0000,0.0000,0.0000,0.0000,2.8934,0.0000,0.0000,0.0000,0.0000,0.0000,254.8112,0.0000,0.0000,9.1354,63.7744,52.1594,35.5679,60.0696,27.6008,9.1529,18.6221,11.5905,18.6616,65.1334,0.0000,18.3059,30.5244,29.3605,0.0000,0.0000,6.1487,0.0000,0.0000,28.8025,0.0000,0.0000,0.0000,22.7418,0.0000,0.0000,0.0000,9.6273,2.1828,8.2701,0.0000,1.0541,4.2515,0.5797,14.4760,0.0000,59.2175,3.3731,2.8504,0.0000,0.0000,0.0000,396.8820,0.0000,0.0000,0.0000,6.6100,0.0000,0.0000,0.0000,0.0000,0.0000,0.0000,0.0000,20.5000,0.0000,0.0000,84.4200,0.0000,33.0000,0.0000,0.0000,6.6600,10.0000,0.0000,0.0000,0.0000,0.0000,0.0000,11.0558,27.7600,0.0000,81.0000,0.0000,0.0000,0.0000,6.2200,0.0000,0.0000
35,69EnBRPL2024/10/23,BRPL,0.0000,0.0000,0.0000,0.0000,0.0000,0.0000,0.0000,0.0000,122.6366,0.0000,33.2240,35.3625,0.0000,0.0000,57.9945,0.0000,0.0000,9.4417,17.8842,0.0000,99.6096,0.0000,0.0000,0.0000,0.0000,0.0000,3.8334,0.0000,0.0000,0.0000,0.0000,0.0000,254.8112,0.0000,0.0000,9.1354,63.7744,52.1594,35.5679,60.0696,27.6008,9.1529,18.6221,11.5905,18.6616,65.1334,0.0000,18.3059,30.5244,29.3605,0.0000,0.0000,6.1487,0.0000,0.0000,28.8025,0.0000,0.0000,0.0000,22.7418,0.0000,0.0000,0.0000,9.6273,1.4538,8.2701,0.0000,1.0541,4.2515,0.5797,14.4760,0.0000,59.2175,3.3731,2.8504,0.0000,0.0000,0.0000,396.8820,0.0000,0.0000,0.0000,6.6100,0.0000,0.0000,0.0000,0.0000,0.0000,0.0000,0.0000,20.0000,0.0000,0.0000,103.5800,0.0000,42.0000,0.0000,0.0000,6.6600,10.0000,0.0000,0.0000,0.0000,0.0000,0.0000,11.0558,28.2600,0.0000,95.0000,0.0000,0.0000,0.0000,7.5200,0.0000,0.0000
36,69EnBRPL2024/10/23,BRPL,0.0000,0.0000,0.0000,0.0000,0.0000,0.0000,0.0000,0.0000,122.6366,0.0000,33.2240,35.3625,0.0000,0.0000,57.9945,0.0000,0.0000,9.4417,17.8842,0.0000,99.6096,0.0000,0.0000,0.0000,0.0000,0.0000,4.7368,0.0000,0.0000,0.0000,0.0000,0.0000,254.8112,0.0000,0.0000,9.1354,63.7744,52.1594,35.5679,60.0696,27.6008,9.1529,18.6221,11.5905,18.6616,65.1334,0.0000,18.3059,30.5244,29.3605,0.0000,0.0000,6.1487,0.0000,0.0000,28.8025,0.0000,0.0000,0.0000,22.7418,0.0000,0.0000,0.0000,9.6273,1.4538,8.2701,0.0000,1.0541,4.2515,0.5797,14.4760,0.0000,59.2175,3.3731,2.8504,0.0000,0.0000,0.0000,396.8820,0.0000,0.0000,0.0000,6.6100,0.0000,0.0000,0.0000,0.0000,0.0000,0.0000,0.0000,20.0000,0.0000,0.0000,121.7000,0.0000,48.0000,0.0000,0.0000,6.6600,10.0000,0.0000,0.0000,0.0000,0.0000,0.0000,11.0558,28.7700,0.0000,109.0000,0.0000,0.0000,0.0000,8.5800,0.0000,0.0000
37,69EnBRPL2024/10/23,BRPL,0.0000,0.0000,0.0000,0.0000,0.0000,0.0000,0.0000,0.0000,122.6366,0.0000,33.2240,35.3625,0.0000,0.0000,57.9945,0.0000,0.0000,9.4417,17.8842,0.0000,99.6096,0.0000,0.0000,0.0000,0.0000,0.0000,5.1301,0.0000,0.0000,0.0000,0.0000,0.0000,254.8112,0.0000,0.0000,9.1354,63.7744,52.1594,35.5679,60.0696,27.6008,9.1529,18.6221,11.5905,13.3297,65.1334,0.0000,18.3059,30.5244,29.3605,0.0000,0.0000,6.1487,0.0000,0.0000,28.8025,0.0000,0.0000,0.0000,22.7418,0.0000,0.0000,0.0000,9.6273,1.4538,8.2701,0.0000,1.0541,4.2515,0.5797,14.4760,0.0000,59.2175,5.6262,2.8504,0.0000,0.0000,0.0000,385.2090,0.0000,0.0000,0.0000,6.6100,0.0000,0.0000,0.0000,0.0000,0.0000,0.0000,0.0000,20.0000,0.0000,0.0000,139.2200,0.0000,57.0000,0.0000,0.0000,6.6600,10.0000,0.0000,0.0000,0.0000,0.0000,0.0000,11.0558,29.7700,0.0000,123.0000,0.0000,0.0000,0.0000,9.6900,0.0000,0.0000
38,69EnBRPL2024/10/23,BRPL,0.0000,0.0000,0.0000,0.0000,0.0000,0.0000,0.0000,0.0000,122.6366,0.0000,33.2240,35.3625,0.0000,0.0000,57.9945,0.0000,0.0000,9.4417,17.8842,0.0000,99.6096,0.0000,0.0000,0.0000,0.0000,0.0000,6.1235,0.0000,0.0000,0.0000,0.0000,0.0000,254.8112,0.0000,0.0000,9.1354,63.7744,52.1594,35.5679,60.0696,27.6008,9.1529,18.6221,11.5905,13.3297,65.1334,0.0000,18.3059,30.5244,29.3605,0.0000,0.0000,6.1487,0.0000,0.0000,28.8025,0.0000,0.0000,0.0000,22.7418,0.0000,0.0000,0.0000,9.6273,1.4538,8.2701,0.0000,1.0541,4.2515,0.5797,14.4760,0.0000,19.9406,5.6262,2.8504,0.0000,0.0000,0.0000,385.2090,0.0000,0.0000,0.0000,6.6100,0.0000,0.0000,0.0000,0.0000,0.0000,0.0000,0.0000,20.0000,0.0000,0.0000,155.7600,0.0000,63.0000,0.0000,0.0000,6.6600,10.0000,0.0000,0.0000,0.0000,0.0000,0.0000,11.0558,30.2800,0.0000,137.0000,0.0000,0.0000,0.0000,10.8000,0.0000,0.0000
39,69EnBRPL2024/10/23,BRPL,0.0000,5.6580,0.0000,0.0000,0.0000,0.0000,0.0000,0.0000,122.6366,0.0000,33.2240,35.3625,0.0000,0.0000,57.9945,0.0000,0.0000,9.4417,17.8842,0.0000,99.6096,0.0000,0.0000,0.0000,0.0000,0.0000,7.6735,0.0000,0.0000,0.0000,0.0000,0.0000,254.8112,0.0000,0.0000,9.1354,63.7744,52.1594,35.5679,60.0696,27.6008,9.1529,18.6221,11.5905,13.3297,65.1334,0.0000,18.3059,30.5244,29.3605,0.0000,0.0000,6.1487,0.0000,0.0000,28.8025,0.0000,0.0000,0.0000,22.7418,0.0000,0.0000,0.0000,9.6273,1.4538,2.0071,0.0000,4.3876,0.0000,0.5797,14.4760,0.0000,9.5339,3.3731,0.0000,0.0000,0.0000,0.0000,385.2090,0.0000,0.0000,0.0000,6.4000,0.0000,0.0000,0.0000,0.0000,0.0000,0.0000,0.0000,20.0000,0.0000,0.0000,171.5200,0.0000,71.0000,0.0000,0.0000,6.6600,10.0000,0.0000,0.0000,0.0000,0.0000,0.0000,11.0558,30.2800,0.0000,147.0000,0.0000,0.0000,0.0000,11.7800,0.0000,0.0000
40,69EnBRPL2024/10/23,BRPL,0.0000,5.6580,0.0000,0.0000,0.0000,0.0000,0.0000,0.0000,122.6366,0.0000,33.2240,35.3625,0.0000,0.0000,57.9945,0.0000,0.0000,9.4417,17.8842,0.0000,99.6096,0.0000,0.0000,0.0000,0.0000,0.0000,9.1468,0.0000,0.0000,0.0000,0.0000,0.0000,254.8112,0.0000,0.0000,9.1354,63.7744,52.1594,35.5679,60.0696,27.6008,9.1529,18.6221,11.5905,13.3297,65.1334,0.0000,18.3059,30.5244,29.3605,0.0000,0.0000,6.1487,0.0000,0.0000,28.8025,0.0000,0.0000,0.0000,22.7418,0.0000,0.0000,0.0000,9.6273,1.4538,2.0071,0.0000,4.3876,0.0000,0.5797,14.4760,0.0000,9.5339,3.3731,0.0000,0.0000,0.0000,0.0000,385.2090,0.0000,0.0000,0.0000,6.4000,0.0000,0.0000,0.0000,0.0000,0.0000,0.0000,0.0000,20.0000,0.0000,0.0000,185.5300,0.0000,75.0000,0.0000,0.0000,6.6600,10.0000,0.0000,0.0000,0.0000,0.0000,0.0000,11.0558,30.2800,0.0000,158.0000,0.0000,0.0000,0.0000,12.7600,0.0000,0.0000
41,69EnBRPL2024/10/23,BRPL,0.0000,11.3160,0.0000,0.0000,0.0000,0.0000,0.0000,0.0000,122.6366,0.0000,33.2240,35.3625,0.0000,0.0000,57.9945,0.0000,0.0000,9.4417,17.8842,0.0000,99.6096,0.0000,0.0000,0.0000,0.0000,0.0000,10.4069,0.0000,0.0000,0.0000,0.0000,0.0000,254.8112,0.0000,0.0000,9.1354,63.7744,52.1594,35.5679,60.0696,27.6008,9.1529,18.6221,11.5905,13.3297,65.1334,0.0000,18.2180,30.5244,29.3605,0.0000,0.0000,6.1487,0.0000,0.0000,28.8025,0.0000,0.0000,0.0000,22.7418,0.0000,0.0000,0.0000,9.6273,1.4538,2.0071,0.0000,1.0541,0.0000,4.0011,14.4760,0.0000,9.5339,3.3731,0.0000,0.0000,0.0000,0.0000,385.2090,0.0000,0.0000,0.0000,6.4000,0.0000,0.0000,0.0000,0.0000,0.0000,0.0000,0.0000,20.0000,0.0000,0.0000,198.9000,0.0000,81.0000,0.0000,0.0000,6.6600,10.0000,0.0000,0.0000,0.0000,0.0000,0.0000,11.0558,30.2800,0.0000,165.0000,0.0000,0.0000,0.0000,13.4200,0.0000,0.0000
42,69EnBRPL2024/10/23,BRPL,0.0000,11.3160,0.0000,0.0000,0.0000,0.0000,0.0000,0.0000,122.6366,0.0000,33.2240,35.3625,0.0000,0.0000,57.9945,0.0000,0.0000,9.4417,17.8842,0.0000,99.6096,0.0000,0.0000,0.0000,0.0000,0.0000,11.4102,0.0000,0.0000,0.0000,0.0000,0.0000,254.8112,0.0000,0.0000,9.1354,63.7744,52.1594,35.5679,60.0696,27.6008,9.1529,18.6221,11.5905,13.3297,65.1334,0.0000,18.2180,30.4322,29.3605,0.0000,0.0000,6.1487,0.0000,0.0000,28.8025,0.0000,0.0000,0.0000,22.7418,0.0000,0.0000,0.0000,9.6273,1.4538,2.0071,0.0000,1.0541,0.0000,4.0011,14.4760,0.0000,9.5339,3.3731,0.0000,0.0000,0.0000,0.0000,385.2090,0.0000,0.0000,0.0000,6.4000,0.0000,0.0000,0.0000,0.0000,0.0000,0.0000,0.0000,20.0000,0.0000,0.0000,210.5300,0.0000,83.0000,0.0000,0.0000,6.6600,10.0000,0.0000,0.0000,0.0000,0.0000,0.0000,11.0558,30.2800,0.0000,172.0000,0.0000,0.0000,0.0000,14.4000,0.0000,0.0000
43,69EnBRPL2024/10/23,BRPL,0.0000,16.9740,0.0000,0.0000,0.0000,0.0000,0.0000,0.0000,122.6366,0.0000,33.2240,35.3625,0.0000,0.0000,57.9945,0.0000,0.0000,9.3791,17.8842,0.0000,99.6096,0.0000,0.0000,0.0000,0.0000,0.0000,12.3336,0.0000,0.0000,0.0000,0.0000,0.0000,254.8112,0.0000,0.0000,9.1354,63.7744,52.1594,35.5679,60.0696,27.6008,9.1529,18.6221,11.5905,13.3297,65.1334,0.0000,18.2180,30.4322,29.3605,0.0000,0.0000,6.1487,0.0000,0.0000,28.8025,0.0000,0.0000,0.0000,22.7418,0.0000,0.0000,0.0000,9.6273,1.4538,2.0071,0.0000,1.0541,0.0000,4.0011,14.4760,0.0000,9.5339,3.3731,0.0000,0.0000,0.0000,0.0000,385.2090,0.0000,0.0000,0.0000,6.4000,0.0000,0.0000,0.0000,0.0000,0.0000,0.0000,0.0000,20.0000,0.0000,0.0000,221.6300,0.0000,88.0000,0.0000,0.0000,6.6600,10.0000,0.0000,0.0000,0.0000,0.0000,0.0000,11.0558,30.2800,0.0000,175.0000,0.0000,0.0000,0.0000,15.0500,0.0000,0.0000
44,69EnBRPL2024/10/23,BRPL,0.0000,22.6320,0.0000,0.0000,0.0000,0.0000,0.0000,0.0000,122.6366,0.0000,33.2240,35.3625,0.0000,0.0000,57.9945,0.0000,0.0000,9.3791,17.8842,0.0000,99.6096,0.0000,0.0000,0.0000,0.0000,0.0000,13.1169,0.0000,0.0000,0.0000,0.0000,0.0000,254.8112,0.0000,0.0000,9.1354,63.7744,52.1594,35.5679,60.0696,27.6008,9.1529,18.6221,11.5905,13.3297,65.1334,0.0000,18.2180,30.4322,29.3605,0.0000,0.0000,6.1487,0.0000,0.0000,28.8025,0.0000,0.0000,0.0000,22.7418,0.0000,0.0000,0.0000,9.6273,2.1828,2.0071,0.0000,1.0541,0.0000,4.0011,14.4760,0.0000,9.5339,3.3731,0.0000,0.0000,0.0000,0.0000,385.2090,0.0000,0.0000,0.0000,6.4000,0.0000,0.0000,0.0000,0.0000,0.0000,0.0000,0.0000,20.0000,0.0000,0.0000,232.7000,0.0000,90.0000,0.0000,0.0000,6.6600,10.0000,0.0000,0.0000,0.0000,0.0000,0.0000,11.0558,30.2800,0.0000,182.0000,0.0000,0.0000,0.0000,15.4700,0.0000,0.0000
45,69EnBRPL2024/10/23,BRPL,0.0000,22.6320,0.0000,0.0000,0.0000,0.0000,0.0000,0.0000,122.6366,0.0000,33.2240,35.3625,0.0000,0.0000,57.9945,0.0000,0.0000,9.3791,10.2729,0.0000,99.6096,0.0000,0.0000,0.0000,0.0000,0.0000,13.6736,0.0000,0.0000,0.0000,0.0000,0.0000,254.8112,0.0000,0.0000,9.1354,63.7744,52.1594,35.5679,60.0696,27.6008,9.1529,18.6221,11.5905,13.3297,43.4237,0.0000,18.2180,30.4322,29.3605,0.0000,0.0000,6.1487,0.0000,0.0000,28.8025,0.0000,0.0000,0.0000,22.7418,0.0000,0.0000,0.0000,9.6273,1.0673,2.0071,0.0000,1.0541,0.0000,4.0011,14.4760,0.0000,9.5339,3.3731,0.0000,0.0000,0.0000,0.0000,385.2090,0.0000,0.0000,0.0000,6.4000,0.0000,0.0000,0.0000,0.0000,0.0000,0.0000,0.0000,20.0000,0.0000,0.0000,233.3300,0.0000,91.0000,0.0000,0.0000,6.6600,10.0000,0.0000,0.0000,0.0000,0.0000,0.0000,11.0558,30.2800,0.0000,189.0000,0.0000,0.0000,0.0000,15.6600,0.0000,0.0000
46,69EnBRPL2024/10/23,BRPL,0.0000,0.0000,0.0000,0.0000,0.0000,0.0000,0.0000,0.0000,122.6366,0.0000,33.2240,35.3625,0.0000,0.0000,57.9945,0.0000,0.0000,9.3791,10.2729,0.0000,99.6096,0.0000,0.0000,0.0000,0.0000,0.0000,14.1770,0.0000,0.0000,0.0000,0.0000,0.0000,254.8112,0.0000,0.0000,9.1354,63.7744,52.1594,35.5679,60.0696,27.6008,9.1529,18.6221,11.5905,13.3297,43.4237,0.0000,18.2180,30.4322,29.3605,0.0000,0.0000,6.1487,0.0000,0.0000,28.8025,0.0000,0.0000,0.0000,22.7418,0.0000,0.0000,0.0000,9.6273,1.0673,2.0071,0.0000,1.0541,0.0000,4.0011,14.4760,0.0000,9.5339,3.3731,0.0000,0.0000,0.0000,0.0000,385.2090,0.0000,0.0000,0.0000,6.4000,0.0000,0.0000,0.0000,0.0000,0.0000,0.0000,0.0000,20.0000,0.0000,0.0000,233.3300,0.0000,91.0000,0.0000,0.0000,6.6600,10.0000,0.0000,0.0000,0.0000,0.0000,0.0000,11.0558,30.2800,0.0000,193.0000,0.0000,0.0000,0.0000,15.6600,0.0000,0.0000
47,69EnBRPL2024/10/23,BRPL,0.0000,0.0000,0.0000,0.0000,12.4590,0.0000,0.0000,0.0000,122.6366,0.0000,16.6120,35.3625,0.0000,0.0000,57.9945,0.0000,0.0000,9.3791,10.2729,0.0000,99.6096,0.0000,0.0000,0.0000,0.0000,0.0000,14.4503,0.0000,0.0000,0.0000,0.0000,0.0000,254.8112,0.0000,0.0000,9.1354,63.7744,52.1594,35.5679,60.0696,27.6008,9.1529,18.6221,11.5905,13.3297,43.4237,0.0000,18.2180,30.4322,29.3605,0.0000,0.0000,6.1487,0.0000,0.0000,28.8025,0.0000,0.0000,0.0000,22.7418,0.0000,0.0000,0.0000,9.6273,17.9413,2.0071,0.0000,1.0541,0.0000,4.0011,14.4760,0.0000,9.5339,5.6262,0.0000,0.0000,0.0000,0.0000,385.2090,0.0000,0.0000,0.0000,6.4000,0.0000,0.0000,0.0000,0.0000,0.0000,0.0000,0.0000,20.0000,0.0000,0.0000,233.3300,0.0000,91.0000,0.0000,0.0000,6.6600,10.0000,0.0000,0.0000,0.0000,0.0000,0.0000,11.0558,30.2800,0.0000,193.0000,0.0000,0.0000,0.0000,15.6600,0.0000,0.0000
48,69EnBRPL2024/10/23,BRPL,0.0000,0.0000,0.0000,0.0000,12.4590,0.0000,0.0000,0.0000,122.6366,0.0000,16.6120,35.3625,0.0000,0.0000,57.9945,0.0000,0.0000,9.3791,10.2729,0.0000,99.6096,0.0000,0.0000,0.0000,0.0000,0.0000,14.6203,0.0000,0.0000,0.0000,0.0000,0.0000,254.8112,0.0000,0.0000,9.1354,63.7744,52.1594,35.5679,60.0696,27.6008,9.1529,18.6221,11.5905,13.3297,43.4237,0.0000,18.2180,30.4322,29.3605,0.0000,0.0000,6.1487,0.0000,0.0000,28.8025,0.0000,0.0000,0.0000,22.7418,0.0000,0.0000,0.0000,9.6273,17.9413,2.0071,0.0000,1.0541,0.0000,4.0011,14.4760,0.0000,9.5339,5.6262,0.0000,0.0000,0.0000,0.0000,385.2090,0.0000,0.0000,0.0000,6.4000,0.0000,0.0000,0.0000,0.0000,0.0000,0.0000,0.0000,20.0000,0.0000,0.0000,233.3300,0.0000,91.0000,0.0000,0.0000,6.6600,10.0000,0.0000,0.0000,0.0000,0.0000,0.0000,11.0558,30.2800,0.0000,193.0000,0.0000,0.0000,0.0000,15.6600,0.0000,0.0000
49,69EnBRPL2024/10/23,BRPL,0.0000,0.0000,0.0000,0.0000,12.4590,0.0000,0.0000,0.0000,122.6366,0.0000,16.6120,35.3625,0.0000,0.0000,57.9945,0.0000,0.0000,9.3791,10.2729,0.0000,99.6096,0.0000,0.0000,0.0000,0.0000,0.0000,14.6936,0.0000,0.0000,0.0000,0.0000,0.0000,254.8112,0.0000,0.0000,9.1354,63.7744,52.1594,35.5679,60.0696,27.6008,9.1529,18.6221,11.5905,13.3297,43.4237,0.0000,18.0775,30.4322,28.8818,0.0000,0.0000,6.1487,0.0000,0.0000,28.8025,0.0000,0.0000,0.0000,22.7418,0.0000,0.0000,0.0000,9.6273,1.9369,2.0071,0.0000,1.0541,0.0000,0.5797,14.4760,0.0000,9.5339,3.3731,0.0000,0.0000,0.0000,0.0000,373.5360,0.0000,0.0000,0.0000,6.4000,0.0000,0.0000,0.0000,0.0000,0.0000,0.0000,0.0000,20.0000,0.0000,0.0000,233.3300,0.0000,91.0000,0.0000,0.0000,6.6600,10.0000,0.0000,0.0000,0.0000,0.0000,0.0000,11.0558,30.2800,0.0000,193.0000,0.0000,0.0000,0.0000,15.6600,0.0000,0.0000
50,69EnBRPL2024/10/23,BRPL,0.0000,0.0000,0.0000,0.0000,12.4590,0.0000,0.0000,0.0000,122.6366,0.0000,16.6120,35.3625,0.0000,0.0000,57.9945,0.0000,0.0000,9.3791,10.2729,0.0000,99.6096,0.0000,0.0000,0.0000,0.0000,0.0000,14.7136,0.0000,0.0000,0.0000,0.0000,0.0000,254.8112,0.0000,0.0000,9.1354,63.7744,52.1594,35.5679,60.0696,27.6008,9.1529,18.6221,11.5905,13.3297,43.4237,0.0000,18.0775,30.4322,28.8818,0.0000,0.0000,6.1487,0.0000,0.0000,28.8025,0.0000,0.0000,0.0000,22.7418,0.0000,0.0000,0.0000,9.6273,0.9706,2.0071,0.0000,1.0541,0.0000,0.5797,14.4760,0.0000,9.5339,3.3731,0.0000,0.0000,0.0000,0.0000,373.5360,0.0000,0.0000,0.0000,6.4000,0.0000,0.0000,0.0000,0.0000,0.0000,0.0000,0.0000,20.0000,0.0000,0.0000,233.3300,0.0000,91.0000,0.0000,0.0000,6.6600,10.0000,0.0000,0.0000,0.0000,0.0000,0.0000,11.0558,30.2800,0.0000,193.0000,0.0000,0.0000,0.0000,15.6600,0.0000,0.0000
51,69EnBRPL2024/10/23,BRPL,0.0000,0.0000,0.0000,0.0000,12.4590,0.0000,0.0000,0.0000,122.6366,0.0000,16.6120,35.3625,0.0000,0.0000,57.9945,0.0000,0.0000,9.3791,10.2729,0.0000,99.6096,0.0000,0.0000,0.0000,0.0000,0.0000,14.7136,0.0000,0.0000,0.0000,0.0000,0.0000,254.8112,0.0000,0.0000,9.1354,63.7744,52.1594,35.5679,60.0696,27.6008,9.1529,18.6221,11.5905,13.3297,43.4237,0.0000,18.0775,30.4322,28.8818,0.0000,0.0000,6.1487,0.0000,0.0000,28.8025,0.0000,0.0000,0.0000,22.7418,0.0000,0.0000,0.0000,9.6273,0.9706,2.0071,0.0000,1.0541,0.0000,0.5797,7.2380,0.0000,9.5339,3.9352,0.0000,0.0000,0.0000,0.0000,373.5360,0.0000,0.0000,0.0000,6.4000,0.0000,0.0000,0.0000,0.0000,0.0000,0.0000,0.0000,20.0000,0.0000,0.0000,233.3300,0.0000,91.0000,0.0000,0.0000,6.6600,10.0000,0.0000,0.0000,0.0000,0.0000,0.0000,11.0558,30.2800,0.0000,193.0000,0.0000,0.0000,0.0000,15.6600,0.0000,0.0000
52,69EnBRPL2024/10/23,BRPL,0.0000,0.0000,0.0000,0.0000,12.4590,0.0000,0.0000,0.0000,122.6366,0.0000,16.6120,35.3625,0.0000,0.0000,57.9945,0.0000,0.0000,9.3791,10.2729,0.0000,99.6096,0.0000,0.0000,0.0000,0.0000,0.0000,14.7136,0.0000,0.0000,0.0000,0.0000,0.0000,254.8112,0.0000,0.0000,9.1354,63.7744,52.1594,35.5679,60.0696,27.6008,9.1529,18.6221,11.5905,13.3297,43.4237,0.0000,18.0775,30.4322,28.8818,0.0000,0.0000,6.1487,0.0000,0.0000,28.8025,0.0000,0.0000,0.0000,22.7418,0.0000,0.0000,0.0000,9.6273,0.9706,2.0071,0.0000,1.0541,0.0000,0.5797,7.2380,0.0000,9.5339,3.9352,0.0000,0.0000,0.0000,0.0000,373.5360,0.0000,0.0000,0.0000,6.4000,0.0000,0.0000,0.0000,0.0000,0.0000,0.0000,0.0000,20.0000,0.0000,0.0000,233.3300,0.0000,91.0000,0.0000,0.0000,6.6600,10.0000,0.0000,0.0000,0.0000,0.0000,0.0000,11.0558,30.7800,0.0000,193.0000,0.0000,0.0000,0.0000,15.6600,0.0000,0.0000
53,69EnBRPL2024/10/23,BRPL,0.0000,0.0000,0.0000,0.0000,12.4590,0.0000,0.0000,0.0000,122.6366,0.0000,16.6120,35.3625,0.0000,0.0000,57.9945,0.0000,0.0000,9.3895,10.2729,0.0000,99.6096,0.0000,0.0000,0.0000,0.0000,0.0000,14.7136,0.0000,0.0000,0.0000,0.0000,0.0000,254.8112,0.0000,0.0000,9.1354,63.7744,52.1594,35.5679,60.0696,27.6008,9.1529,18.6221,11.5905,13.3297,43.4237,0.0000,18.0775,30.2872,28.8818,0.0000,0.0000,6.1487,0.0000,0.0000,28.8025,0.0000,0.0000,0.0000,22.7418,0.0000,0.0000,0.0000,9.6273,0.9706,2.0071,0.0000,1.0541,0.0000,0.5797,7.2380,0.0000,9.5339,3.9352,0.0000,0.0000,0.0000,0.0000,373.5360,0.0000,0.0000,0.0000,6.4000,0.0000,0.0000,0.0000,0.0000,0.0000,0.0000,0.0000,20.0000,0.0000,0.0000,233.3300,0.0000,91.0000,0.0000,0.0000,6.6600,10.0000,0.0000,0.0000,0.0000,0.0000,0.0000,11.0558,30.7800,0.0000,193.0000,0.0000,0.0000,0.0000,15.6600,0.0000,0.0000
54,69EnBRPL2024/10/23,BRPL,0.0000,0.0000,0.0000,0.0000,0.0000,0.0000,0.0000,0.0000,122.6366,0.0000,33.2240,35.3625,0.0000,0.0000,57.9945,0.0000,0.0000,9.3895,10.2729,0.0000,99.6096,0.0000,0.0000,0.0000,0.0000,0.0000,14.6736,0.0000,0.0000,0.0000,0.0000,0.0000,254.8112,0.0000,0.0000,9.1354,63.7744,52.1594,35.5679,60.0696,27.6008,9.1529,18.6221,11.5905,13.3297,43.4237,0.0000,18.0775,30.2872,28.8818,0.0000,0.0000,6.1487,0.0000,0.0000,28.8025,0.0000,0.0000,0.0000,22.7418,0.0000,0.0000,0.0000,9.6273,0.9706,2.0071,0.0000,1.0541,0.0000,0.5797,7.2380,0.0000,9.5339,3.9352,0.0000,0.0000,0.0000,0.0000,373.5360,0.0000,0.0000,0.0000,6.6000,0.0000,0.0000,0.0000,0.0000,0.0000,0.0000,0.0000,20.0000,0.0000,0.0000,233.3300,0.0000,91.0000,0.0000,0.0000,6.6600,10.0000,0.0000,0.0000,0.0000,0.0000,0.0000,11.0558,30.7800,0.0000,193.0000,0.0000,0.0000,0.0000,15.6600,0.0000,0.0000
55,69EnBRPL2024/10/23,BRPL,0.0000,0.0000,0.0000,0.0000,0.0000,0.0000,0.0000,0.0000,122.6366,0.0000,33.2240,35.3625,0.0000,0.0000,57.9945,0.0000,0.0000,9.3895,10.2729,0.0000,99.6096,0.0000,0.0000,0.0000,0.0000,0.0000,14.5703,0.0000,0.0000,0.0000,0.0000,0.0000,254.8112,0.0000,0.0000,9.1354,63.7744,52.1594,35.5679,60.0696,27.6008,9.1529,18.6221,11.5905,13.3297,43.4237,0.0000,18.0775,30.2872,28.8818,0.0000,0.0000,6.1487,0.0000,0.0000,28.8025,0.0000,0.0000,0.0000,22.7418,0.0000,0.0000,0.0000,9.6273,0.9706,2.0071,0.0000,1.0541,0.0000,0.5797,7.2380,0.0000,9.5339,3.9352,0.0000,0.0000,0.0000,0.0000,373.5360,0.0000,0.0000,0.0000,6.8000,0.0000,0.0000,0.0000,0.0000,0.0000,0.0000,0.0000,20.0000,0.0000,0.0000,235.8300,0.0000,91.0000,0.0000,0.0000,6.6600,10.0000,0.0000,0.0000,0.0000,0.0000,0.0000,11.0558,30.7800,0.0000,193.0000,0.0000,0.0000,0.0000,15.6600,0.0000,0.0000
56,69EnBRPL2024/10/23,BRPL,0.0000,0.0000,0.0000,0.0000,0.0000,0.0000,0.0000,0.0000,122.6366,0.0000,33.2240,35.3625,0.0000,0.0000,57.9945,0.0000,0.0000,9.3895,10.2729,0.0000,99.6096,0.0000,0.0000,0.0000,0.0000,0.0000,14.4003,0.0000,0.0000,0.0000,0.0000,0.0000,254.8112,0.0000,0.0000,9.1354,63.7744,52.1594,35.5679,60.0696,27.6008,9.1529,18.6221,11.5905,13.3297,43.4237,0.0000,18.0775,30.2872,28.8818,0.0000,0.0000,6.1487,0.0000,0.0000,28.8025,0.0000,0.0000,0.0000,22.7418,0.0000,0.0000,0.0000,9.6273,0.9706,2.0071,0.0000,1.0541,0.0000,0.5797,7.2380,0.0000,9.5339,5.6262,0.0000,0.0000,0.0000,0.0000,373.5360,0.0000,0.0000,0.0000,6.8000,0.0000,0.0000,0.0000,0.0000,0.0000,0.0000,0.0000,20.0000,0.0000,0.0000,234.1700,0.0000,91.0000,0.0000,0.0000,6.6600,10.0000,0.0000,0.0000,0.0000,0.0000,0.0000,11.0558,30.7800,0.0000,189.0000,0.0000,0.0000,0.0000,15.4700,0.0000,0.0000
57,69EnBRPL2024/10/23,BRPL,0.0000,0.0000,0.0000,0.0000,0.0000,0.0000,0.0000,0.0000,122.6366,0.0000,33.2240,35.3625,0.0000,0.0000,57.9945,0.0000,0.0000,9.3895,10.2729,0.0000,99.6096,0.0000,0.0000,0.0000,0.0000,0.0000,14.1770,0.0000,0.0000,0.0000,0.0000,0.0000,254.8112,0.0000,0.0000,9.1354,63.7744,52.1594,35.5679,60.0696,27.6008,9.1529,18.6221,11.5905,13.3297,43.4237,0.0000,18.0775,30.2872,28.8818,0.0000,0.0000,6.1487,0.0000,0.0000,28.8025,0.0000,0.0000,0.0000,22.7418,0.0000,0.0000,0.0000,9.6273,0.9706,2.0071,0.0000,1.0541,0.0000,0.5797,7.2380,0.0000,9.5339,5.6262,0.0000,0.0000,0.0000,0.0000,373.5360,0.0000,0.0000,0.0000,6.8000,0.0000,0.0000,0.0000,0.0000,0.0000,0.0000,0.0000,20.0000,0.0000,0.0000,230.6300,0.0000,88.0000,0.0000,0.0000,6.6600,10.0000,0.0000,0.0000,0.0000,0.0000,0.0000,11.0558,31.2800,0.0000,186.0000,0.0000,0.0000,0.0000,15.0700,0.0000,0.0000
58,69EnBRPL2024/10/23,BRPL,0.0000,0.0000,0.0000,0.0000,0.0000,0.0000,0.0000,0.0000,122.6366,0.0000,33.2240,35.3625,0.0000,0.0000,57.9945,0.0000,0.0000,9.3895,10.2729,0.0000,99.6096,0.0000,0.0000,0.0000,0.0000,0.0000,13.9036,0.0000,0.0000,0.0000,0.0000,0.0000,254.8112,0.0000,0.0000,9.1354,63.7744,52.1594,35.5679,60.0696,27.6008,9.1529,18.6221,11.5905,13.3297,43.4237,0.0000,18.0775,30.2872,28.8818,0.0000,0.0000,6.1487,0.0000,0.0000,28.8025,0.0000,0.0000,0.0000,22.7418,0.0000,0.0000,0.0000,9.6273,0.9706,2.0071,0.0000,1.0541,0.0000,0.5797,7.2380,0.0000,9.5339,3.9352,0.0000,0.0000,0.0000,0.0000,373.5360,0.0000,0.0000,0.0000,7.0000,0.0000,0.0000,0.0000,0.0000,0.0000,0.0000,0.0000,20.0000,0.0000,0.0000,221.1600,0.0000,85.0000,0.0000,0.0000,6.6600,10.0000,0.0000,0.0000,0.0000,0.0000,0.0000,11.0558,31.2800,0.0000,182.0000,0.0000,0.0000,0.0000,14.6100,0.0000,0.0000
59,69EnBRPL2024/10/23,BRPL,0.0000,0.0000,0.0000,0.0000,0.0000,0.0000,0.0000,0.0000,122.6366,0.0000,33.2240,35.3625,0.0000,0.0000,57.9945,0.0000,0.0000,9.4156,10.2729,0.0000,99.6096,0.0000,0.0000,0.0000,0.0000,0.0000,13.5803,0.0000,0.0000,0.0000,0.0000,0.0000,254.8112,0.0000,0.0000,9.1354,63.7744,52.1594,35.5679,60.0696,27.6008,9.1529,18.6221,11.5905,14.6605,43.4237,0.0000,18.0775,30.2872,28.8818,0.0000,0.0000,6.1487,0.0000,0.0000,28.8025,0.0000,0.0000,0.0000,22.7418,0.0000,0.0000,0.0000,9.6273,0.9706,2.0071,0.0000,1.0541,0.0000,0.5797,7.2380,0.0000,9.5339,3.9352,0.0000,0.0000,0.0000,0.0000,373.5360,0.0000,0.0000,0.0000,7.0000,0.0000,0.0000,0.0000,0.0000,0.0000,0.0000,0.0000,20.0000,0.0000,0.0000,209.9500,0.0000,78.0000,0.0000,0.0000,6.6600,10.0000,0.0000,0.0000,0.0000,0.0000,0.0000,11.0558,31.2800,0.0000,151.0000,0.0000,0.0000,0.0000,14.1300,0.0000,0.0000
60,69EnBRPL2024/10/23,BRPL,0.0000,0.0000,0.0000,0.0000,0.0000,0.0000,0.0000,0.0000,122.6366,0.0000,33.2240,35.3625,0.0000,0.0000,57.9945,0.0000,0.0000,9.4156,10.2729,0.0000,99.6096,0.0000,0.0000,0.0000,0.0000,0.0000,12.7769,0.0000,0.0000,0.0000,0.0000,0.0000,254.8112,0.0000,0.0000,9.1354,63.7744,52.1594,35.5679,60.0696,27.6008,9.1529,18.6221,11.5905,14.6605,43.4237,0.0000,18.0775,30.2872,28.8818,0.0000,0.0000,6.1487,0.0000,0.0000,28.8025,0.0000,0.0000,0.0000,22.7418,0.0000,0.0000,0.0000,9.6273,0.9706,2.0071,0.0000,1.0541,0.0000,0.5797,7.2380,0.0000,9.5339,3.9352,0.0000,0.0000,0.0000,0.0000,373.5360,0.0000,0.0000,0.0000,7.2000,0.0000,0.0000,0.0000,0.0000,0.0000,0.0000,0.0000,20.0000,0.0000,0.0000,197.9100,0.0000,74.0000,0.0000,0.0000,6.6600,10.0000,0.0000,0.0000,0.0000,0.0000,0.0000,11.0558,31.2800,0.0000,140.0000,0.0000,0.0000,0.0000,13.5000,0.0000,0.0000
61,69EnBRPL2024/10/23,BRPL,0.0000,0.0000,0.0000,0.0000,0.0000,0.0000,0.0000,0.0000,122.6366,0.0000,33.2240,35.3625,0.0000,0.0000,57.9945,0.0000,0.0000,9.4156,10.2729,0.0000,99.6096,0.0000,0.0000,0.0000,0.0000,0.0000,11.8169,0.0000,0.0000,0.0000,0.0000,0.0000,254.8112,0.0000,0.0000,9.1354,63.7744,52.1594,35.5679,60.0696,27.6008,9.1529,18.6221,11.5905,14.6605,43.4237,0.0000,18.0775,30.2872,28.8818,0.0000,0.0000,6.1487,0.0000,0.0000,28.8025,0.0000,0.0000,0.0000,22.7418,0.0000,0.0000,0.0000,9.6273,0.9706,2.0071,0.0000,1.0541,0.0000,4.0011,7.2380,0.0000,19.0752,3.9352,0.0000,0.0000,0.0000,0.0000,373.5360,0.0000,0.0000,0.0000,7.2000,0.0000,0.0000,0.0000,0.0000,0.0000,0.0000,0.0000,20.0000,0.0000,0.0000,186.1600,0.0000,69.0000,0.0000,0.0000,6.6600,10.0000,0.0000,0.0000,0.0000,0.0000,0.0000,11.0558,31.2800,0.0000,126.0000,0.0000,0.0000,0.0000,12.6500,0.0000,0.0000
62,69EnBRPL2024/10/23,BRPL,0.0000,0.0000,0.0000,0.0000,0.0000,0.0000,0.0000,0.0000,122.6366,0.0000,33.2240,35.3625,0.0000,0.0000,57.9945,0.0000,0.0000,9.4156,10.2729,0.0000,99.6096,0.0000,0.0000,0.0000,0.0000,0.0000,10.7502,0.0000,0.0000,0.0000,0.0000,0.0000,254.8112,0.0000,0.0000,9.1354,63.7744,52.1594,35.5679,60.0696,27.6008,9.1529,18.6221,11.5905,14.6605,43.4237,0.0000,18.0775,30.2872,28.8818,0.0000,0.0000,6.1487,0.0000,0.0000,28.8025,0.0000,0.0000,0.0000,22.7418,0.0000,0.0000,0.0000,9.6273,0.9706,2.0071,0.0000,1.0541,0.0000,4.0011,7.2380,0.0000,19.0752,3.9352,0.0000,0.0000,0.0000,0.0000,373.5360,0.0000,0.0000,0.0000,8.0000,0.0000,0.0000,0.0000,0.0000,0.0000,0.0000,0.0000,20.0000,0.0000,0.0000,170.3800,0.0000,63.0000,0.0000,0.0000,6.6600,10.0000,0.0000,0.0000,0.0000,0.0000,0.0000,11.0558,31.2800,0.0000,112.0000,0.0000,0.0000,0.0000,11.9100,0.0000,0.0000
63,69EnBRPL2024/10/23,BRPL,0.0000,0.0000,0.0000,0.0000,0.0000,0.0000,0.0000,0.0000,122.6366,0.0000,33.2240,35.3625,0.0000,0.0000,57.9945,0.0000,0.0000,9.4156,10.2729,0.0000,99.6096,0.0000,0.0000,0.0000,0.0000,0.0000,9.6302,0.0000,0.0000,0.0000,0.0000,0.0000,254.8112,0.0000,0.0000,9.1354,63.7744,52.1594,35.5679,60.0696,27.6008,9.1529,18.6221,11.5905,14.6605,43.4237,0.0000,18.0775,30.2872,28.8818,0.0000,0.0000,6.1487,0.0000,0.0000,28.8025,0.0000,0.0000,0.0000,22.7418,0.0000,0.0000,0.0000,9.6273,0.9706,2.0071,0.0000,1.0541,0.0000,4.0011,7.2380,0.0000,19.0752,3.9352,0.0000,0.0000,0.0000,0.0000,373.5360,0.0000,0.0000,0.0000,10.4000,0.0000,0.0000,0.0000,0.0000,0.0000,0.0000,0.0000,20.0000,0.0000,0.0000,154.4800,0.0000,57.0000,0.0000,0.0000,6.6600,10.0000,0.0000,0.0000,0.0000,0.0000,0.0000,11.0558,31.2800,0.0000,98.0000,0.0000,0.0000,0.0000,10.9800,0.0000,0.0000
64,69EnBRPL2024/10/23,BRPL,0.0000,0.0000,0.0000,0.0000,0.0000,0.0000,0.0000,0.0000,122.6366,0.0000,33.2240,35.3625,0.0000,0.0000,57.9945,0.0000,0.0000,9.4156,10.2729,0.0000,99.6096,0.0000,0.0000,0.0000,0.0000,0.0000,8.4402,0.0000,0.0000,0.0000,0.0000,0.0000,254.8112,0.0000,0.0000,9.1354,63.7744,52.1594,35.5679,60.0696,27.6008,9.1529,18.6221,11.5905,14.6605,43.4237,0.0000,18.0775,30.2872,28.8818,0.0000,0.0000,6.1487,0.0000,0.0000,28.8025,0.0000,0.0000,0.0000,22.7418,0.0000,0.0000,0.0000,9.6273,0.9706,2.0071,0.0000,1.0541,0.0000,4.0011,7.2380,0.0000,19.0752,3.9352,0.0000,0.0000,0.0000,0.0000,373.5360,0.0000,0.0000,0.0000,12.8100,0.0000,0.0000,0.0000,0.0000,0.0000,0.0000,0.0000,20.0000,0.0000,0.0000,137.2300,0.0000,53.0000,0.0000,0.0000,6.6600,10.0000,0.0000,0.0000,0.0000,0.0000,0.0000,11.0558,31.2800,0.0000,84.0000,0.0000,0.0000,0.0000,10.1400,0.0000,0.0000
65,69EnBRPL2024/10/23,BRPL,0.0000,0.0000,0.0000,0.0000,0.0000,0.0000,0.0000,0.0000,122.6366,0.0000,33.2240,35.3625,0.0000,0.0000,57.9945,0.0000,0.0000,9.4156,19.9616,0.0000,99.6096,0.0000,0.0000,0.0000,0.0000,0.0000,7.2101,0.0000,0.0000,0.0000,0.0000,0.0000,254.8112,0.0000,0.0000,9.1354,63.7744,52.1594,35.5679,60.0696,27.6008,9.1529,18.6221,11.5905,14.6605,43.4237,0.0000,17.6163,30.2872,28.8818,0.0000,0.0000,6.1487,0.0000,0.0000,28.8025,0.0000,0.0000,0.0000,22.7418,0.0000,0.0000,0.0000,9.6273,0.9706,2.0071,0.0000,1.0541,0.0000,0.5797,14.4760,0.0000,9.5339,3.9352,0.0000,0.0000,0.0000,0.0000,373.5360,0.0000,0.0000,0.0000,9.6000,0.0000,0.0000,0.0000,0.0000,0.0000,0.0000,0.0000,20.0000,0.0000,0.0000,111.3300,0.0000,43.0000,0.0000,0.0000,6.6600,10.0000,0.0000,0.0000,0.0000,0.0000,0.0000,11.0558,31.2800,0.0000,70.0000,0.0000,0.0000,0.0000,9.1600,0.0000,0.0000
66,69EnBRPL2024/10/23,BRPL,0.0000,0.0000,0.0000,0.0000,0.0000,0.0000,0.0000,0.0000,122.6366,0.0000,33.2240,35.3625,0.0000,0.0000,57.9945,0.0000,0.0000,9.3623,19.9616,0.0000,99.6096,0.0000,0.0000,0.0000,0.0000,0.0000,5.9001,0.0000,0.0000,0.0000,0.0000,0.0000,254.8112,0.0000,0.0000,9.1354,63.7744,52.1594,35.5679,60.0696,27.6008,9.1529,18.6221,11.5905,14.6605,43.4237,0.0000,17.6163,30.2872,28.8818,0.0000,0.0000,6.1487,0.0000,0.0000,28.8025,0.0000,0.0000,0.0000,22.7418,0.0000,0.0000,0.0000,9.6273,0.9706,2.0071,0.0000,1.0541,0.0000,0.5797,14.4760,0.0000,9.5339,3.9352,0.0000,0.0000,0.0000,0.0000,373.5360,0.0000,0.0000,0.0000,9.8000,0.0000,0.0000,0.0000,0.0000,0.0000,0.0000,0.0000,20.0000,0.0000,0.0000,88.8200,0.0000,37.0000,0.0000,0.0000,6.6600,10.0000,0.0000,0.0000,0.0000,0.0000,0.0000,11.0558,31.2800,0.0000,56.0000,0.0000,0.0000,0.0000,8.1700,0.0000,0.0000
67,69EnBRPL2024/10/23,BRPL,0.0000,0.0000,0.0000,0.0000,0.0000,0.0000,0.0000,0.0000,122.6366,0.0000,33.2240,35.3625,0.0000,0.0000,57.9945,0.0000,0.0000,9.3623,19.9616,0.0000,99.6096,0.0000,0.0000,0.0000,0.0000,0.0000,4.7468,0.0000,0.0000,0.0000,0.0000,0.0000,254.8112,0.0000,0.0000,9.1354,63.7744,52.1594,35.5679,61.2384,27.6008,9.1529,18.6221,11.5905,17.0585,43.4237,0.0000,17.6163,30.2872,28.8818,0.0000,10.3490,6.1487,0.0000,0.0000,28.8025,0.0000,0.0000,0.0000,22.7418,0.0000,0.0000,0.0000,9.6273,0.9706,2.0071,0.0000,1.0541,0.0000,0.5797,14.4760,0.0000,9.5339,3.3731,0.0000,0.0000,0.0000,0.0000,373.5360,0.0000,0.0000,0.0000,9.8000,0.0000,0.0000,0.0000,0.0000,0.0000,0.0000,0.0000,20.0000,0.0000,0.0000,70.6200,0.0000,29.0000,0.0000,0.0000,6.6600,10.0000,0.0000,0.0000,0.0000,0.0000,0.0000,11.0558,31.2800,0.0000,42.0000,0.0000,0.0000,0.0000,7.1000,0.0000,0.0000
68,69EnBRPL2024/10/23,BRPL,0.0000,0.0000,0.0000,0.0000,0.0000,0.0000,0.0000,0.0000,122.6366,0.0000,33.2240,35.3625,0.0000,0.0000,57.9945,0.0000,0.0000,9.3623,19.9616,0.0000,99.6096,0.0000,0.0000,0.0000,0.0000,0.0000,3.6034,0.0000,0.0000,0.0000,0.0000,0.0000,254.8112,0.0000,0.0000,9.1354,63.7744,52.1594,35.5679,61.2384,27.6008,9.1529,18.6221,11.5905,17.5944,43.4237,0.0000,17.6163,30.2872,28.8818,0.0000,10.3490,6.1487,0.0000,0.0000,28.8025,0.0000,0.0000,0.0000,22.7418,0.0000,0.0000,0.0000,9.6273,0.9706,2.0071,0.0000,1.0541,4.2515,0.5797,14.4760,0.0000,9.5339,3.3731,0.0000,0.0000,0.0000,0.0000,373.5360,0.0000,0.0000,0.0000,9.6000,0.0000,0.0000,0.0000,0.0000,0.0000,0.0000,0.0000,20.0000,0.0000,0.0000,53.5100,0.0000,23.0000,0.0000,0.0000,6.6600,10.0000,0.0000,0.0000,0.0000,0.0000,0.0000,11.0558,31.2800,0.0000,32.0000,0.0000,0.0000,0.0000,6.0200,0.0000,0.0000
69,69EnBRPL2024/10/23,BRPL,0.0000,0.0000,0.0000,0.0000,0.0000,0.0000,0.0000,0.0000,122.6366,0.0000,33.2240,35.3625,0.0000,0.0000,57.9945,0.0000,0.0000,9.3623,30.8187,0.0000,99.6096,0.0000,0.0000,0.0000,0.0000,0.0000,2.8234,0.0000,0.0000,0.0000,0.0000,0.0000,254.8112,0.0000,0.0000,9.1354,63.7744,52.1594,35.5679,61.2384,27.6008,9.1529,18.6221,11.5905,17.5944,43.4237,0.0000,17.6163,30.4322,28.8818,0.0000,10.3490,6.1487,0.0000,0.0000,28.8025,0.0000,0.0000,0.0000,22.7418,0.0000,0.0000,0.0000,9.6273,0.9706,2.0071,0.0000,1.0541,4.2515,4.0011,14.4760,0.0000,9.5339,3.3731,0.0000,0.0000,0.0000,0.0000,373.5360,0.0000,0.0000,0.0000,12.6100,0.0000,0.0000,0.0000,0.0000,0.0000,0.0000,0.0000,20.0000,0.0000,0.0000,34.8600,0.0000,15.0000,0.0000,0.0000,6.6600,10.0000,0.0000,0.0000,0.0000,0.0000,0.0000,11.0558,31.2800,0.0000,21.0000,0.0000,0.0000,0.0000,5.0100,0.0000,0.0000
70,69EnBRPL2024/10/23,BRPL,0.0000,0.0000,0.0000,0.0000,0.0000,0.0000,0.0000,0.0000,122.6366,0.0000,33.2240,35.3625,0.0000,0.0000,57.9945,0.0000,0.0000,9.3623,39.5104,0.0000,99.6096,0.0000,0.0000,0.0000,0.0000,0.0000,1.9167,0.0000,0.0000,0.0000,0.0000,0.0000,254.8112,0.0000,0.0000,9.1354,63.7744,52.1594,35.5679,61.2384,27.6008,9.1529,18.6221,11.5905,18.1258,43.4237,0.0000,17.6163,30.4322,28.8818,0.0000,20.7050,6.1487,0.0000,0.0000,28.8025,0.0000,0.0000,0.0000,22.7418,0.0000,0.0000,0.0000,9.6273,17.9413,2.0071,0.0000,1.7568,4.2515,8.0066,21.7097,0.0000,9.5339,3.3731,0.4831,0.0000,0.0000,0.0000,373.5360,0.0000,0.0000,0.0000,12.4100,0.0000,0.0000,0.0000,0.0000,0.0000,0.0000,0.0000,20.0000,0.0000,0.0000,18.2000,0.0000,13.0000,0.0000,0.0000,6.6600,10.0000,0.0000,0.0000,0.0000,0.0000,0.0000,11.0558,31.2800,0.0000,7.0000,0.0000,0.0000,0.0000,4.1200,0.0000,0.0000
71,69EnBRPL2024/10/23,BRPL,0.0000,0.0000,0.0000,0.0000,0.0000,0.0000,0.0000,0.0000,122.6366,0.0000,33.2240,35.3625,0.0000,0.0000,57.9945,0.0000,0.0000,9.3623,49.9107,0.0000,99.6096,0.0000,0.0000,0.0000,0.0000,0.0000,1.2500,0.0000,0.0000,0.0000,0.0000,0.0000,254.8112,0.0000,0.0000,9.1354,63.7744,52.1594,35.5679,61.2384,27.6008,9.1529,18.6221,11.5905,18.1258,43.4237,0.0000,17.6163,30.4322,28.8818,0.0000,32.3641,6.1487,0.0000,0.0000,28.8025,0.0000,0.0000,0.0000,22.7418,0.0000,0.0000,0.0000,9.6273,17.9413,2.0071,5.2045,7.0228,8.5029,12.0692,21.7097,0.0000,19.0752,3.3731,2.8636,0.0000,0.0000,0.0000,373.5360,0.0000,0.0000,0.0000,11.4100,0.0000,0.0000,0.0000,0.0000,0.0000,0.0000,0.0000,20.0000,0.0000,0.0000,10.2400,0.0000,10.0000,0.0000,0.0000,6.6600,10.0000,0.0000,0.0000,0.0000,0.0000,0.0000,11.0558,31.2800,0.0000,2.0000,0.0000,0.0000,0.0000,3.1400,0.0000,0.0000
72,69EnBRPL2024/10/23,BRPL,0.0000,0.0000,0.0000,0.0000,0.0000,0.0000,0.0000,0.0000,122.6366,0.0000,33.2240,35.3625,0.0000,0.0000,57.9945,0.0000,0.0000,9.3623,61.6373,0.0000,99.6096,0.0000,0.0000,0.0000,0.0000,0.0000,0.7167,0.0000,0.0000,0.0000,0.0000,0.0000,254.8112,0.0000,0.0000,9.1354,63.7744,52.1594,35.5679,61.2384,27.6008,9.1529,18.6221,11.5905,18.6616,43.4237,0.0000,17.6163,30.4322,28.8818,0.0000,43.1429,13.6699,0.0000,0.0000,28.8025,0.0000,0.0000,0.0000,22.7418,0.0000,0.0000,0.0000,9.6273,1.4538,2.0071,5.2045,17.9150,13.4220,16.5359,21.9293,0.0000,59.2175,3.3731,8.5908,0.0000,0.0000,0.0000,373.5360,0.0000,0.0000,0.0000,10.4000,0.0000,0.0000,0.0000,0.0000,0.0000,0.0000,0.0000,20.0000,0.0000,0.0000,4.5500,0.0000,7.0000,0.0000,0.0000,6.6600,10.0000,0.0000,0.0000,0.0000,0.0000,0.0000,11.0558,31.2800,0.0000,1.0000,0.0000,0.0000,0.0000,2.2700,0.0000,0.0000
73,69EnBRPL2024/10/23,BRPL,0.0000,0.0000,0.0000,0.0000,0.0000,0.0000,0.0000,0.0000,122.6366,0.0000,33.2240,35.3625,0.0000,0.0000,57.9945,0.0000,0.0000,9.3623,61.6373,0.0000,99.6096,0.0000,0.0000,0.0000,0.0000,0.0000,0.3233,0.0000,0.0000,0.0000,0.0000,0.0000,254.8112,0.0000,0.0000,9.1354,63.7744,52.1594,35.5679,61.2384,27.6008,9.1529,18.6221,11.5905,18.6616,43.4237,0.0000,17.8447,30.4322,28.8818,0.0000,43.1429,13.6699,1.1727,0.0000,28.8025,0.0000,0.0000,0.0000,22.7418,0.0000,0.0000,0.0000,9.6273,0.9706,2.0071,12.3415,17.9150,13.4220,16.5359,21.9293,0.0000,59.2175,3.3731,8.5908,0.0000,0.0000,0.0000,389.1000,0.0000,0.0000,0.0000,9.2000,0.0000,0.0000,0.0000,0.0000,0.0000,0.0000,0.0000,20.0000,0.0000,0.0000,1.1400,0.0000,4.0000,0.0000,0.0000,6.6600,10.0000,0.0000,0.0000,0.0000,0.0000,0.0000,11.0558,31.2800,0.0000,300.0000,0.0000,0.0000,0.0000,1.6400,0.0000,0.0000
74,69EnBRPL2024/10/23,BRPL,0.0000,0.0000,0.0000,0.0000,0.0000,0.0000,0.0000,0.0000,122.6366,0.0000,33.2240,35.3625,0.0000,0.0000,57.9945,0.0000,0.0000,9.3623,61.6373,0.0000,99.6096,0.0000,0.0000,0.0000,0.0000,0.0000,0.1100,0.0000,0.0000,0.0000,0.0000,0.0000,254.8112,0.0000,0.0000,9.1354,63.7744,52.1594,35.5679,61.2384,27.6008,9.1529,18.6221,11.5905,18.6616,43.4237,0.0000,17.8447,30.4322,28.8818,0.0000,43.1429,13.6699,3.1578,0.0000,28.8025,0.0000,0.0000,0.0000,22.7418,0.0000,0.0000,0.0000,9.6273,0.9706,2.0071,18.5123,17.9150,13.4220,16.5359,21.9293,0.0000,59.2175,4.7829,8.5908,0.0000,0.0000,0.0000,389.1000,0.0000,0.0000,0.0000,8.6000,0.0000,0.0000,0.0000,0.0000,0.0000,0.0000,0.0000,20.0000,0.0000,0.0000,300.0000,0.0000,2.0000,0.0000,0.0000,6.6600,10.0000,0.0000,0.0000,0.0000,0.0000,0.0000,11.0558,31.2800,0.0000,300.0000,0.0000,0.0000,0.0000,1.1600,0.0000,0.0000
75,69EnBRPL2024/10/23,BRPL,0.0000,0.0000,0.0000,0.0000,0.0000,0.0000,0.0000,0.0000,122.6366,0.0000,33.2240,35.3625,0.0000,0.0000,57.9945,0.0000,0.0000,9.3623,61.6373,0.0000,99.6096,0.0000,0.0000,0.0000,0.0000,0.0000,0.0000,0.0000,0.0000,0.0000,0.0000,0.0000,254.8112,0.0000,0.0000,9.1354,63.7744,52.1594,35.5679,61.2384,27.6008,9.1529,18.6221,11.5905,18.6616,43.4237,0.0000,17.8447,30.4322,28.8818,0.0000,43.1429,13.6699,6.9438,0.0000,28.8025,0.0000,0.0000,0.0000,22.7418,0.0000,0.0000,0.0000,9.6273,0.9706,2.0071,18.5123,17.9150,13.4220,16.5359,21.9293,0.0000,59.2175,4.7829,8.5908,0.0000,0.0000,0.0000,389.1000,0.0000,0.0000,0.0000,7.8000,0.0000,0.0000,0.0000,0.0000,0.0000,0.0000,0.0000,20.0000,0.0000,0.0000,300.0000,0.0000,100.0000,0.0000,0.0000,6.6600,10.0000,0.0000,0.0000,0.0000,0.0000,0.0000,11.0558,31.2800,0.0000,300.0000,0.0000,0.0000,0.0000,0.6000,0.0000,0.0000
76,69EnBRPL2024/10/23,BRPL,0.0000,0.0000,0.0000,0.0000,0.0000,0.0000,0.0000,0.0000,122.6366,0.0000,33.2240,35.3625,0.0000,0.0000,57.9945,0.0000,0.0000,9.3623,61.6373,0.0000,99.6096,0.0000,0.0000,0.0000,0.0000,0.0000,0.0000,0.0000,0.0000,0.0000,0.0000,0.0000,254.8112,0.0000,0.0000,9.1354,63.7744,52.1594,35.5679,61.2384,27.6008,9.1529,18.6221,11.5905,18.6616,43.4237,0.0000,17.9852,30.4322,28.8818,0.0000,43.1429,13.6699,6.9438,0.0000,28.8025,0.0000,0.0000,0.0000,22.7418,0.0000,0.0000,0.0000,9.6273,0.9706,2.0071,18.5123,17.9150,13.4220,16.5359,21.9293,1.1200,19.0752,3.9352,8.5908,0.0000,0.0000,0.0000,389.1000,0.0000,0.0000,0.0000,7.6000,0.0000,0.0000,0.0000,0.0000,0.0000,0.0000,0.0000,20.0000,0.0000,0.0000,300.0000,0.0000,100.0000,0.0000,0.0000,6.6600,10.0000,0.0000,0.0000,0.0000,0.0000,0.0000,11.0558,31.2800,0.0000,300.0000,0.0000,0.0000,0.0000,0.2900,0.0000,0.0000
77,69EnBRPL2024/10/23,BRPL,0.0000,0.0000,0.0000,0.0000,0.0000,0.0000,0.0000,0.0000,122.6366,0.0000,33.2240,35.3625,0.0000,0.0000,57.9945,0.0000,0.0000,9.3623,61.6373,0.0000,99.6096,0.0000,0.0000,0.0000,0.0000,0.0000,0.0000,0.0000,0.0000,0.0000,0.0000,0.0000,254.8112,0.0000,0.0000,9.1354,63.7744,52.1594,35.5679,61.2384,27.6008,9.1529,18.6221,11.5905,18.6616,43.4237,0.0000,18.0775,30.4322,28.8818,0.0000,43.1429,13.6699,6.9438,0.0000,28.8025,0.0000,0.0000,0.0000,22.7418,0.0000,0.0000,0.0000,9.6273,0.9706,2.0071,18.5123,17.9150,13.4220,16.5359,21.9293,2.2355,9.5339,3.3731,8.5908,0.0000,0.0000,0.0000,389.1000,0.0000,0.0000,0.0000,7.0000,0.0000,0.0000,0.0000,0.0000,0.0000,0.0000,0.0000,20.0000,0.0000,0.0000,300.0000,0.0000,100.0000,0.0000,0.0000,6.6600,10.0000,0.0000,0.0000,0.0000,0.0000,0.0000,11.0558,31.2800,0.0000,300.0000,0.0000,0.0000,0.0000,0.0500,0.0000,0.0000
78,69EnBRPL2024/10/23,BRPL,0.0000,0.0000,0.0000,0.0000,0.0000,0.0000,0.0000,0.0000,122.6366,0.0000,33.2240,35.3625,0.0000,0.0000,57.9945,0.0000,0.0000,9.3623,61.6373,0.0000,99.6096,0.0000,0.0000,0.0000,0.0000,0.0000,0.0000,0.0000,0.0000,0.0000,0.0000,0.0000,254.8112,0.0000,0.0000,9.1354,63.7744,52.1594,35.5679,61.2384,27.6008,9.1529,18.6221,11.5905,18.6616,43.4237,0.0000,18.0775,30.4322,28.8818,0.0000,43.1429,13.6699,6.9438,0.0000,28.8025,0.0000,0.0000,0.0000,22.7418,0.0000,0.0000,0.0000,9.6273,0.9706,2.0071,18.5123,17.9150,13.4220,16.5359,21.9293,14.5375,9.5339,3.3731,8.5908,0.0000,0.0000,0.0000,389.1000,0.0000,0.0000,0.0000,7.0000,0.0000,0.0000,0.0000,0.0000,0.0000,0.0000,0.0000,20.0000,0.0000,0.0000,300.0000,0.0000,100.0000,0.0000,0.0000,6.6600,10.0000,0.0000,0.0000,0.0000,0.0000,0.0000,11.0558,31.2800,0.0000,300.0000,0.0000,0.0000,0.0000,100.0000,0.0000,0.0000
79,69EnBRPL2024/10/23,BRPL,0.0000,0.0000,0.0000,0.0000,0.0000,0.0000,0.0000,0.0000,122.6366,0.0000,33.2240,35.3625,0.0000,0.0000,57.9945,0.0000,0.0000,9.3623,61.6373,0.0000,99.6096,0.0000,0.0000,0.0000,0.0000,0.0000,0.0000,0.0000,0.0000,0.0000,0.0000,0.0000,254.8112,0.0000,0.0000,9.1354,63.7744,52.1594,35.5679,61.2384,27.6008,9.1529,18.6221,11.5905,18.6616,43.4237,0.0000,18.0775,30.4322,28.8818,0.0000,43.1429,13.6699,6.9438,0.0000,28.8025,0.0000,0.0000,0.0000,22.7418,0.0000,0.0000,0.0000,9.6273,0.9706,2.0071,18.5123,17.9150,13.4220,16.5359,21.9293,21.5252,9.5339,3.3731,8.5908,0.0000,0.0000,0.0000,389.1000,0.0000,0.0000,0.0000,7.0000,0.0000,0.0000,0.0000,0.0000,0.0000,0.0000,0.0000,20.0000,0.0000,0.0000,300.0000,0.0000,100.0000,0.0000,0.0000,6.6600,10.0000,0.0000,0.0000,0.0000,0.0000,0.0000,11.0558,31.2800,0.0000,300.0000,0.0000,0.0000,0.0000,100.0000,0.0000,0.0000
80,69EnBRPL2024/10/23,BRPL,0.0000,0.0000,0.0000,0.0000,0.0000,0.0000,0.0000,0.0000,122.6366,0.0000,33.2240,35.3625,0.0000,0.0000,57.9945,0.0000,0.0000,9.3623,49.9107,0.0000,99.6096,0.0000,0.0000,0.0000,0.0000,0.0000,0.0000,0.0000,0.0000,0.0000,0.0000,0.0000,254.8112,0.0000,0.0000,9.1354,63.7744,52.1594,35.5679,61.2384,27.6008,9.1529,18.6221,11.5905,18.6616,43.4237,0.0000,18.0775,30.4322,28.8818,0.0000,43.1429,6.1487,6.9438,0.0000,28.8025,0.0000,0.0000,0.0000,22.7418,0.0000,0.0000,0.0000,9.6273,0.9706,2.0071,18.5123,11.5685,8.5029,8.0066,14.4760,21.5252,9.5339,3.3731,2.8636,0.0000,0.0000,0.0000,389.1000,0.0000,0.0000,0.0000,7.0000,0.0000,0.0000,0.0000,0.0000,0.0000,0.0000,0.0000,20.0000,0.0000,0.0000,300.0000,0.0000,100.0000,0.0000,0.0000,6.6600,10.0000,0.0000,0.0000,0.0000,0.0000,0.0000,11.0558,31.2800,0.0000,300.0000,0.0000,0.0000,0.0000,100.0000,0.0000,0.0000
81,69EnBRPL2024/10/23,BRPL,0.0000,0.0000,0.0000,0.0000,0.0000,0.0000,0.0000,0.0000,122.6366,0.0000,33.2240,35.3625,0.0000,0.0000,57.9945,0.0000,0.0000,9.3623,39.5104,0.0000,99.6096,0.0000,0.0000,0.0000,0.0000,0.0000,0.0000,0.0000,0.0000,0.0000,0.0000,0.0000,254.8112,0.0000,0.0000,9.1354,63.7744,52.1594,35.5679,61.2384,27.6008,9.1529,18.6221,11.5905,18.6616,43.4237,0.0000,18.0775,30.4322,28.8818,0.0000,43.1429,6.1487,5.2704,0.0000,28.8025,0.0000,0.0000,0.0000,22.7418,0.0000,0.0000,0.0000,9.6273,17.9413,2.0071,18.5123,11.5685,8.5029,4.0011,14.4760,21.5252,9.5339,3.3731,2.8636,0.0000,0.0000,0.0000,389.1000,0.0000,0.0000,0.0000,7.0000,0.0000,0.0000,0.0000,0.0000,0.0000,0.0000,0.0000,20.0000,0.0000,0.0000,300.0000,0.0000,100.0000,0.0000,0.0000,6.6600,13.3300,0.0000,0.0000,0.0000,0.0000,0.0000,11.0558,31.2800,0.0000,300.0000,0.0000,0.0000,0.0000,100.0000,0.0000,0.0000
82,69EnBRPL2024/10/23,BRPL,0.0000,0.0000,0.0000,0.0000,0.0000,0.0000,0.0000,0.0000,122.6366,0.0000,33.2240,35.3625,0.0000,0.0000,57.9945,0.0000,0.0000,9.3623,30.8187,0.0000,99.6096,0.0000,0.0000,0.0000,0.0000,0.0000,0.0000,0.0000,0.0000,0.0000,0.0000,0.0000,254.8112,0.0000,0.0000,9.1354,63.7744,52.1594,35.5679,61.2384,27.6008,9.1529,18.6221,11.5905,18.6616,43.4237,0.0000,18.0775,30.4322,28.8818,0.0000,42.6230,6.1487,3.8825,0.0000,28.8025,0.0000,0.0000,0.0000,22.7418,0.0000,0.0000,0.0000,9.6273,17.9413,11.8145,6.1708,11.5685,8.5029,4.0011,14.4760,14.5375,9.5339,3.3731,0.0000,0.0000,0.0000,0.0000,389.1000,0.0000,0.0000,0.0000,7.0000,0.0000,0.0000,0.0000,0.0000,0.0000,0.0000,0.0000,20.0000,0.0000,0.0000,300.0000,0.0000,100.0000,0.0000,0.0000,6.6600,13.3300,0.0000,0.0000,0.0000,0.0000,0.0000,11.0558,31.2800,0.0000,300.0000,0.0000,0.0000,0.0000,100.0000,0.0000,0.0000
83,69EnBRPL2024/10/23,BRPL,0.0000,0.0000,0.0000,0.0000,0.0000,0.0000,0.0000,0.0000,122.6366,0.0000,33.2240,35.3625,0.0000,0.0000,57.9945,0.0000,0.0000,9.3623,17.4714,0.0000,99.6096,0.0000,0.0000,0.0000,0.0000,0.0000,0.0000,0.0000,0.0000,0.0000,0.0000,0.0000,254.8112,0.0000,0.0000,9.1354,63.7744,52.1594,35.5679,61.2384,27.6008,9.1529,18.6221,11.5905,18.6616,43.4237,0.0000,18.0775,30.4322,28.8818,0.0000,31.0471,6.1487,3.5136,0.0000,28.8025,0.0000,0.0000,0.0000,22.7418,0.0000,0.0000,0.0000,9.6273,1.9369,11.8145,6.1708,11.5685,8.5029,4.0011,14.4760,14.5375,9.5339,3.3731,0.0000,0.0000,0.0000,0.0000,389.1000,0.0000,0.0000,0.0000,7.0000,0.0000,0.0000,0.0000,0.0000,0.0000,0.0000,0.0000,20.0000,0.0000,0.0000,300.0000,0.0000,100.0000,0.0000,0.0000,6.6600,13.3300,0.0000,0.0000,0.0000,0.0000,0.0000,11.0558,31.2800,0.0000,300.0000,0.0000,0.0000,0.0000,100.0000,0.0000,0.0000
84,69EnBRPL2024/10/23,BRPL,0.0000,0.0000,0.0000,0.0000,0.0000,0.0000,0.0000,0.0000,122.6366,0.0000,33.2240,35.3625,0.0000,0.0000,57.9945,0.0000,0.0000,9.3623,17.4714,0.0000,99.6096,0.0000,0.0000,0.0000,0.0000,0.0000,0.0000,0.0000,0.0000,0.0000,0.0000,0.0000,254.8112,0.0000,0.0000,9.1354,63.7744,52.1594,35.5679,61.2384,27.6008,9.1529,18.6221,11.5905,18.6616,43.4237,0.0000,18.0775,30.4322,28.8818,0.0000,31.0471,6.1487,3.5136,0.0000,28.8025,0.0000,0.0000,0.0000,22.7418,0.0000,0.0000,0.0000,9.6273,0.9706,11.8145,6.1708,5.2704,4.2515,4.0011,14.4760,2.2355,9.5339,3.3731,0.0000,0.0000,0.0000,0.0000,389.1000,0.0000,0.0000,0.0000,7.0000,0.0000,0.0000,0.0000,0.0000,0.0000,0.0000,0.0000,20.0000,0.0000,0.0000,300.0000,0.0000,100.0000,0.0000,0.0000,6.6600,13.3300,0.0000,0.0000,0.0000,0.0000,0.0000,11.0558,31.2800,0.0000,300.0000,0.0000,0.0000,0.0000,100.0000,0.0000,0.0000
85,69EnBRPL2024/10/23,BRPL,0.0000,0.0000,0.0000,0.0000,0.0000,0.0000,0.0000,0.0000,122.6366,0.0000,33.2240,35.3625,0.0000,0.0000,57.9945,0.0000,0.0000,9.3623,17.4714,0.0000,99.6096,0.0000,0.0000,0.0000,0.0000,0.0000,0.0000,0.0000,0.0000,0.0000,0.0000,0.0000,254.8112,0.0000,0.0000,9.1354,63.7744,52.1594,35.5679,62.1120,27.6008,9.1529,18.6221,11.5905,18.6616,43.4237,0.0000,18.0775,30.4322,28.8818,0.0000,31.0471,6.1487,3.5136,0.0000,28.8025,0.0000,0.0000,0.0000,22.7418,0.0000,0.0000,0.0000,9.6273,0.9706,11.8145,6.1708,0.8784,4.2515,4.0011,14.4760,1.1200,9.5339,3.3731,0.0000,0.0000,0.0000,0.0000,389.1000,0.0000,0.0000,0.0000,7.0000,0.0000,0.0000,0.0000,0.0000,0.0000,0.0000,0.0000,20.0000,0.0000,0.0000,300.0000,0.0000,100.0000,0.0000,0.0000,6.6600,13.3300,0.0000,0.0000,0.0000,0.0000,0.0000,11.0558,31.2800,0.0000,300.0000,0.0000,0.0000,0.0000,100.0000,0.0000,0.0000
86,69EnBRPL2024/10/23,BRPL,0.0000,0.0000,0.0000,0.0000,0.0000,0.0000,0.0000,0.0000,122.6366,0.0000,33.2240,35.3625,0.0000,0.0000,57.9945,0.0000,0.0000,9.3623,17.4714,0.0000,99.6096,0.0000,0.0000,0.0000,0.0000,0.0000,0.0000,0.0000,0.0000,0.0000,0.0000,0.0000,254.8112,0.0000,0.0000,9.1354,63.7744,52.1594,35.5679,62.1120,27.6008,9.1529,18.6221,11.5905,18.6616,43.4237,0.0000,18.0775,30.4322,28.8818,0.0000,31.0471,6.1487,3.5136,0.0000,28.8025,0.0000,0.0000,0.0000,22.7418,0.0000,0.0000,0.0000,9.6273,0.9706,11.8145,5.2045,0.8784,4.2515,4.0011,14.4760,0.0000,9.5339,3.3731,0.0000,0.0000,0.0000,0.0000,389.1000,0.0000,0.0000,0.0000,7.0000,0.0000,0.0000,0.0000,0.0000,0.0000,0.0000,0.0000,20.0000,0.0000,0.0000,300.0000,0.0000,100.0000,0.0000,0.0000,6.6600,13.3300,0.0000,0.0000,0.0000,0.0000,0.0000,11.0558,31.2800,0.0000,300.0000,0.0000,0.0000,0.0000,100.0000,0.0000,0.0000
87,69EnBRPL2024/10/23,BRPL,0.0000,0.0000,0.0000,0.0000,0.0000,0.0000,0.0000,0.0000,122.6366,0.0000,33.2240,35.3625,0.0000,0.0000,57.9945,0.0000,0.0000,9.3623,17.4714,0.0000,99.6096,0.0000,0.0000,0.0000,0.0000,0.0000,0.0000,0.0000,0.0000,0.0000,0.0000,0.0000,254.8112,0.0000,0.0000,9.1354,63.7744,52.1594,35.5679,62.1120,27.6008,9.2759,18.6221,11.5905,18.6616,52.9807,0.0000,18.0775,30.4322,28.8818,0.0000,20.7050,6.1487,3.5136,0.0000,28.8025,0.0000,0.0000,0.0000,22.7418,0.0000,0.0000,0.0000,9.6273,0.9706,11.8145,0.0000,0.8784,4.2515,4.0011,14.4760,0.0000,9.5339,3.3731,0.0000,0.0000,0.0000,0.0000,389.1000,0.0000,0.0000,0.0000,7.0000,0.0000,0.0000,0.0000,0.0000,0.0000,0.0000,0.0000,20.0000,0.0000,0.0000,300.0000,0.0000,100.0000,0.0000,0.0000,6.6600,13.3300,0.0000,0.0000,0.0000,0.0000,0.0000,11.0558,31.2800,0.0000,300.0000,0.0000,0.0000,0.0000,100.0000,0.0000,0.0000
88,69EnBRPL2024/10/23,BRPL,0.0000,0.0000,0.0000,0.0000,0.0000,0.0000,0.0000,0.0000,122.6366,0.0000,33.2240,35.3625,0.0000,0.0000,57.9945,0.0000,0.0000,9.3623,17.4714,0.0000,99.6096,0.0000,0.0000,0.0000,0.0000,0.0000,0.0000,0.0000,0.0000,0.0000,0.0000,0.0000,254.8112,0.0000,0.0000,9.1354,63.7744,52.1594,35.5679,62.1120,27.6008,9.2759,18.6221,11.5905,18.6616,52.9807,0.0000,18.0775,30.4322,28.8818,0.0000,20.7050,6.1487,3.5136,0.0000,28.8025,0.0000,0.0000,0.0000,22.7418,0.0000,0.0000,0.0000,9.6273,0.9706,2.0071,0.0000,0.8784,4.2515,4.0011,14.4760,0.0000,9.5339,3.3731,0.0000,0.0000,0.0000,0.0000,389.1000,0.0000,0.0000,0.0000,7.0000,0.0000,0.0000,0.0000,0.0000,0.0000,0.0000,0.0000,20.0000,0.0000,0.0000,300.0000,0.0000,100.0000,0.0000,0.0000,6.6600,13.3300,0.0000,0.0000,0.0000,0.0000,0.0000,11.0558,31.2800,0.0000,300.0000,0.0000,0.0000,0.0000,100.0000,0.0000,0.0000
89,69EnBRPL2024/10/23,BRPL,0.0000,0.0000,0.0000,0.0000,0.0000,0.0000,0.0000,0.0000,122.6366,0.0000,33.2240,35.3625,0.0000,0.0000,57.9945,0.0000,0.0000,9.3623,17.4714,0.0000,99.6096,0.0000,0.0000,0.0000,0.0000,0.0000,0.0000,0.0000,0.0000,0.0000,0.0000,0.0000,254.8112,0.0000,0.0000,9.1354,63.7744,52.1594,35.5679,62.1120,27.6008,9.2759,18.6221,11.5905,18.6616,55.2865,0.0000,18.3059,30.5244,28.8818,0.0000,20.7050,6.1487,3.5136,0.0000,28.8025,0.0000,0.0000,0.0000,22.7418,0.0000,0.0000,0.0000,9.6273,0.9706,2.0071,0.0000,0.8784,0.0000,4.0011,14.4760,0.0000,9.5339,3.3731,0.0000,0.0000,0.0000,0.0000,389.1000,0.0000,0.0000,0.0000,7.0000,0.0000,0.0000,0.0000,0.0000,0.0000,0.0000,0.0000,20.0000,0.0000,0.0000,300.0000,0.0000,100.0000,0.0000,0.0000,6.6600,13.3300,0.0000,0.0000,0.0000,0.0000,0.0000,11.0558,30.7800,0.0000,300.0000,0.0000,0.0000,0.0000,100.0000,0.0000,0.0000
90,69EnBRPL2024/10/23,BRPL,0.0000,0.0000,0.0000,0.0000,0.0000,0.0000,0.0000,0.0000,122.6366,0.0000,33.2240,35.3625,0.0000,0.0000,57.9945,0.0000,0.0000,9.3623,17.4714,0.0000,99.6096,0.0000,0.0000,0.0000,0.0000,0.0000,0.0000,0.0000,0.0000,0.0000,0.0000,0.0000,254.8112,0.0000,0.0000,9.1354,63.7744,52.1594,35.5679,62.1120,27.6008,9.2759,18.6221,11.5905,18.6616,55.2865,0.0000,18.3059,30.5244,28.8818,0.0000,20.7050,6.1487,3.5136,0.0000,28.8025,0.0000,0.0000,0.0000,22.7418,0.0000,0.0000,0.0000,9.6273,0.9706,2.0071,0.0000,0.8784,0.0000,4.0011,14.4760,0.0000,9.5339,3.3731,0.0000,0.0000,0.0000,0.0000,389.1000,0.0000,0.0000,0.0000,7.0000,0.0000,0.0000,0.0000,0.0000,0.0000,0.0000,0.0000,20.0000,0.0000,0.0000,300.0000,0.0000,100.0000,0.0000,0.0000,6.6600,13.3300,0.0000,0.0000,0.0000,0.0000,0.0000,11.0558,30.7800,0.0000,300.0000,0.0000,0.0000,0.0000,100.0000,0.0000,0.0000
91,69EnBRPL2024/10/23,BRPL,0.0000,0.0000,0.0000,0.0000,0.0000,0.0000,0.0000,0.0000,122.6366,0.0000,33.2240,35.3625,0.0000,0.0000,57.9945,0.0000,0.0000,9.3623,17.4714,0.0000,99.6096,0.0000,0.0000,0.0000,0.0000,0.0000,0.0000,0.0000,0.0000,0.0000,0.0000,0.0000,254.8112,0.0000,0.0000,9.1354,63.7744,52.1594,35.5679,62.1120,27.6008,9.2759,18.6221,11.5905,18.6616,55.2865,0.0000,18.3059,30.5244,28.8818,0.0000,20.7050,6.1487,1.1727,0.0000,28.8025,0.0000,0.0000,0.0000,22.7418,0.0000,0.0000,0.0000,9.6273,0.9706,2.0071,0.0000,0.8784,0.0000,4.0011,14.4760,0.0000,9.5339,3.3731,0.0000,0.0000,0.0000,0.0000,389.1000,0.0000,0.0000,0.0000,7.0000,0.0000,0.0000,0.0000,0.0000,0.0000,0.0000,0.0000,20.0000,0.0000,0.0000,300.0000,0.0000,100.0000,0.0000,0.0000,6.6600,13.3300,0.0000,0.0000,0.0000,0.0000,0.0000,11.0558,30.7800,0.0000,300.0000,0.0000,0.0000,0.0000,100.0000,0.0000,0.0000
92,69EnBRPL2024/10/23,BRPL,0.0000,0.0000,0.0000,0.0000,0.0000,0.0000,0.0000,0.0000,122.6366,0.0000,33.2240,35.3625,0.0000,0.0000,57.9945,0.0000,0.0000,9.3623,17.4714,0.0000,99.6096,0.0000,0.0000,0.0000,0.0000,0.0000,0.0000,0.0000,0.0000,0.0000,0.0000,0.0000,254.8112,0.0000,0.0000,9.1354,63.7744,52.1594,35.5679,62.1120,27.6008,9.2759,18.6221,11.5905,18.6616,57.5923,0.0000,18.3059,30.5244,28.8818,0.0000,20.7050,6.1487,0.0000,0.0000,28.8025,0.0000,0.0000,0.0000,22.7418,0.0000,0.0000,0.0000,9.6273,0.9706,2.0071,0.0000,0.8784,0.0000,4.0011,14.4760,0.0000,9.5339,3.3731,0.0000,0.0000,0.0000,0.0000,389.1000,0.0000,0.0000,0.0000,7.0000,0.0000,0.0000,0.0000,0.0000,0.0000,0.0000,0.0000,20.0000,0.0000,0.0000,300.0000,0.0000,100.0000,0.0000,0.0000,6.6600,13.3300,0.0000,0.0000,0.0000,0.0000,0.0000,11.0558,30.2800,0.0000,300.0000,0.0000,0.0000,0.0000,100.0000,0.0000,0.0000
93,69EnBRPL2024/10/23,BRPL,0.0000,0.0000,0.0000,0.0000,0.0000,0.0000,0.0000,0.0000,122.6366,0.0000,33.2240,35.3625,0.0000,0.0000,57.9945,0.0000,0.0000,9.3623,17.4714,0.0000,99.6096,0.0000,0.0000,0.0000,0.0000,0.0000,0.0000,0.0000,0.0000,0.0000,0.0000,0.0000,254.8112,0.0000,0.0000,9.1354,63.7744,52.1594,35.5679,62.1120,27.6008,9.2759,18.6221,11.5905,18.6616,57.5923,0.0000,18.7714,30.5244,28.8818,0.0000,20.7050,6.1487,0.0000,0.0000,28.8025,0.0000,0.0000,0.0000,22.7418,0.0000,0.0000,0.0000,9.6273,17.9413,2.0071,0.0000,0.8784,0.0000,4.0011,14.4760,0.0000,9.5339,3.3731,0.0000,0.0000,0.0000,0.0000,389.1000,0.0000,0.0000,0.0000,7.0000,0.0000,0.0000,0.0000,0.0000,0.0000,0.0000,0.0000,20.0000,0.0000,0.0000,300.0000,0.0000,100.0000,0.0000,0.0000,6.6600,13.3300,0.0000,0.0000,0.0000,0.0000,0.0000,11.0558,30.2800,0.0000,300.0000,0.0000,0.0000,0.0000,100.0000,0.0000,0.0000
94,69EnBRPL2024/10/23,BRPL,0.0000,0.0000,0.0000,0.0000,0.0000,0.0000,0.0000,0.0000,122.6366,0.0000,33.2240,35.3625,0.0000,0.0000,57.9945,0.0000,0.0000,9.3623,17.4714,0.0000,99.6096,0.0000,0.0000,0.0000,0.0000,0.0000,0.0000,0.0000,0.0000,0.0000,0.0000,0.0000,254.8112,0.0000,0.0000,9.1354,63.7744,52.1594,35.5679,62.1120,27.6008,9.2759,18.6221,11.5905,18.6616,57.5923,0.0000,18.7714,30.5244,28.8818,0.0000,20.7050,6.1487,0.0000,0.0000,28.8025,0.0000,0.0000,0.0000,22.7418,0.0000,0.0000,0.0000,9.6273,17.9413,2.0071,0.0000,0.8784,0.0000,4.0011,14.4760,0.0000,9.5339,3.3731,0.0000,0.0000,0.0000,0.0000,389.1000,0.0000,0.0000,0.0000,7.0000,0.0000,0.0000,0.0000,0.0000,0.0000,0.0000,0.0000,20.0000,0.0000,0.0000,300.0000,0.0000,100.0000,0.0000,0.0000,6.6600,13.3300,0.0000,0.0000,0.0000,0.0000,0.0000,11.0558,30.2800,0.0000,300.0000,0.0000,0.0000,0.0000,100.0000,0.0000,0.0000
95,69EnBRPL2024/10/23,BRPL,0.0000,0.0000,0.0000,0.0000,0.0000,0.0000,0.0000,0.0000,122.6366,0.0000,33.2240,35.3625,0.0000,0.0000,57.9945,0.0000,28.1088,9.3623,17.4714,0.0000,99.6096,0.0000,0.0000,0.0000,0.0000,0.0000,0.0000,0.0000,0.0000,0.0000,0.0000,0.0000,254.8112,0.0000,0.0000,9.1354,63.7744,52.1594,35.5679,62.1120,27.6008,9.2759,18.6221,11.5905,18.6616,62.1995,0.0000,18.7714,30.5244,28.8818,0.0000,20.7050,6.1487,0.0000,0.0000,28.8025,0.0000,0.0000,0.0000,22.7418,0.0000,0.0000,0.0000,9.6273,1.4538,2.0071,0.0000,0.8784,0.0000,4.0011,14.4760,0.0000,9.5339,3.3731,0.0000,0.0000,0.0000,0.0000,389.1000,0.0000,0.0000,0.0000,7.0000,0.0000,0.0000,0.0000,0.0000,0.0000,0.0000,0.0000,20.0000,0.0000,0.0000,300.0000,0.0000,100.0000,0.0000,0.0000,6.6600,13.3300,0.0000,0.0000,0.0000,0.0000,0.0000,11.0558,30.2800,0.0000,300.0000,0.0000,0.0000,0.0000,100.0000,0.0000,0.0000
96,69EnBRPL2024/10/23,BRPL,0.0000,0.0000,0.0000,0.0000,0.0000,0.0000,0.0000,0.0000,122.6366,0.0000,33.2240,35.3625,0.0000,0.0000,57.9945,0.0000,28.1088,9.3623,17.4714,0.0000,99.6096,0.0000,0.0000,0.0000,0.0000,0.0000,0.0000,0.0000,0.0000,0.0000,0.0000,0.0000,254.8112,0.0000,0.0000,9.1354,63.7744,52.1594,35.5679,62.1120,27.6008,9.2759,18.6221,11.5905,18.6616,65.1334,0.0000,18.7714,30.5244,28.8818,0.0000,20.7050,6.1487,0.0000,0.0000,28.8025,0.0000,0.0000,0.0000,22.7418,0.0000,0.0000,0.0000,9.6273,0.9706,2.0071,0.0000,0.8784,0.0000,4.0011,14.4760,0.0000,9.5339,3.3731,0.0000,0.0000,0.0000,0.0000,389.1000,0.0000,0.0000,0.0000,7.0000,0.0000,0.0000,0.0000,0.0000,0.0000,0.0000,0.0000,20.0000,0.0000,0.0000,300.0000,0.0000,100.0000,0.0000,0.0000,6.6600,13.3300,0.0000,0.0000,0.0000,0.0000,0.0000,11.0558,30.2800,0.0000,300.0000,0.0000,0.0000,0.0000,100.0000,0.0000,0.0000
