timeslot,discomcode,revisionno,BTPS,PRAGATI,RPH,DADRI_T,GT_OC,CSGS,GT_RLNG,PRG_RLNG,DVC,GT_LF,GT_CC,PRG_G_CC,GT_RLG_C,GT_LF_CC,PG_RLG_C,REGULATE,MTPS6,JHAJJAR,NJPC,CCGT_OC,CCGT_CC,CCGT_RCC,CCGT_ROC,CLPJHAJR,MEJIA7,MAITHON,SECI,RITHL_CC,RITHL_OC,RITHL_RC,RITHL_RO,NHPC,DADRI_T2,ANTA_GF,AURY_GF,FARAKKA,RIHAND1,RIHAND2,RIHAND3,SASAN,SNGRAULI,UNCHHAR1,UNCHHAR2,UNCHHAR3,KAHLGAN1,KAHLGAN2,DADRI_GF,ANTA_RF,AURY_RF,DADRI_RF,KOLDAM,TH_HPP,KTWR_HEP,SEWA2,DMSWSL,NAPP,RAPPB,MUNDRA,RAMPUR,RAPPC,TALA,ANTA_LF,AURY_LF,DADRI_LF,URI,URI2,CHAMERA1,CHAMERA2,CHAMERA3,DHAULIGNGA,DULHASTI,PARBATI3,SALAL,TANAKPUR,BSIUL,UNCHAHAR4,PRG_CCLF,PRG_OCLF,CCGTCCSPOT,CCGTOCSPOT,SNG_HYDRO,SHEP,GIREL,RUMS_DMRC,SEIPL,THPPL,NHPPL,ANTA_CRF,AURY_CRF,DADR_CRF,ALFANR_I,ALFANR_II,ALFANR_III,ERCPL_FTG,ERPCL_FTG2,AP41PL_BHDL,ASE4PL,SBSRBYPL,SBSRTPDDL,RSTOSU7,RSTPS1TO6,TALST2,SIMHST2,KUDGI,NLCEXP,NLCIIST1,NLCIIST2,NLCTS2EXP,NNTPP,NTPL,MAPS,KGSU1AND2,KGSU3AND4,KKNP,VALLURNTECL,SRIJAN_M,SITAC_BRPL,SITAC_BYPL,Total_EXPP,OpenAccess,InterDiscomTransfer,Losses,idtexbil,Total
1,BRPL,59DSBRPL2022/10/03,0.0000,0.0000,0.0000,0.0000,0.0000,0.0000,0.0000,0.0000,94.3800,0.0000,14.5652,0.0000,0.0000,0.0000,0.0000,0.0000,14.5100,62.8700,49.6800,0.0000,98.3426,0.0000,0.0000,0.0000,0.0000,0.0000,0.0000,0.0000,0.0000,0.0000,0.0000,0.0000,155.5300,0.0000,0.0000,8.8000,61.6800,50.1800,70.8900,50.0700,26.6300,9.2700,18.0100,11.2100,19.7100,62.6700,0.0000,0.0000,0.0000,0.0000,0.0000,20.8600,13.2300,2.2500,0.0000,12.6800,0.0000,0.0000,0.0000,21.5600,8.6200,0.0000,0.0000,0.0000,4.6900,4.5800,0.0000,11.0600,12.3300,11.6200,21.0000,0.0000,25.1600,5.5000,2.7900,0.0000,0.0000,0.0000,0.0000,0.0000,0.0000,0.0000,43.9400,0.0000,0.0000,0.0000,0.0000,0.0000,0.0000,0.0000,27.4300,0.0000,0.0000,0.0000,0.0000,0.0000,0.0000,0.0000,0.0000,0.0000,0.0000,0.0000,0.0000,0.0000,0.0000,0.0000,0.0000,0.0000,0.0000,0.0000,0.0000,0.0000,0.0000,0.0000,0.0000,5.6000,16.7100,0.0000,1150.6078,700.50,0.00,16.4453,0.00,1834.6625
2,BRPL,59DSBRPL2022/10/03,0.0000,0.0000,0.0000,0.0000,0.0000,0.0000,0.0000,0.0000,94.3800,0.0000,14.5652,0.0000,0.0000,0.0000,0.0000,0.0000,14.5100,62.8700,39.7500,0.0000,98.3426,0.0000,0.0000,0.0000,0.0000,0.0000,0.0000,0.0000,0.0000,0.0000,0.0000,0.0000,155.5300,0.0000,0.0000,8.8000,61.6800,50.1800,70.8900,50.0700,26.6300,9.2700,18.0100,11.2100,19.7100,62.6700,0.0000,0.0000,0.0000,0.0000,0.0000,20.8600,13.2300,2.2500,0.0000,12.6800,0.0000,0.0000,0.0000,21.5600,8.6200,0.0000,0.0000,0.0000,4.6900,4.5800,0.0000,11.0600,8.2200,11.6200,21.0000,0.0000,25.1600,5.5000,2.7900,0.0000,0.0000,0.0000,0.0000,0.0000,0.0000,0.0000,43.9100,0.0000,0.0000,0.0000,0.0000,0.0000,0.0000,0.0000,27.7900,0.0000,0.0000,0.0000,0.0000,0.0000,0.0000,0.0000,0.0000,0.0000,0.0000,0.0000,0.0000,0.0000,0.0000,0.0000,0.0000,0.0000,0.0000,0.0000,0.0000,0.0000,0.0000,0.0000,0.0000,5.4200,16.7100,0.0000,1136.7178,684.05,0.00,16.1783,0.00,1804.5895
3,BRPL,59DSBRPL2022/10/03,0.0000,0.0000,0.0000,0.0000,0.0000,0.0000,0.0000,0.0000,94.3800,0.0000,14.5652,0.0000,0.0000,0.0000,0.0000,0.0000,14.5100,62.8700,29.8100,0.0000,98.3426,0.0000,0.0000,0.0000,0.0000,0.0000,0.0000,0.0000,0.0000,0.0000,0.0000,0.0000,155.5300,0.0000,0.0000,8.8000,61.6800,50.1800,70.8900,50.0700,26.6300,9.2700,18.0100,11.2100,19.7100,62.6700,0.0000,0.0000,0.0000,0.0000,0.0000,20.0700,13.2300,2.2500,0.0000,12.6800,0.0000,0.0000,0.0000,21.5600,8.6200,0.0000,0.0000,0.0000,4.6900,4.5800,0.0000,11.0600,8.2200,11.6200,20.4400,0.0000,25.1600,5.5000,2.7900,0.0000,0.0000,0.0000,0.0000,0.0000,0.0000,0.0000,43.8500,0.0000,0.0000,0.0000,0.0000,0.0000,0.0000,0.0000,28.5100,0.0000,0.0000,0.0000,0.0000,0.0000,0.0000,0.0000,0.0000,0.0000,0.0000,0.0000,0.0000,0.0000,0.0000,0.0000,0.0000,0.0000,0.0000,0.0000,0.0000,0.0000,0.0000,0.0000,0.0000,5.5400,19.0300,0.0000,1128.5278,675.34,0.00,16.0296,0.00,1787.8382
4,BRPL,59DSBRPL2022/10/03,0.0000,0.0000,0.0000,0.0000,0.0000,0.0000,0.0000,0.0000,94.3800,0.0000,14.5652,0.0000,0.0000,0.0000,0.0000,0.0000,14.5100,62.8700,19.8800,0.0000,98.3426,0.0000,0.0000,0.0000,0.0000,0.0000,0.0000,0.0000,0.0000,0.0000,0.0000,0.0000,155.5300,0.0000,0.0000,8.8000,61.6800,50.1800,70.8900,50.0700,26.6300,9.2700,18.0100,11.2100,19.7100,62.6700,0.0000,0.0000,0.0000,0.0000,0.0000,10.4400,13.2300,2.2500,0.0000,12.6800,0.0000,0.0000,0.0000,21.5600,8.6200,0.0000,0.0000,0.0000,4.6900,4.5800,0.0000,11.0600,8.2200,11.6200,20.4400,0.0000,25.1600,5.5000,2.7900,0.0000,0.0000,0.0000,0.0000,0.0000,0.0000,0.0000,43.8300,0.0000,0.0000,0.0000,0.0000,0.0000,0.0000,0.0000,29.1100,0.0000,0.0000,0.0000,0.0000,0.0000,0.0000,0.0000,0.0000,0.0000,0.0000,0.0000,0.0000,0.0000,0.0000,0.0000,0.0000,0.0000,0.0000,0.0000,0.0000,0.0000,0.0000,0.0000,0.0000,5.6700,18.9500,0.0000,1109.5978,667.60,0.00,15.7949,0.00,1761.4029
5,BRPL,59DSBRPL2022/10/03,0.0000,0.0000,0.0000,0.0000,0.0000,0.0000,0.0000,0.0000,94.3800,0.0000,14.5652,0.0000,0.0000,0.0000,0.0000,0.0000,14.5100,62.8700,9.9400,0.0000,99.6160,0.0000,0.0000,0.0000,0.0000,0.0000,0.0000,0.0000,0.0000,0.0000,0.0000,0.0000,155.5300,0.0000,0.0000,8.8000,61.6800,50.1800,70.8900,50.0700,26.6300,9.2700,18.0100,11.2100,19.7100,62.6700,0.0000,0.0000,0.0000,0.0000,0.0000,10.1400,11.9000,2.2500,0.0000,12.6800,0.0000,0.0000,0.0000,21.5600,8.6200,0.0000,0.0000,0.0000,4.6900,4.5800,0.0000,11.0600,8.2200,11.6200,20.4400,0.0000,16.7700,5.5000,2.7900,0.0000,0.0000,0.0000,0.0000,0.0000,0.0000,0.0000,43.9400,0.0000,0.0000,0.0000,0.0000,0.0000,0.0000,0.0000,29.0600,0.0000,0.0000,0.0000,0.0000,0.0000,0.0000,0.0000,0.0000,0.0000,0.0000,0.0000,0.0000,0.0000,0.0000,0.0000,0.0000,0.0000,0.0000,0.0000,0.0000,0.0000,0.0000,0.0000,0.0000,5.9000,18.8600,0.0000,1091.1112,620.99,0.00,15.2221,0.00,1696.8791
6,BRPL,59DSBRPL2022/10/03,0.0000,0.0000,0.0000,0.0000,0.0000,0.0000,0.0000,0.0000,94.3800,0.0000,14.5652,0.0000,0.0000,0.0000,0.0000,0.0000,14.5100,62.8700,9.9400,0.0000,99.6160,0.0000,0.0000,0.0000,0.0000,0.0000,0.0000,0.0000,0.0000,0.0000,0.0000,0.0000,155.5300,0.0000,0.0000,8.8000,61.6800,50.1800,70.8900,50.0700,26.6300,9.2700,18.0100,11.2100,19.7100,62.6700,0.0000,0.0000,0.0000,0.0000,0.0000,0.0000,11.9000,2.2500,0.0000,12.6800,0.0000,0.0000,0.0000,21.5600,8.6200,0.0000,0.0000,0.0000,4.6900,4.5800,0.0000,11.0600,8.2200,11.6200,20.4400,0.0000,16.7700,5.5000,2.7900,0.0000,0.0000,0.0000,0.0000,0.0000,0.0000,0.0000,43.9300,0.0000,0.0000,0.0000,0.0000,0.0000,0.0000,0.0000,28.8000,0.0000,0.0000,0.0000,0.0000,0.0000,0.0000,0.0000,0.0000,0.0000,0.0000,0.0000,0.0000,0.0000,0.0000,0.0000,0.0000,0.0000,0.0000,0.0000,0.0000,0.0000,0.0000,0.0000,0.0000,6.0700,18.7400,0.0000,1080.7512,582.31,0.00,14.7905,0.00,1648.2707
7,BRPL,59DSBRPL2022/10/03,0.0000,0.0000,0.0000,0.0000,0.0000,0.0000,0.0000,0.0000,94.3800,0.0000,14.5652,0.0000,0.0000,0.0000,0.0000,0.0000,14.5100,62.8700,9.9400,0.0000,99.6160,0.0000,0.0000,0.0000,0.0000,0.0000,0.0000,0.0000,0.0000,0.0000,0.0000,0.0000,155.5300,0.0000,0.0000,8.8000,54.9800,50.1800,70.8900,50.0700,26.6300,9.5800,18.6200,11.5900,20.3800,62.6700,0.0000,0.0000,0.0000,0.0000,0.0000,0.0000,11.9000,2.2500,0.0000,12.6800,0.0000,0.0000,0.0000,21.5600,8.6200,0.0000,0.0000,0.0000,7.0300,4.5800,0.0000,11.0600,8.2200,11.6200,20.4400,0.0000,16.7700,5.5000,2.7900,0.0000,0.0000,0.0000,0.0000,0.0000,0.0000,0.0000,41.7300,0.0000,0.0000,0.0000,0.0000,0.0000,0.0000,0.0000,28.1900,0.0000,0.0000,0.0000,0.0000,0.0000,0.0000,0.0000,0.0000,0.0000,0.0000,0.0000,0.0000,0.0000,0.0000,0.0000,0.0000,0.0000,0.0000,0.0000,0.0000,0.0000,0.0000,0.0000,0.0000,6.0700,18.4000,0.0000,1075.2112,551.35,0.00,14.4693,0.00,1612.0919
8,BRPL,59DSBRPL2022/10/03,0.0000,0.0000,0.0000,0.0000,0.0000,0.0000,0.0000,0.0000,94.3800,0.0000,14.5652,0.0000,0.0000,0.0000,0.0000,0.0000,14.5100,62.8700,9.9400,0.0000,99.6160,0.0000,0.0000,0.0000,0.0000,0.0000,0.0000,0.0000,0.0000,0.0000,0.0000,0.0000,155.5300,0.0000,0.0000,8.8000,54.9800,50.1800,70.8900,50.0700,26.6300,9.5800,18.6200,11.5900,20.3800,62.6700,0.0000,0.0000,0.0000,0.0000,0.0000,0.0000,11.9000,2.2500,0.0000,12.6800,0.0000,0.0000,0.0000,21.5600,8.6200,0.0000,0.0000,0.0000,7.0300,4.5800,0.0000,11.0600,8.2200,11.6200,20.4400,0.0000,16.7700,5.5000,2.7900,0.0000,0.0000,0.0000,0.0000,0.0000,0.0000,0.0000,41.3800,0.0000,0.0000,0.0000,0.0000,0.0000,0.0000,0.0000,28.2900,0.0000,0.0000,0.0000,0.0000,0.0000,0.0000,0.0000,0.0000,0.0000,0.0000,0.0000,0.0000,0.0000,0.0000,0.0000,0.0000,0.0000,0.0000,0.0000,0.0000,0.0000,0.0000,0.0000,0.0000,6.0800,18.3400,0.0000,1074.9112,575.53,0.00,14.6795,0.00,1635.7617
9,BRPL,59DSBRPL2022/10/03,0.0000,0.0000,0.0000,0.0000,0.0000,0.0000,0.0000,0.0000,94.3800,0.0000,3.5246,0.0000,0.0000,0.0000,0.0000,0.0000,14.5100,62.8700,9.9400,0.0000,99.6160,0.0000,0.0000,0.0000,0.0000,0.0000,0.0000,0.0000,0.0000,0.0000,0.0000,0.0000,155.5300,0.0000,0.0000,8.8000,54.9800,50.1800,70.8900,50.0700,26.6300,9.5800,18.6200,11.5900,20.3800,62.6700,0.0000,0.0000,0.0000,0.0000,0.0000,0.0000,11.9000,2.2500,0.0000,12.6800,0.0000,0.0000,0.0000,21.5600,8.6200,0.0000,0.0000,0.0000,7.0300,4.5800,0.0000,11.0600,8.2200,11.6200,20.4400,0.0000,16.7700,5.5000,2.7900,0.0000,0.0000,0.0000,0.0000,0.0000,0.0000,0.0000,40.6000,0.0000,0.0000,0.0000,0.0000,0.0000,0.0000,0.0000,20.8700,0.0000,0.0000,0.0000,0.0000,0.0000,0.0000,0.0000,0.0000,0.0000,0.0000,0.0000,0.0000,0.0000,0.0000,0.0000,0.0000,0.0000,0.0000,0.0000,0.0000,0.0000,0.0000,0.0000,0.0000,4.0000,18.2700,0.0000,1053.5206,578.44,0.00,14.5168,0.00,1617.4438
10,BRPL,59DSBRPL2022/10/03,0.0000,0.0000,0.0000,0.0000,0.0000,0.0000,0.0000,0.0000,94.3800,0.0000,13.9300,0.0000,0.0000,0.0000,0.0000,0.0000,14.5100,62.8700,9.9400,0.0000,99.6160,0.0000,0.0000,0.0000,0.0000,0.0000,0.0000,0.0000,0.0000,0.0000,0.0000,0.0000,155.5300,0.0000,0.0000,8.8000,54.9800,50.1800,70.8900,50.0700,26.6300,9.5800,18.6200,11.5900,20.3800,62.6700,0.0000,0.0000,0.0000,0.0000,0.0000,0.0000,11.9000,2.2500,0.0000,12.6800,0.0000,0.0000,0.0000,21.5600,8.6200,0.0000,0.0000,0.0000,7.0300,4.5800,0.0000,11.0600,8.2200,11.6200,20.4400,0.0000,16.7700,5.5000,2.7900,0.0000,0.0000,0.0000,0.0000,0.0000,0.0000,0.0000,39.4500,0.0000,0.0000,0.0000,0.0000,0.0000,0.0000,0.0000,20.5900,0.0000,0.0000,0.0000,0.0000,0.0000,0.0000,0.0000,0.0000,0.0000,0.0000,0.0000,0.0000,0.0000,0.0000,0.0000,0.0000,0.0000,0.0000,0.0000,0.0000,0.0000,0.0000,0.0000,0.0000,3.9600,18.5300,0.0000,1062.7160,545.55,0.00,14.3083,0.00,1593.9577
11,BRPL,59DSBRPL2022/10/03,0.0000,0.0000,0.0000,0.0000,0.0000,0.0000,0.0000,0.0000,94.3800,0.0000,13.9300,0.0000,0.0000,0.0000,0.0000,0.0000,14.5100,62.8700,9.9400,0.0000,75.0000,0.0000,0.0000,0.0000,0.0000,0.0000,0.0000,0.0000,0.0000,0.0000,0.0000,0.0000,83.5800,0.0000,0.0000,8.8000,54.9800,50.1800,70.8900,50.0700,26.6300,9.5100,18.0100,11.2100,20.3800,62.6700,0.0000,0.0000,0.0000,0.0000,0.0000,0.0000,11.9000,2.2500,0.0000,22.9100,0.0000,0.0000,0.0000,21.5600,8.6200,0.0000,0.0000,0.0000,4.6900,4.5800,0.0000,11.0600,8.2200,11.6200,20.4400,0.0000,16.7700,5.5000,2.7900,0.0000,0.0000,0.0000,0.0000,0.0000,0.0000,0.0000,38.9500,0.0000,0.0000,0.0000,0.0000,0.0000,0.0000,0.0000,20.0500,0.0000,0.0000,0.0000,0.0000,0.0000,0.0000,0.0000,0.0000,0.0000,0.0000,0.0000,0.0000,0.0000,0.0000,0.0000,0.0000,0.0000,0.0000,0.0000,0.0000,0.0000,0.0000,0.0000,0.0000,3.9500,18.6600,0.0000,972.0600,616.16,0.00,14.1319,0.00,1574.0881
12,BRPL,59DSBRPL2022/10/03,0.0000,0.0000,0.0000,0.0000,0.0000,0.0000,0.0000,0.0000,94.3800,0.0000,13.9300,0.0000,0.0000,0.0000,0.0000,0.0000,14.5100,62.8700,9.9400,0.0000,75.0000,0.0000,0.0000,0.0000,0.0000,0.0000,0.0000,0.0000,0.0000,0.0000,0.0000,0.0000,83.5800,0.0000,0.0000,8.8000,54.9800,50.1800,70.8900,50.0700,26.6300,9.2600,18.0100,11.2100,20.3800,62.6700,0.0000,0.0000,0.0000,0.0000,0.0000,0.0000,11.9000,2.2500,0.0000,22.9100,0.0000,0.0000,0.0000,21.5600,8.6200,0.0000,0.0000,0.0000,4.6900,4.5800,0.0000,11.0600,8.2200,11.6200,20.4400,0.0000,16.7700,5.5000,2.7900,0.0000,0.0000,0.0000,0.0000,0.0000,0.0000,0.0000,37.9900,0.0000,0.0000,0.0000,0.0000,0.0000,0.0000,0.0000,19.6900,0.0000,0.0000,0.0000,0.0000,0.0000,0.0000,0.0000,0.0000,0.0000,0.0000,0.0000,0.0000,0.0000,0.0000,0.0000,0.0000,0.0000,0.0000,0.0000,0.0000,0.0000,0.0000,0.0000,0.0000,3.9200,18.7700,0.0000,970.5700,588.11,0.00,13.8720,0.00,1544.8080
13,BRPL,59DSBRPL2022/10/03,0.0000,0.0000,0.0000,0.0000,0.0000,0.0000,0.0000,0.0000,94.3800,0.0000,13.9300,0.0000,0.0000,0.0000,0.0000,0.0000,14.5100,62.8700,19.8800,0.0000,75.0000,0.0000,0.0000,0.0000,0.0000,0.0000,0.0000,0.0000,0.0000,0.0000,0.0000,0.0000,83.5800,0.0000,0.0000,8.8000,54.9800,50.1800,70.8900,50.0700,26.6300,9.2600,18.0100,11.2100,20.3800,62.6700,0.0000,0.0000,0.0000,0.0000,0.0000,0.0000,11.9000,2.2500,0.0000,22.9100,0.0000,0.0000,0.0000,21.4700,8.6200,0.0000,0.0000,0.0000,4.6900,4.5800,0.0000,11.0600,8.2200,11.6200,20.4400,0.0000,16.7700,4.8900,2.7900,0.0000,0.0000,0.0000,0.0000,0.0000,0.0000,0.0000,36.9000,0.0000,0.0000,0.0000,0.0000,0.0000,0.0000,0.0000,16.0300,0.0000,0.0000,0.0000,0.0000,0.0000,0.0000,0.0000,0.0000,0.0000,0.0000,0.0000,0.0000,0.0000,0.0000,0.0000,0.0000,0.0000,0.0000,0.0000,0.0000,0.0000,0.0000,0.0000,0.0000,3.9400,18.6900,0.0000,975.0000,592.95,0.00,13.9535,0.00,1553.9965
14,BRPL,59DSBRPL2022/10/03,0.0000,0.0000,0.0000,0.0000,0.0000,0.0000,0.0000,0.0000,94.3800,0.0000,13.9300,0.0000,0.0000,0.0000,0.0000,0.0000,14.5100,62.8700,19.8800,0.0000,75.0000,0.0000,0.0000,0.0000,0.0000,0.0000,0.0000,0.0000,0.0000,0.0000,0.0000,0.0000,83.5800,0.0000,0.0000,8.8000,54.9800,50.1800,70.8900,50.0700,26.6300,9.2600,18.0100,11.2100,20.3800,62.6700,0.0000,0.0000,0.0000,0.0000,0.0000,0.0000,11.9000,2.2500,0.0000,22.9100,0.0000,0.0000,0.0000,21.4700,8.6200,0.0000,0.0000,0.0000,4.6900,4.5800,0.0000,11.0600,8.2200,11.6200,20.4400,0.0000,16.7700,4.8400,2.7900,0.0000,0.0000,0.0000,0.0000,0.0000,0.0000,0.0000,29.2100,0.0000,0.0000,0.0000,0.0000,0.0000,0.0000,0.0000,15.4900,0.0000,0.0000,0.0000,0.0000,0.0000,0.0000,0.0000,0.0000,0.0000,0.0000,0.0000,0.0000,0.0000,0.0000,0.0000,0.0000,0.0000,0.0000,0.0000,0.0000,0.0000,0.0000,0.0000,0.0000,3.9600,18.5800,0.0000,966.6300,526.21,0.00,13.2926,0.00,1479.5474
15,BRPL,59DSBRPL2022/10/03,0.0000,0.0000,0.0000,0.0000,0.0000,0.0000,0.0000,0.0000,94.3800,0.0000,13.9300,0.0000,0.0000,0.0000,0.0000,0.0000,22.8000,63.8100,19.8800,0.0000,80.8949,0.0000,0.0000,0.0000,0.0000,0.0000,0.0000,0.0000,0.0000,0.0000,0.0000,0.0000,84.4100,0.0000,0.0000,8.8100,54.9800,50.1800,70.8900,50.0700,26.6300,9.2700,18.0100,11.2100,19.8000,62.6700,0.0000,0.0000,0.0000,0.0000,0.0000,0.0000,11.9000,2.2500,0.0000,22.9100,0.0000,0.0000,0.0000,21.4700,8.6200,0.0000,0.0000,0.0000,4.6900,4.5800,0.0000,11.0600,8.2200,11.6200,20.4400,0.0000,16.7700,4.8400,2.7900,0.0000,0.0000,0.0000,0.0000,0.0000,0.0000,0.0000,27.6800,0.0000,0.0000,0.0000,0.0000,0.0000,0.0000,0.0000,14.7300,0.0000,0.0000,0.0000,0.0000,0.0000,0.0000,0.0000,0.0000,0.0000,0.0000,0.0000,0.0000,0.0000,0.0000,0.0000,0.0000,0.0000,0.0000,0.0000,0.0000,0.0000,0.0000,0.0000,0.0000,3.9400,18.4400,0.0000,979.5749,531.05,0.00,13.4491,0.00,1497.1758
16,BRPL,59DSBRPL2022/10/03,0.0000,0.0000,0.0000,0.0000,0.0000,0.0000,0.0000,0.0000,94.3800,0.0000,13.9300,0.0000,0.0000,0.0000,0.0000,0.0000,22.8000,63.8100,19.8800,0.0000,80.8949,0.0000,0.0000,0.0000,0.0000,0.0000,0.0000,0.0000,0.0000,0.0000,0.0000,0.0000,84.4100,0.0000,0.0000,8.8100,54.9800,50.1800,70.8900,50.0700,26.6300,9.2700,18.0100,11.2100,19.8000,62.6700,0.0000,0.0000,0.0000,0.0000,0.0000,0.0000,11.9000,2.2500,0.0000,22.9100,0.0000,0.0000,0.0000,21.4700,8.6200,0.0000,0.0000,0.0000,4.6900,4.5800,0.0000,11.0600,8.2200,11.6200,20.4400,0.0000,16.7700,4.8400,2.7900,0.0000,0.0000,0.0000,0.0000,0.0000,0.0000,0.0000,26.6600,0.0000,0.0000,0.0000,0.0000,0.0000,0.0000,0.0000,14.1400,0.0000,0.0000,0.0000,0.0000,0.0000,0.0000,0.0000,0.0000,0.0000,0.0000,0.0000,0.0000,0.0000,0.0000,0.0000,0.0000,0.0000,0.0000,0.0000,0.0000,0.0000,0.0000,0.0000,0.0000,3.9400,18.2900,0.0000,977.8149,517.51,0.00,13.3144,0.00,1482.0105
17,BRPL,59DSBRPL2022/10/03,0.0000,0.0000,0.0000,0.0000,0.0000,0.0000,0.0000,0.0000,94.3800,0.0000,14.5652,0.0000,0.0000,0.0000,0.0000,0.0000,14.5100,63.8100,19.8800,0.0000,80.8949,0.0000,0.0000,0.0000,0.0000,0.0000,0.0000,0.0000,0.0000,0.0000,0.0000,0.0000,84.4100,0.0000,0.0000,8.8100,54.9800,50.1800,70.8900,50.0700,26.6300,9.2700,18.0100,11.2100,19.8000,62.6700,0.0000,0.0000,0.0000,0.0000,0.0000,0.0000,11.9000,2.2500,0.0000,20.5600,0.0000,0.0000,0.0000,21.4700,7.8700,0.0000,0.0000,0.0000,4.6900,4.5800,0.0000,11.0600,8.2200,11.6200,20.4400,0.0000,16.7700,4.8900,2.7900,0.0000,0.0000,0.0000,0.0000,0.0000,0.0000,0.0000,26.3300,0.0000,0.0000,0.0000,0.0000,0.0000,0.0000,0.0000,13.2700,0.0000,0.0000,0.0000,0.0000,0.0000,0.0000,0.0000,0.0000,0.0000,0.0000,0.0000,0.0000,0.0000,0.0000,0.0000,0.0000,0.0000,0.0000,0.0000,0.0000,0.0000,0.0000,0.0000,0.0000,3.7700,17.7200,0.0000,965.1701,478.05,0.00,12.8559,0.00,1430.3642
18,BRPL,59DSBRPL2022/10/03,0.0000,0.0000,0.0000,0.0000,0.0000,0.0000,0.0000,0.0000,94.3800,0.0000,14.5652,0.0000,0.0000,0.0000,0.0000,0.0000,14.5100,63.8100,29.8100,0.0000,80.8949,0.0000,0.0000,0.0000,0.0000,0.0000,0.0000,0.0000,0.0000,0.0000,0.0000,0.0000,84.4100,0.0000,0.0000,8.8100,54.9800,50.1800,70.8900,50.0700,26.6300,9.2700,18.0100,11.2100,19.8000,62.6700,0.0000,0.0000,0.0000,0.0000,0.0000,0.0000,11.9000,2.2500,0.0000,20.5600,0.0000,0.0000,0.0000,21.4700,7.8700,0.0000,0.0000,0.0000,4.6900,4.5800,0.0000,11.0600,8.2200,11.6200,20.4400,0.0000,16.7700,4.8400,2.7900,0.0000,0.0000,0.0000,0.0000,0.0000,0.0000,0.0000,25.7000,0.0000,0.0000,0.0000,0.0000,0.0000,0.0000,0.0000,12.3900,0.0000,0.0000,0.0000,0.0000,0.0000,0.0000,0.0000,0.0000,0.0000,0.0000,0.0000,0.0000,0.0000,0.0000,0.0000,0.0000,0.0000,0.0000,0.0000,0.0000,0.0000,0.0000,0.0000,0.0000,3.6200,17.0700,0.0000,972.7401,480.00,0.00,12.9397,0.00,1439.8004
19,BRPL,59DSBRPL2022/10/03,0.0000,0.0000,0.0000,0.0000,0.0000,0.0000,0.0000,0.0000,94.3800,0.0000,14.5652,0.0000,0.0000,0.0000,0.0000,0.0000,14.5100,63.8100,29.8100,0.0000,80.8949,0.0000,0.0000,0.0000,0.0000,0.0000,0.0000,0.0000,0.0000,0.0000,0.0000,0.0000,84.4100,0.0000,0.0000,8.8100,54.9800,50.1800,70.8900,50.0700,26.6300,9.2700,18.0100,11.2100,19.8000,62.6700,0.0000,0.0000,0.0000,0.0000,0.0000,0.0000,11.9000,2.2500,0.0000,20.5600,0.0000,0.0000,0.0000,21.4700,7.8700,0.0000,0.0000,0.0000,4.6900,4.5800,0.0000,11.0600,8.2200,11.6200,20.4400,0.0000,16.7700,4.8400,2.7900,0.0000,0.0000,0.0000,0.0000,0.0000,0.0000,0.0000,25.1300,0.0000,0.0000,0.0000,0.0000,0.0000,0.0000,0.0000,11.7800,0.0000,0.0000,0.0000,0.0000,0.0000,0.0000,0.0000,0.0000,0.0000,0.0000,0.0000,0.0000,0.0000,0.0000,0.0000,0.0000,0.0000,0.0000,0.0000,0.0000,0.0000,0.0000,0.0000,0.0000,3.4600,16.4000,0.0000,970.7301,551.56,0.00,13.5517,0.00,1508.7384
20,BRPL,59DSBRPL2022/10/03,0.0000,0.0000,0.0000,0.0000,0.0000,0.0000,0.0000,0.0000,94.3800,0.0000,14.5652,0.0000,0.0000,0.0000,0.0000,0.0000,14.5100,64.2300,29.8100,0.0000,80.8949,0.0000,0.0000,0.0000,0.0000,0.0000,0.0000,0.0000,0.0000,0.0000,0.0000,0.0000,84.4100,0.0000,0.0000,8.8100,54.9800,50.1800,70.8900,50.0700,26.6300,9.2700,18.0100,11.2100,19.8000,62.6700,0.0000,0.0000,0.0000,0.0000,0.0000,10.4300,11.9000,2.2500,0.0000,20.5600,0.0000,0.0000,0.0000,21.4700,7.8700,0.0000,0.0000,0.0000,4.6900,4.5800,0.0000,11.0600,8.2200,11.6200,20.4400,0.0000,16.7700,4.8400,2.7900,0.0000,0.0000,0.0000,0.0000,0.0000,0.0000,0.0000,26.1100,0.0000,0.0000,0.0000,0.0000,0.0000,0.0000,0.0000,10.9000,0.0000,0.0000,0.0000,0.0000,0.0000,0.0000,0.0000,0.0000,0.0000,0.0000,0.0000,0.0000,0.0000,0.0000,0.0000,0.0000,0.0000,0.0000,0.0000,0.0000,0.0000,0.0000,0.0000,0.0000,3.2600,15.6700,0.0000,980.7501,532.21,0.00,13.4696,0.00,1499.4905
21,BRPL,59DSBRPL2022/10/03,0.0000,0.0000,0.0000,0.0000,0.0000,0.0000,0.0000,0.0000,94.3800,0.0000,14.5652,0.0000,0.0000,0.0000,0.0000,0.0000,14.5100,64.2300,29.8100,0.0000,80.8949,0.0000,0.0000,0.0000,0.0000,0.0000,0.0000,0.0000,0.0000,0.0000,0.0000,0.0000,84.4500,0.0000,0.0000,8.8100,54.9800,50.1800,70.8900,50.0700,26.6300,9.2700,18.0100,11.2100,19.8000,62.6700,0.0000,0.0000,0.0000,0.0000,0.0000,20.8600,11.9000,2.2500,0.0000,20.8300,0.0000,0.0000,0.0000,21.4700,7.8700,0.0000,0.0000,0.0000,4.6900,4.5800,0.0000,11.0600,8.2200,11.6200,20.4400,1.3600,16.7700,4.8400,2.7900,0.0000,0.0000,0.0000,0.0000,0.0000,0.0000,0.0000,25.9400,0.0000,0.0000,0.0000,0.0000,0.0000,0.0000,0.0000,9.9200,0.0000,0.0000,0.0000,0.0000,0.0000,0.0000,0.0000,0.0000,0.0000,0.0000,0.0000,0.0000,0.0000,0.0000,0.0000,0.0000,0.0000,0.0000,0.0000,0.0000,0.0000,0.0000,0.0000,0.0000,2.9800,8.9200,0.0000,984.6701,518.67,0.00,13.3850,0.00,1489.9551
22,BRPL,59DSBRPL2022/10/03,0.0000,0.0000,0.0000,0.0000,0.0000,0.0000,0.0000,0.0000,94.3800,0.0000,14.5652,0.0000,0.0000,0.0000,0.0000,0.0000,14.5100,64.2300,34.2000,0.0000,80.8949,0.0000,0.0000,0.0000,0.0000,0.0000,0.0000,0.0000,0.0000,0.0000,0.0000,0.0000,84.4600,0.0000,0.0000,8.8100,54.9800,50.1800,70.8900,50.0700,26.6300,9.2700,18.0100,11.2100,19.8000,62.6700,0.0000,0.0000,0.0000,0.0000,0.0000,20.8600,11.9000,2.2500,0.0000,20.8300,0.0000,0.0000,0.0000,21.4700,7.8700,0.0000,0.0000,0.0000,4.6900,4.5800,0.0000,11.0600,8.2200,11.6200,20.4400,1.3600,16.7700,4.8400,2.7900,0.0000,0.0000,0.0000,0.0000,0.0000,0.0000,0.0000,25.5900,0.0000,0.0000,0.0000,0.0000,0.0000,0.0000,0.0000,9.0200,0.0000,0.0000,0.0000,0.0000,0.0000,0.0000,0.0000,0.0000,0.0000,0.0000,0.0000,0.0000,0.0000,0.0000,0.0000,0.0000,0.0000,0.0000,0.0000,0.0000,0.0000,0.0000,0.0000,0.0000,2.7800,8.5600,0.0000,987.2601,507.07,0.00,13.3057,0.00,1481.0244
23,BRPL,59DSBRPL2022/10/03,0.0000,0.0000,0.0000,0.0000,0.0000,0.0000,0.0000,0.0000,94.3800,0.0000,14.5652,0.0000,0.0000,0.0000,0.0000,0.0000,14.5100,64.2300,38.2100,0.0000,80.8949,0.0000,0.0000,0.0000,0.0000,0.0000,0.0000,0.0000,0.0000,0.0000,0.0000,0.0000,84.4500,0.0000,0.0000,8.8000,54.9800,50.1800,70.8900,50.0700,26.6300,9.2700,18.0100,11.2100,19.8800,62.6700,0.0000,0.0000,0.0000,0.0000,0.0000,31.3000,11.9000,4.4900,0.0000,20.8300,0.0000,0.0000,0.0000,21.4700,7.8700,0.0000,0.0000,0.0000,4.6900,4.5800,5.7400,11.0600,8.2200,11.6200,20.4400,2.7100,16.7700,4.8400,2.7900,0.0000,0.0000,0.0000,0.0000,0.0000,0.0000,0.0000,31.1200,0.0000,0.0000,0.0000,0.0000,0.0000,0.0000,0.0000,7.9300,0.0000,0.0000,0.0000,0.0000,0.0000,0.0000,0.0000,0.0000,0.0000,0.0000,0.0000,0.0000,0.0000,0.0000,0.0000,0.0000,0.0000,0.0000,0.0000,0.0000,0.0000,0.0000,0.0000,0.0000,2.6000,8.2500,0.0000,1015.0501,468.39,0.00,13.2099,0.00,1470.2302
24,BRPL,59DSBRPL2022/10/03,0.0000,0.0000,0.0000,0.0000,0.0000,0.0000,0.0000,0.0000,94.3800,0.0000,14.5652,0.0000,0.0000,0.0000,0.0000,0.0000,14.5100,64.2300,49.6800,0.0000,80.8949,0.0000,0.0000,0.0000,0.0000,0.0000,0.0000,0.0000,0.0000,0.0000,0.0000,0.0000,84.4600,0.0000,0.0000,8.8000,54.9800,50.1800,70.8900,50.0700,26.6300,9.2700,18.0100,11.2100,19.8800,62.6700,0.0000,0.0000,0.0000,0.0000,0.0000,31.3000,11.9000,6.6900,0.0000,20.8300,0.0000,0.0000,0.0000,21.4700,7.8700,0.0000,0.0000,0.0000,4.6900,4.5800,5.9700,11.0600,4.1100,11.6200,20.4400,4.8600,16.7700,4.8400,2.7900,0.0000,0.0000,0.0000,0.0000,0.0000,0.0000,0.0000,31.0200,0.0000,0.0000,0.0000,0.0000,0.0000,0.0000,0.0000,6.9100,0.0000,0.0000,0.0000,0.0000,0.0000,0.0000,0.0000,0.0000,0.0000,0.0000,0.0000,0.0000,0.0000,0.0000,0.0000,0.0000,0.0000,0.0000,0.0000,0.0000,0.0000,0.0000,0.0000,0.0000,2.3500,7.8800,0.0000,1025.2601,514.81,0.00,13.7082,0.00,1526.3619
25,BRPL,59DSBRPL2022/10/03,0.0000,0.0000,0.0000,0.0000,0.0000,0.0000,0.0000,0.0000,94.3800,0.0000,14.5652,0.0000,0.0000,0.0000,0.0000,0.0000,14.5100,64.2300,59.6200,0.0000,99.6160,0.0000,0.0000,0.0000,0.0000,0.0000,0.0000,0.0000,0.0000,0.0000,0.0000,0.0000,155.5300,0.0000,0.0000,8.8000,54.9800,50.1800,70.8900,50.0700,26.6300,9.2700,18.0100,11.2100,19.8800,62.6700,0.0000,0.0000,0.0000,0.0000,0.0000,31.3000,11.9000,6.6900,0.0000,20.8300,0.0000,0.0000,0.0000,21.4700,7.8700,0.0000,0.0000,0.0000,22.5100,13.6300,11.8000,11.0600,4.1100,11.6200,20.4400,20.7700,16.7700,4.8400,5.5600,0.0000,0.0000,0.0000,0.0000,0.0000,0.0000,0.0000,30.6500,6.4100,0.0000,0.0000,0.0000,0.0000,0.0000,0.0000,4.2500,0.0000,0.0000,0.2800,0.0000,0.0600,0.0000,0.0000,0.0000,0.0000,0.0000,0.0000,0.0000,0.0000,0.0000,0.0000,0.0000,0.0000,0.0000,0.0000,0.0000,0.0000,0.0000,0.0000,0.0000,2.1100,7.3200,0.0000,1179.2912,412.90,0.00,14.1105,0.00,1578.0807
26,BRPL,59DSBRPL2022/10/03,0.0000,0.0000,0.0000,0.0000,0.0000,0.0000,0.0000,0.0000,94.3800,0.0000,14.5652,0.0000,0.0000,0.0000,0.0000,0.0000,14.5100,64.2300,59.6200,0.0000,99.6160,0.0000,0.0000,0.0000,0.0000,0.0000,0.0000,0.0000,0.0000,0.0000,0.0000,0.0000,155.5300,0.0000,0.0000,8.8000,54.9800,50.1800,70.8900,50.0700,26.6300,9.2700,18.0100,11.2100,19.8800,62.6700,0.0000,0.0000,0.0000,0.0000,0.0000,31.3000,11.9000,6.6900,0.0000,21.1300,0.0000,0.0000,0.0000,21.4700,7.8700,0.0000,0.0000,0.0000,22.5100,13.6300,11.8000,5.5600,4.1100,11.6200,20.4400,20.7700,41.9200,4.8400,5.5600,0.0000,0.0000,0.0000,0.0000,0.0000,0.0000,0.0000,30.5600,15.4599,0.0000,0.0000,0.0000,0.0000,0.0000,0.0000,3.3000,0.0000,0.0000,1.1300,0.0000,1.0000,0.0000,0.0000,0.0000,0.0000,0.0000,0.0000,0.0000,0.0000,0.0000,0.0000,0.0000,0.0000,0.0000,0.0000,0.0000,0.0000,0.0000,0.0000,0.0000,1.8900,6.7000,0.0000,1208.2011,410.97,0.00,14.2682,0.00,1604.9029
27,BRPL,59DSBRPL2022/10/03,0.0000,0.0000,0.0000,0.0000,0.0000,0.0000,0.0000,0.0000,94.3800,0.0000,14.5652,0.0000,0.0000,0.0000,0.0000,0.0000,14.5100,64.2300,58.9400,0.0000,99.6160,0.0000,0.0000,0.0000,0.0000,0.0000,0.0800,0.0000,0.0000,0.0000,0.0000,0.0000,155.5300,0.0000,0.0000,8.8000,54.9800,50.1800,70.8900,50.0700,26.6300,9.2700,18.0100,11.2100,19.8800,62.6700,0.0000,0.0000,0.0000,0.0000,0.0000,31.3000,11.9000,6.6900,0.0000,21.1300,0.0000,0.0000,0.0000,21.4700,7.8700,0.0000,0.0000,0.0000,5.6300,13.6300,11.8000,5.5600,4.1100,11.6200,20.4400,14.0700,57.7000,4.8400,5.5600,0.0000,0.0000,0.0000,0.0000,0.0000,0.0000,0.0000,29.9100,28.9799,0.0000,0.0000,0.0000,0.0000,0.0000,0.0000,2.4900,0.0000,0.0000,5.2200,0.0000,2.5900,0.0000,0.0000,0.0000,0.0000,0.0000,0.0000,0.0000,0.0000,0.0000,0.0000,0.0000,0.0000,0.0000,0.0000,0.0000,0.0000,0.0000,0.0000,0.0000,1.6600,6.0300,0.0000,1216.6411,392.31,0.00,14.0586,0.00,1594.8925
28,BRPL,59DSBRPL2022/10/03,0.0000,0.0000,0.0000,0.0000,0.0000,0.0000,0.0000,0.0000,94.3800,0.0000,14.5652,0.0000,0.0000,0.0000,0.0000,0.0000,14.5100,64.2300,58.9400,0.0000,99.6160,0.0000,0.0000,0.0000,0.0000,0.0000,0.4100,0.0000,0.0000,0.0000,0.0000,0.0000,155.5300,0.0000,0.0000,8.8000,54.9800,50.1800,70.8900,50.0700,26.6300,9.2700,18.0100,11.2100,19.8800,62.6700,0.0000,0.0000,0.0000,0.0000,0.0000,31.3000,11.9000,6.6900,0.0000,21.1300,0.0000,0.0000,0.0000,21.4700,7.8700,0.0000,0.0000,0.0000,5.6300,13.6600,11.8000,5.5600,4.1100,11.6200,20.4400,14.0700,57.7000,4.8400,5.5600,0.0000,0.0000,0.0000,0.0000,0.0000,0.0000,0.0000,36.8200,44.0348,0.0000,0.0000,0.0000,0.0000,0.0000,0.0000,1.5600,0.0000,0.0000,11.2000,0.0000,4.0100,0.0000,0.0000,0.0000,0.0000,0.0000,0.0000,0.0000,0.0000,0.0000,0.0000,0.0000,0.0000,0.0000,0.0000,0.0000,0.0000,0.0000,0.0000,0.0000,1.4000,5.2600,0.0000,1244.4060,368.24,0.00,13.9558,0.00,1598.6902
29,BRPL,59DSBRPL2022/10/03,0.0000,0.0000,0.0000,0.0000,0.0000,0.0000,0.0000,0.0000,94.3800,0.0000,14.5652,0.0000,0.0000,0.0000,0.0000,0.0000,14.5100,64.2300,58.9400,0.0000,99.6160,0.0000,0.0000,0.0000,0.0000,0.0000,1.0800,0.0000,0.0000,0.0000,0.0000,0.0000,155.5300,0.0000,0.0000,8.8000,54.9800,50.1800,70.8900,50.0700,26.6300,9.2700,18.0100,11.2100,19.8800,62.6700,0.0000,0.0000,0.0000,0.0000,0.0000,31.3000,12.5600,6.6900,0.0000,21.4100,0.0000,0.0000,0.0000,21.4700,7.8700,0.0000,0.0000,0.0000,6.5700,4.8600,11.8000,5.5600,4.1100,11.6200,20.4400,14.0700,57.7000,4.8400,5.5600,0.0000,0.0000,0.0000,0.0000,0.0000,0.0000,0.0000,36.0400,46.0002,0.0000,0.0000,0.0000,0.0000,0.0000,0.0000,0.9800,0.0000,0.0000,19.7800,0.0000,6.7500,0.0000,0.0000,0.0000,0.0000,0.0000,0.0000,0.0000,0.0000,0.0000,0.0000,0.0000,0.0000,0.0000,0.0000,0.0000,0.0000,0.0000,0.0000,0.0000,1.1700,4.7300,0.0000,1249.3214,289.32,0.00,13.2813,0.00,1525.3601
30,BRPL,59DSBRPL2022/10/03,0.0000,0.0000,0.0000,0.0000,0.0000,0.0000,0.0000,0.0000,94.3800,0.0000,14.5652,0.0000,0.0000,0.0000,0.0000,0.0000,14.5100,64.2300,58.9400,0.0000,99.6160,0.0000,0.0000,0.0000,0.0000,0.0000,1.9100,0.0000,0.0000,0.0000,0.0000,0.0000,155.5300,0.0000,0.0000,8.8000,54.9800,50.1800,70.8900,50.0700,26.6300,9.2700,18.0100,11.2100,19.8800,62.6700,0.0000,0.0000,0.0000,0.0000,0.0000,31.3000,12.5600,6.6900,0.0000,21.4100,0.0000,0.0000,0.0000,21.4700,7.8700,0.0000,0.0000,0.0000,6.5700,4.8600,5.9700,5.5600,4.1100,11.6200,20.4400,14.0700,57.7000,4.8400,5.5600,0.0000,0.0000,0.0000,0.0000,0.0000,0.0000,0.0000,35.8100,46.0002,0.0000,0.0000,0.0000,0.0000,0.0000,0.0000,0.8000,0.0000,0.0000,30.4500,0.0000,10.2600,0.0000,0.0000,0.0000,0.0000,0.0000,0.0000,0.0000,0.0000,0.0000,0.0000,0.0000,0.0000,0.0000,0.0000,0.0000,0.0000,0.0000,0.0000,0.0000,0.9800,4.2000,0.0000,1257.3714,297.12,0.00,13.4135,0.00,1541.0779
31,BRPL,59DSBRPL2022/10/03,0.0000,0.0000,0.0000,0.0000,0.0000,0.0000,0.0000,0.0000,94.3800,0.0000,14.5652,0.0000,0.0000,0.0000,0.0000,0.0000,14.5100,63.8100,58.9400,0.0000,99.6160,0.0000,0.0000,0.0000,0.0000,0.0000,2.9800,0.0000,0.0000,0.0000,0.0000,0.0000,155.5300,0.0000,0.0000,8.8000,54.9800,50.1800,70.8900,50.0700,26.6300,9.2700,18.0100,11.2100,19.9300,62.6700,0.0000,0.0000,0.0000,0.0000,0.0000,31.3000,12.5600,4.4900,0.0000,21.4100,0.0000,0.0000,0.0000,21.4700,7.8700,0.0000,0.0000,0.0000,6.5700,4.8600,2.9900,5.5600,4.1100,11.6200,20.4400,5.8800,57.7000,4.8900,5.5600,0.0000,0.0000,0.0000,0.0000,0.0000,0.0000,0.0000,35.3300,46.0002,0.0000,0.0000,0.0000,0.0000,0.0000,0.0000,0.0000,0.0000,0.0000,43.4400,0.0000,14.0800,0.0000,0.0000,0.0000,0.0000,0.0000,0.0000,0.0000,0.0000,0.0000,0.0000,0.0000,0.0000,0.0000,0.0000,0.0000,0.0000,0.0000,0.0000,0.0000,0.7800,3.6300,0.0000,1259.5114,208.93,0.00,12.6468,0.00,1455.7946
32,BRPL,59DSBRPL2022/10/03,0.0000,0.0000,0.0000,0.0000,0.0000,0.0000,0.0000,0.0000,94.3800,0.0000,14.5652,0.0000,0.0000,0.0000,0.0000,0.0000,14.5100,63.8100,49.6800,0.0000,99.6160,0.0000,0.0000,0.0000,0.0000,0.0000,4.2400,0.0000,0.0000,0.0000,0.0000,0.0000,155.5300,0.0000,0.0000,8.8000,54.9800,50.1800,70.8900,50.0700,26.6300,9.2700,18.0100,11.2100,19.9300,62.6700,0.0000,0.0000,0.0000,0.0000,0.0000,31.3000,12.5600,2.2500,0.0000,21.4100,0.0000,0.0000,0.0000,21.4700,7.8700,0.0000,0.0000,0.0000,6.5700,4.8600,0.0000,5.5600,4.1100,11.6200,20.4400,5.8800,57.7000,4.8900,5.5600,0.0000,0.0000,0.0000,0.0000,0.0000,0.0000,0.0000,34.7600,46.0002,0.0000,0.0000,0.0000,0.0000,0.0000,0.0000,0.0000,0.0000,0.0000,58.8600,0.0000,18.3500,0.0000,0.0000,0.0000,0.0000,0.0000,0.0000,0.0000,0.0000,0.0000,0.0000,0.0000,0.0000,0.0000,0.0000,0.0000,0.0000,0.0000,0.0000,0.0000,0.6300,3.0700,0.0000,1264.6914,229.43,0.00,12.8617,0.00,1481.2597
33,BRPL,59DSBRPL2022/10/03,0.0000,0.0000,0.0000,0.0000,0.0000,0.0000,0.0000,0.0000,94.3800,0.0000,14.5652,0.0000,0.0000,0.0000,0.0000,0.0000,14.5100,64.2300,42.2400,0.0000,99.6160,0.0000,0.0000,0.0000,0.0000,0.0000,5.0400,0.0000,0.0000,0.0000,0.0000,0.0000,155.5300,0.0000,0.0000,8.8000,54.9800,50.1800,70.8900,50.0700,26.6300,9.2700,18.0100,11.2100,19.9300,62.6700,0.0000,0.0000,0.0000,0.0000,0.0000,31.3000,12.5600,0.0000,0.0000,21.7800,0.0000,0.0000,0.0000,21.4700,7.8700,0.0000,0.0000,0.0000,6.5700,4.5800,0.0000,5.5600,4.1100,11.6200,20.4400,5.8800,33.5400,4.8400,5.5600,0.0000,0.0000,0.0000,0.0000,0.0000,0.0000,0.0000,34.3600,46.4997,0.0000,0.0000,0.0000,0.0000,0.0000,0.0000,0.0000,0.0000,0.0000,77.1700,0.0000,26.2800,0.0000,0.0000,0.0000,0.0000,0.0000,0.0000,0.0000,0.0000,0.0000,0.0000,0.0000,0.0000,0.0000,0.0000,0.0000,0.0000,0.0000,0.0000,0.0000,0.7100,3.4700,0.0000,1258.9209,265.54,0.00,13.1173,0.00,1511.3436
34,BRPL,59DSBRPL2022/10/03,0.0000,0.0000,0.0000,0.0000,0.0000,0.0000,0.0000,0.0000,94.3800,0.0000,14.5652,0.0000,0.0000,0.0000,0.0000,0.0000,14.5100,64.2300,33.8000,0.0000,99.6160,0.0000,0.0000,0.0000,0.0000,0.0000,6.8600,0.0000,0.0000,0.0000,0.0000,0.0000,155.5300,0.0000,0.0000,8.8000,54.9800,50.1800,70.8900,50.0700,26.6300,9.2700,18.0100,11.2100,19.9300,62.6700,0.0000,0.0000,0.0000,0.0000,0.0000,31.3000,12.5600,0.0000,0.0000,21.7800,0.0000,0.0000,0.0000,21.4700,7.8700,0.0000,0.0000,0.0000,7.5100,4.5800,0.0000,5.5900,4.1100,11.6200,20.4400,5.8800,16.7700,4.8400,5.5600,0.0000,0.0000,0.0000,0.0000,0.0000,0.0000,0.0000,32.7400,46.4997,0.0000,0.0000,0.0000,0.0000,0.0000,0.0000,0.0000,0.0000,0.0000,97.7100,0.0000,30.9500,0.0000,0.0000,0.0000,0.0000,0.0000,0.0000,0.0000,0.0000,0.0000,0.0000,0.0000,0.0000,0.0000,0.0000,0.0000,0.0000,0.0000,0.0000,0.0000,0.7600,3.7100,0.0000,1260.3809,267.46,0.00,13.1310,0.00,1514.7099
35,BRPL,59DSBRPL2022/10/03,0.0000,0.0000,0.0000,0.0000,0.0000,0.0000,0.0000,0.0000,94.3800,0.0000,14.5652,0.0000,0.0000,0.0000,0.0000,0.0000,14.5100,64.2300,29.0500,0.0000,99.6160,0.0000,0.0000,0.0000,0.0000,0.0000,8.1100,0.0000,0.0000,0.0000,0.0000,0.0000,155.5300,0.0000,0.0000,8.8000,54.9800,50.1800,70.8900,50.0700,26.6300,9.2700,18.0100,11.2100,19.9300,62.6700,0.0000,0.0000,0.0000,0.0000,0.0000,31.3000,12.5600,0.0000,0.0000,21.7800,0.0000,0.0000,0.0000,21.4700,7.8700,0.0000,0.0000,0.0000,22.5100,4.5800,0.0000,5.5900,4.1100,7.7500,20.4400,5.8800,16.7700,4.8400,5.5600,0.0000,0.0000,0.0000,0.0000,0.0000,0.0000,0.0000,30.7900,46.4997,0.0000,0.0000,0.0000,0.0000,0.0000,0.0000,0.0000,0.0000,0.0000,119.9300,0.0000,36.3300,0.0000,0.0000,0.0000,0.0000,0.0000,0.0000,0.0000,0.0000,0.0000,0.0000,0.0000,0.0000,0.0000,0.0000,0.0000,0.0000,0.0000,0.0000,0.0000,0.8700,4.1800,0.0000,1294.2409,335.03,0.00,14.0126,0.00,1615.2583
36,BRPL,59DSBRPL2022/10/03,0.0000,0.0000,0.0000,0.0000,0.0000,0.0000,0.0000,0.0000,94.3800,0.0000,14.5652,0.0000,0.0000,0.0000,0.0000,0.0000,14.5100,64.2300,19.8800,0.0000,99.6160,0.0000,0.0000,0.0000,0.0000,0.0000,9.3400,0.0000,0.0000,0.0000,0.0000,0.0000,155.5300,0.0000,0.0000,8.8000,54.9800,50.1800,70.8900,50.0700,26.6300,9.2700,18.0100,11.2100,19.9300,62.6700,0.0000,0.0000,0.0000,0.0000,0.0000,31.3000,12.5600,0.0000,0.0000,21.7800,0.0000,0.0000,0.0000,21.4700,7.8700,0.0000,0.0000,0.0000,22.5100,4.5800,0.0000,5.5900,4.1100,7.7500,20.4400,5.8800,16.7700,4.8400,5.5600,0.0000,0.0000,0.0000,0.0000,0.0000,0.0000,0.0000,30.1700,46.4997,0.0000,0.0000,0.0000,0.0000,0.0000,0.0000,0.0000,0.0000,0.0000,141.3800,0.0000,45.2800,0.0000,0.0000,0.0000,0.0000,0.0000,0.0000,0.0000,0.0000,0.0000,0.0000,0.0000,0.0000,0.0000,0.0000,0.0000,0.0000,0.0000,0.0000,0.0000,1.0600,4.6500,0.0000,1316.7409,312.91,0.00,14.0051,0.00,1615.6458
37,BRPL,59DSBRPL2022/10/03,0.0000,0.0000,0.0000,0.0000,0.0000,0.0000,0.0000,0.0000,94.3800,0.0000,13.2948,0.0000,0.0000,0.0000,0.0000,0.0000,14.5100,63.8100,9.9400,0.0000,99.6160,0.0000,0.0000,0.0000,0.0000,0.0000,10.6000,0.0000,0.0000,0.0000,0.0000,0.0000,155.5300,0.0000,0.0000,8.8000,54.9800,50.1800,70.8900,50.0700,26.6300,9.2600,18.0100,11.2100,19.8800,62.6700,0.0000,0.0000,0.0000,0.0000,0.0000,20.8600,5.9500,0.0000,0.0000,21.7800,0.0000,0.0000,0.0000,21.4700,7.8700,0.0000,0.0000,0.0000,6.5700,4.5800,0.0000,5.5900,4.1100,7.7500,20.4400,1.0700,16.7700,4.8400,2.7900,0.0000,0.0000,0.0000,0.0000,0.0000,0.0000,0.0000,29.0900,46.4997,0.0000,0.0000,0.0000,0.0000,0.0000,0.0000,0.0000,0.0000,0.0000,159.9700,0.0000,49.1200,0.0000,0.0000,0.0000,0.0000,0.0000,0.0000,0.0000,0.0000,0.0000,0.0000,0.0000,0.0000,0.0000,0.0000,0.0000,0.0000,0.0000,0.0000,0.0000,1.1100,4.5400,0.0000,1287.0305,381.39,0.00,14.3352,0.00,1654.0853
38,BRPL,59DSBRPL2022/10/03,0.0000,0.0000,0.0000,0.0000,0.0000,0.0000,0.0000,0.0000,94.3800,0.0000,13.2948,0.0000,0.0000,0.0000,0.0000,0.0000,14.5100,63.8100,9.9400,0.0000,99.6160,0.0000,0.0000,0.0000,0.0000,0.0000,11.7000,0.0000,0.0000,0.0000,0.0000,0.0000,155.5300,0.0000,0.0000,8.8000,54.9800,50.1800,70.8900,50.0700,26.6300,9.2600,18.0100,11.2100,19.8800,62.6700,0.0000,0.0000,0.0000,0.0000,0.0000,20.8600,5.9500,0.0000,0.0000,21.7800,0.0000,0.0000,0.0000,21.4700,7.8700,0.0000,0.0000,0.0000,5.6300,4.5800,0.0000,5.5900,4.1100,7.7500,20.4400,1.0700,16.7700,4.8400,2.7900,0.0000,0.0000,0.0000,0.0000,0.0000,0.0000,0.0000,28.3000,46.4997,0.0000,0.0000,0.0000,0.0000,0.0000,0.0000,5.2800,0.0000,0.0000,174.9200,0.0000,54.4100,0.0000,0.0000,0.0000,0.0000,0.0000,0.0000,0.0000,0.0000,0.0000,0.0000,0.0000,0.0000,0.0000,0.0000,0.0000,0.0000,0.0000,0.0000,0.0000,0.4500,4.4400,0.0000,1311.1605,391.82,0.00,14.6297,0.00,1688.3508
39,BRPL,59DSBRPL2022/10/03,0.0000,0.0000,0.0000,0.0000,0.0000,0.0000,0.0000,0.0000,94.3800,0.0000,13.2948,0.0000,0.0000,0.0000,0.0000,0.0000,14.5100,62.8700,9.9400,0.0000,99.6160,0.0000,0.0000,0.0000,0.0000,0.0000,12.7100,0.0000,0.0000,0.0000,0.0000,0.0000,155.5300,0.0000,0.0000,8.8000,54.9800,50.1800,70.8900,50.0700,26.6300,9.2600,18.0100,11.2100,19.8800,62.6700,0.0000,0.0000,0.0000,0.0000,0.0000,10.4400,5.9500,0.0000,0.0000,22.0600,0.0000,0.0000,0.0000,21.4700,7.8700,0.0000,0.0000,0.0000,5.6300,4.5800,0.0000,5.5900,4.1100,7.7500,20.4400,1.0700,16.7700,4.8400,2.7900,0.0000,0.0000,0.0000,0.0000,0.0000,0.0000,0.0000,26.1300,46.4997,0.0000,0.0000,0.0000,0.0000,0.0000,0.0000,5.3200,0.0000,0.0000,189.0800,0.0000,59.0000,0.0000,0.0000,0.0000,0.0000,0.0000,0.0000,0.0000,0.0000,0.0000,0.0000,0.0000,0.0000,0.0000,0.0000,0.0000,0.0000,0.0000,0.0000,0.0000,0.4300,3.6000,0.0000,1316.8505,366.30,0.00,14.4463,0.00,1668.7042
40,BRPL,59DSBRPL2022/10/03,0.0000,0.0000,0.0000,0.0000,0.0000,0.0000,0.0000,0.0000,94.3800,0.0000,13.2948,0.0000,0.0000,0.0000,0.0000,0.0000,14.5100,62.8800,9.9400,0.0000,99.6160,0.0000,0.0000,0.0000,0.0000,0.0000,13.5600,0.0000,0.0000,0.0000,0.0000,0.0000,155.5300,0.0000,0.0000,8.8000,54.9800,50.1800,70.8900,50.0700,26.6300,9.2600,18.0100,11.2100,19.8800,62.6700,0.0000,0.0000,0.0000,0.0000,0.0000,10.4400,5.9500,0.0000,0.0000,22.0600,0.0000,0.0000,0.0000,21.4700,7.8700,0.0000,0.0000,0.0000,5.6300,4.5800,0.0000,5.5900,4.1100,7.7500,20.4400,1.0700,16.7700,4.8400,2.7900,0.0000,0.0000,0.0000,0.0000,0.0000,0.0000,0.0000,26.3300,46.4997,0.0000,0.0000,0.0000,0.0000,0.0000,0.0000,5.1600,0.0000,0.0000,203.3100,0.0000,63.1700,0.0000,0.0000,0.0000,0.0000,0.0000,0.0000,0.0000,0.0000,0.0000,0.0000,0.0000,0.0000,0.0000,0.0000,0.0000,0.0000,0.0000,0.0000,0.0000,0.4300,3.3900,0.0000,1335.9405,438.11,0.00,15.2387,0.00,1758.8118
41,BRPL,59DSBRPL2022/10/03,0.0000,0.0000,0.0000,0.0000,0.0000,0.0000,0.0000,0.0000,94.3800,0.0000,13.2948,0.0000,0.0000,0.0000,0.0000,0.0000,14.5100,62.8700,9.9400,0.0000,99.6160,0.0000,0.0000,0.0000,0.0000,0.0000,14.3800,0.0000,0.0000,0.0000,0.0000,0.0000,155.5300,0.0000,0.0000,8.8000,54.9800,50.1800,70.8900,50.0700,26.6300,9.2600,18.0100,11.2100,19.8800,62.6700,0.0000,0.0000,0.0000,0.0000,0.0000,10.4400,5.9500,0.0000,0.0000,22.0600,0.0000,0.0000,0.0000,21.4700,7.8700,0.0000,0.0000,0.0000,4.6900,4.8600,0.0000,5.5900,4.1100,7.7500,20.4400,5.8800,16.7700,4.8400,2.7900,0.0000,0.0000,0.0000,0.0000,0.0000,0.0000,0.0000,26.3900,46.4997,0.0000,0.0000,0.0000,0.0000,0.0000,0.0000,5.4700,0.0000,0.0000,216.8800,0.0000,68.6400,0.0000,0.0000,0.0000,0.0000,0.0000,0.0000,0.0000,0.0000,0.0000,0.0000,0.0000,0.0000,0.0000,0.0000,0.0000,0.0000,0.0000,0.0000,0.0000,0.4400,3.3800,0.0000,1360.3105,383.38,0.00,14.9643,0.00,1728.7262
42,BRPL,59DSBRPL2022/10/03,0.0000,0.0000,0.0000,0.0000,0.0000,0.0000,0.0000,0.0000,94.3800,0.0000,13.2948,0.0000,0.0000,0.0000,0.0000,0.0000,14.5100,62.8700,9.9400,0.0000,99.6160,0.0000,0.0000,0.0000,0.0000,0.0000,15.1300,0.0000,0.0000,0.0000,0.0000,0.0000,155.5300,0.0000,0.0000,8.8000,54.9800,50.1800,70.8900,50.0700,26.6300,9.2600,18.0100,11.2100,19.8800,62.6700,0.0000,0.0000,0.0000,0.0000,0.0000,10.4400,5.9500,0.0000,0.0000,22.0600,0.0000,0.0000,0.0000,21.4700,7.8700,0.0000,0.0000,0.0000,4.6900,4.8600,0.0000,5.5900,4.1100,7.7500,20.4400,5.8800,16.7700,4.8400,2.7900,0.0000,0.0000,0.0000,0.0000,0.0000,0.0000,0.0000,26.8100,46.4997,0.0000,0.0000,0.0000,0.0000,0.0000,0.0000,5.2000,0.0000,0.0000,227.0300,0.0000,74.5300,0.0000,0.0000,0.0000,0.0000,0.0000,0.0000,0.0000,0.0000,0.0000,0.0000,0.0000,0.0000,0.0000,0.0000,0.0000,0.0000,0.0000,0.0000,0.0000,0.5500,3.5200,0.0000,1377.5005,434.90,0.00,15.5624,0.00,1796.8381
43,BRPL,59DSBRPL2022/10/03,0.0000,0.0000,0.0000,0.0000,0.0000,0.0000,0.0000,0.0000,94.3800,0.0000,13.2948,0.0000,0.0000,0.0000,0.0000,0.0000,14.4900,62.8700,9.9400,0.0000,99.6160,0.0000,0.0000,0.0000,0.0000,0.0000,15.7000,0.0000,0.0000,0.0000,0.0000,0.0000,155.5300,0.0000,0.0000,8.8000,54.9800,50.1800,70.8900,50.0700,26.6300,9.2700,18.0100,11.2100,19.8800,62.6700,0.0000,0.0000,0.0000,0.0000,0.0000,10.4400,5.9500,0.0000,0.0000,22.3400,0.0000,0.0000,0.0000,21.4700,7.8700,0.0000,0.0000,0.0000,4.6900,4.8600,0.0000,5.5900,4.1100,7.7500,20.4400,5.8800,16.7700,4.8400,2.7900,0.0000,0.0000,0.0000,0.0000,0.0000,0.0000,0.0000,26.9400,46.4997,0.0000,0.0000,0.0000,0.0000,0.0000,0.0000,5.4900,0.0000,0.0000,234.4300,0.0000,79.1400,0.0000,0.0000,0.0000,0.0000,0.0000,0.0000,0.0000,0.0000,0.0000,0.0000,0.0000,0.0000,0.0000,0.0000,0.0000,0.0000,0.0000,0.0000,0.0000,0.5400,3.3800,0.0000,1390.6205,367.85,0.00,15.0828,0.00,1743.3877
44,BRPL,59DSBRPL2022/10/03,0.0000,0.0000,0.0000,0.0000,0.0000,0.0000,0.0000,0.0000,94.3800,0.0000,13.2948,0.0000,0.0000,0.0000,0.0000,0.0000,14.4900,62.8700,17.2600,0.0000,99.6160,0.0000,0.0000,0.0000,0.0000,0.0000,16.0800,0.0000,0.0000,0.0000,0.0000,0.0000,155.5300,0.0000,0.0000,8.8000,54.9800,50.1800,70.8900,50.0700,26.6300,9.2700,18.0100,11.2100,19.8800,62.6700,0.0000,0.0000,0.0000,0.0000,0.0000,10.3500,5.9500,0.0000,0.0000,22.3400,0.0000,0.0000,0.0000,21.4700,7.8700,0.0000,0.0000,0.0000,4.6900,13.6600,0.0000,5.5900,4.1100,7.7500,20.4400,5.8800,16.7700,3.7600,2.7900,0.0000,0.0000,0.0000,0.0000,0.0000,0.0000,0.0000,26.9600,46.4997,0.0000,0.0000,0.0000,0.0000,0.0000,0.0000,5.3400,0.0000,0.0000,238.3600,0.0000,81.3500,0.0000,0.0000,0.0000,0.0000,0.0000,0.0000,0.0000,0.0000,0.0000,0.0000,0.0000,0.0000,0.0000,0.0000,0.0000,0.0000,0.0000,0.0000,0.0000,0.5700,3.3500,0.0000,1411.9605,399.15,0.00,15.5427,0.00,1795.5678
45,BRPL,59DSBRPL2022/10/03,0.0000,0.0000,0.0000,0.0000,0.0000,0.0000,0.0000,0.0000,94.3800,0.0000,13.2948,0.0000,0.0000,0.0000,0.0000,0.0000,14.4900,62.8700,19.8800,0.0000,99.6160,0.0000,0.0000,0.0000,0.0000,0.0000,16.5700,0.0000,0.0000,0.0000,0.0000,0.0000,155.5300,0.0000,0.0000,8.8000,54.9800,50.1800,70.8900,50.0700,26.6300,9.2700,18.0100,11.2100,19.8800,62.6700,0.0000,0.0000,0.0000,0.0000,0.0000,4.4800,5.9500,0.0000,0.0000,22.3400,0.0000,0.0000,0.0000,21.4700,7.8700,0.0000,0.0000,0.0000,22.5100,13.6300,0.0000,5.5900,4.1100,7.7500,20.4400,5.8800,16.7700,2.6900,2.7900,0.0000,0.0000,0.0000,0.0000,0.0000,0.0000,0.0000,19.1400,46.4997,0.0000,0.0000,0.0000,0.0000,0.0000,0.0000,4.9700,0.0000,0.0000,240.3000,0.0000,83.6100,0.0000,0.0000,0.0000,0.0000,0.0000,0.0000,0.0000,0.0000,0.0000,0.0000,0.0000,0.0000,0.0000,0.0000,0.0000,0.0000,0.0000,0.0000,0.0000,0.5600,3.5600,0.0000,1422.1305,354.48,0.00,15.2347,0.00,1761.3758
46,BRPL,59DSBRPL2022/10/03,0.0000,0.0000,0.0000,0.0000,0.0000,0.0000,0.0000,0.0000,94.3800,0.0000,13.2948,0.0000,0.0000,0.0000,0.0000,0.0000,14.4900,62.8700,19.8800,0.0000,99.6160,0.0000,0.0000,0.0000,0.0000,0.0000,17.0100,0.0000,0.0000,0.0000,0.0000,0.0000,155.5300,0.0000,0.0000,8.8000,54.9800,50.1800,70.8900,50.0700,26.6300,9.2700,18.0100,11.2100,19.8800,62.6700,0.0000,0.0000,0.0000,0.0000,0.0000,0.0000,5.9500,0.0000,0.0000,22.3400,0.0000,0.0000,0.0000,21.4700,7.8700,0.0000,0.0000,0.0000,22.5100,13.6300,0.0000,5.5900,4.1100,7.7500,20.4400,0.0000,16.7700,2.6900,2.7900,0.0000,0.0000,0.0000,0.0000,0.0000,0.0000,0.0000,20.0600,46.4997,0.0000,0.0000,0.0000,0.0000,0.0000,0.0000,4.9700,0.0000,0.0000,240.3000,0.0000,87.9100,0.0000,0.0000,0.0000,0.0000,0.0000,0.0000,0.0000,0.0000,0.0000,0.0000,0.0000,0.0000,0.0000,0.0000,0.0000,0.0000,0.0000,0.0000,0.0000,0.5400,3.5400,0.0000,1417.3905,386.54,0.00,15.4713,0.00,1788.4592
47,BRPL,59DSBRPL2022/10/03,0.0000,0.0000,0.0000,0.0000,0.0000,0.0000,0.0000,0.0000,94.3800,0.0000,13.2948,0.0000,0.0000,0.0000,0.0000,0.0000,14.5100,62.8700,19.8800,0.0000,74.0087,0.0000,0.0000,0.0000,0.0000,0.0000,17.2800,0.0000,0.0000,0.0000,0.0000,0.0000,143.5200,0.0000,0.0000,8.8000,54.9800,50.1800,70.8900,50.0700,26.6300,9.2700,18.0100,11.2100,19.8800,41.7800,0.0000,0.0000,0.0000,0.0000,0.0000,0.0000,5.9500,0.0000,0.0000,22.3400,0.0000,0.0000,0.0000,21.4700,7.8700,0.0000,0.0000,0.0000,5.6300,13.6300,0.0000,5.5900,4.1100,7.7500,20.4400,0.0000,16.7700,2.6900,2.7900,0.0000,0.0000,0.0000,0.0000,0.0000,0.0000,0.0000,21.5800,46.4997,0.0000,0.0000,0.0000,0.0000,0.0000,0.0000,3.9500,0.0000,0.0000,240.3000,0.0000,88.4700,0.0000,0.0000,0.0000,0.0000,0.0000,0.0000,0.0000,0.0000,0.0000,0.0000,0.0000,0.0000,0.0000,0.0000,0.0000,0.0000,0.0000,0.0000,0.0000,0.4200,3.6400,0.0000,1343.3332,419.92,0.00,15.1110,0.00,1748.1422
48,BRPL,59DSBRPL2022/10/03,0.0000,0.0000,0.0000,0.0000,0.0000,0.0000,0.0000,0.0000,94.3800,0.0000,12.5934,0.0000,0.0000,0.0000,0.0000,0.0000,14.5100,62.8700,19.8800,0.0000,74.0087,0.0000,0.0000,0.0000,0.0000,0.0000,17.4700,0.0000,0.0000,0.0000,0.0000,0.0000,134.9600,0.0000,0.0000,8.8000,54.9800,50.1800,70.8900,50.0700,26.6300,9.2700,18.0100,11.2100,19.8800,41.7800,0.0000,0.0000,0.0000,0.0000,0.0000,0.0000,5.9500,0.0000,0.0000,22.6400,0.0000,0.0000,0.0000,21.4700,7.8700,0.0000,0.0000,0.0000,5.6300,4.8600,0.0000,5.5900,4.1100,7.7500,20.4400,0.0000,16.7700,2.6900,2.7900,0.0000,0.0000,0.0000,0.0000,0.0000,0.0000,0.0000,22.0600,46.4997,0.0000,0.0000,0.0000,0.0000,0.0000,0.0000,3.8800,0.0000,0.0000,240.3000,0.0000,88.7200,0.0000,0.0000,0.0000,0.0000,0.0000,0.0000,0.0000,0.0000,0.0000,0.0000,0.0000,0.0000,0.0000,0.0000,0.0000,0.0000,0.0000,0.0000,0.0000,0.4000,3.4100,0.0000,1326.2018,414.12,0.00,14.9075,0.00,1725.4143
49,BRPL,59DSBRPL2022/10/03,0.0000,0.0000,0.0000,0.0000,0.0000,0.0000,0.0000,0.0000,94.3800,0.0000,12.5934,0.0000,0.0000,0.0000,0.0000,0.0000,14.5100,62.8700,19.8800,0.0000,74.0087,0.0000,0.0000,0.0000,0.0000,0.0000,17.5400,0.0000,0.0000,0.0000,0.0000,0.0000,146.0100,0.0000,0.0000,8.8000,54.9800,50.1800,70.8900,50.0700,26.6300,9.2700,18.0100,11.2100,19.8800,41.7800,0.0000,0.0000,0.0000,0.0000,0.0000,0.0000,5.9500,0.0000,0.0000,22.6400,0.0000,0.0000,0.0000,21.4700,7.8700,0.0000,0.0000,0.0000,5.6300,4.8600,0.0000,5.5900,4.1100,7.7500,20.4400,0.0000,16.7700,2.6900,2.7900,0.0000,0.0000,0.0000,0.0000,0.0000,0.0000,0.0000,22.4600,46.4997,0.0000,0.0000,0.0000,0.0000,0.0000,0.0000,4.1400,0.0000,0.0000,240.3000,0.0000,89.1500,0.0000,0.0000,0.0000,0.0000,0.0000,0.0000,0.0000,0.0000,0.0000,0.0000,0.0000,0.0000,0.0000,0.0000,0.0000,0.0000,0.0000,0.0000,0.0000,0.5300,3.4100,0.0000,1338.5418,483.76,0.00,15.6283,0.00,1806.6735
50,BRPL,59DSBRPL2022/10/03,0.0000,0.0000,0.0000,0.0000,0.0000,0.0000,0.0000,0.0000,94.3800,0.0000,12.5934,0.0000,0.0000,0.0000,0.0000,0.0000,14.5100,62.8700,19.8800,0.0000,74.0087,0.0000,0.0000,0.0000,0.0000,0.0000,17.5500,0.0000,0.0000,0.0000,0.0000,0.0000,139.8800,0.0000,0.0000,8.8000,54.9800,50.1800,70.8900,50.0700,26.6300,9.2700,18.0100,11.2100,19.8800,41.7800,0.0000,0.0000,0.0000,0.0000,0.0000,0.0000,5.9500,0.0000,0.0000,22.6400,0.0000,0.0000,0.0000,21.4700,7.8700,0.0000,0.0000,0.0000,5.6300,4.8600,0.0000,5.5900,4.1100,7.7500,20.4400,0.0000,16.7700,2.6900,2.7900,0.0000,0.0000,0.0000,0.0000,0.0000,0.0000,0.0000,11.3900,46.4997,0.0000,0.0000,0.0000,0.0000,0.0000,0.0000,3.9500,0.0000,0.0000,240.3000,0.0000,89.5500,0.0000,0.0000,0.0000,0.0000,0.0000,0.0000,0.0000,0.0000,0.0000,0.0000,0.0000,0.0000,0.0000,0.0000,0.0000,0.0000,0.0000,0.0000,0.0000,0.5600,3.3800,0.0000,1321.5618,475.05,0.00,15.4021,0.00,1781.2097
51,BRPL,59DSBRPL2022/10/03,0.0000,0.0000,0.0000,0.0000,0.0000,0.0000,0.0000,0.0000,94.3800,0.0000,12.5934,0.0000,0.0000,0.0000,0.0000,0.0000,14.5100,62.8700,19.8800,0.0000,74.0087,0.0000,0.0000,0.0000,0.0000,0.0000,17.5600,0.0000,0.0000,0.0000,0.0000,0.0000,155.5300,0.0000,0.0000,8.8000,54.9800,50.1800,70.8900,50.0700,26.6300,9.2700,18.0100,11.2100,19.8800,41.7800,0.0000,0.0000,0.0000,0.0000,0.0000,0.0000,5.9500,0.0000,0.0000,23.2000,0.0000,0.0000,0.0000,21.4700,7.8700,0.0000,0.0000,0.0000,5.6300,4.8600,0.0000,5.5900,4.1100,7.7500,20.4400,0.0000,16.7700,2.6900,2.7900,0.0000,0.0000,0.0000,0.0000,0.0000,0.0000,0.0000,11.5500,46.4997,0.0000,0.0000,0.0000,0.0000,0.0000,0.0000,4.0100,0.0000,0.0000,240.3000,0.0000,90.3600,0.0000,0.0000,0.0000,0.0000,0.0000,0.0000,0.0000,0.0000,0.0000,0.0000,0.0000,0.0000,0.0000,0.0000,0.0000,0.0000,0.0000,0.0000,0.0000,0.5800,3.8800,0.0000,1339.3318,484.72,0.00,15.6435,0.00,1808.4083
52,BRPL,59DSBRPL2022/10/03,0.0000,0.0000,0.0000,0.0000,0.0000,0.0000,0.0000,0.0000,94.3800,0.0000,12.5934,0.0000,0.0000,0.0000,0.0000,0.0000,14.5100,62.8700,19.8800,0.0000,74.0087,0.0000,0.0000,0.0000,0.0000,0.0000,17.3600,0.0000,0.0000,0.0000,0.0000,0.0000,155.5300,0.0000,0.0000,8.8000,54.9800,50.1800,70.8900,50.0700,26.6300,9.2600,18.0100,11.2100,19.8800,41.7800,0.0000,0.0000,0.0000,0.0000,0.0000,0.0000,5.9500,0.0000,0.0000,23.2000,0.0000,0.0000,0.0000,21.4700,7.8700,0.0000,0.0000,0.0000,5.6300,4.8600,0.0000,5.5900,4.1100,7.7500,20.4400,0.0000,16.7700,2.6900,2.7900,0.0000,0.0000,0.0000,0.0000,0.0000,0.0000,0.0000,11.9400,46.4997,0.0000,0.0000,0.0000,0.0000,0.0000,0.0000,3.8800,0.0000,0.0000,240.3000,0.0000,90.3600,0.0000,0.0000,0.0000,0.0000,0.0000,0.0000,0.0000,0.0000,0.0000,0.0000,0.0000,0.0000,0.0000,0.0000,0.0000,0.0000,0.0000,0.0000,0.0000,0.7000,4.9200,0.0000,1340.5418,426.69,0.00,15.1453,0.00,1752.0865
53,BRPL,59DSBRPL2022/10/03,0.0000,0.0000,0.0000,0.0000,0.0000,0.0000,0.0000,0.0000,94.3800,0.0000,12.5934,0.0000,0.0000,0.0000,0.0000,0.0000,14.5100,62.8700,29.2500,0.0000,74.0087,0.0000,0.0000,0.0000,0.0000,0.0000,17.3000,0.0000,0.0000,0.0000,0.0000,0.0000,155.5300,0.0000,0.0000,8.8000,54.9800,50.1800,70.8900,49.5500,26.6300,9.2600,18.0100,11.2100,19.8800,41.7800,0.0000,0.0000,0.0000,0.0000,0.0000,0.0000,5.9500,0.0000,0.0000,23.2000,0.0000,0.0000,0.0000,21.4700,7.8700,0.0000,0.0000,0.0000,5.6300,4.8600,0.0000,5.5900,4.1100,7.7500,20.4400,0.0000,25.1600,2.6900,2.7900,0.0000,0.0000,0.0000,0.0000,0.0000,0.0000,0.0000,11.6800,46.4997,0.0000,0.0000,0.0000,0.0000,0.0000,0.0000,3.8800,0.0000,0.0000,240.3000,0.0000,90.5900,0.0000,0.0000,0.0000,0.0000,0.0000,0.0000,0.0000,0.0000,0.0000,0.0000,0.0000,0.0000,0.0000,0.0000,0.0000,0.0000,0.0000,0.0000,0.0000,0.6900,6.0500,0.0000,1358.8118,458.62,0.00,15.5875,0.00,1801.8443
54,BRPL,59DSBRPL2022/10/03,0.0000,0.0000,0.0000,0.0000,0.0000,0.0000,0.0000,0.0000,94.3800,0.0000,12.5934,0.0000,0.0000,0.0000,0.0000,0.0000,14.5100,62.8700,29.8100,0.0000,74.0087,0.0000,0.0000,0.0000,0.0000,0.0000,17.0700,0.0000,0.0000,0.0000,0.0000,0.0000,155.5300,0.0000,0.0000,8.8000,54.9800,50.1800,70.8900,49.5500,26.6300,9.2600,18.0100,11.2100,19.8800,41.7800,0.0000,0.0000,0.0000,0.0000,0.0000,10.4400,5.9500,0.0000,0.0000,23.2000,0.0000,0.0000,0.0000,21.4700,7.8700,0.0000,0.0000,0.0000,5.6300,4.8600,0.0000,5.5900,4.1100,7.7500,20.4400,0.0000,25.1600,2.6900,2.7900,0.0000,0.0000,0.0000,0.0000,0.0000,0.0000,0.0000,11.4400,46.4997,0.0000,0.0000,0.0000,0.0000,0.0000,0.0000,3.8400,0.0000,0.0000,240.3000,0.0000,89.9600,0.0000,0.0000,0.0000,0.0000,0.0000,0.0000,0.0000,0.0000,0.0000,0.0000,0.0000,0.0000,0.0000,0.0000,0.0000,0.0000,0.0000,0.0000,0.0000,0.6700,7.4300,0.0000,1370.0318,417.01,0.00,15.3221,0.00,1771.7197
55,BRPL,59DSBRPL2022/10/03,0.0000,0.0000,0.0000,0.0000,0.0000,0.0000,0.0000,0.0000,94.3800,0.0000,12.5934,0.0000,0.0000,0.0000,0.0000,0.0000,14.5100,62.8700,29.8100,0.0000,74.0087,0.0000,0.0000,0.0000,0.0000,0.0000,16.7700,0.0000,0.0000,0.0000,0.0000,0.0000,155.5300,0.0000,0.0000,8.8000,54.9800,50.1800,70.8900,49.5500,26.6300,9.2600,18.0100,11.2100,19.8800,41.7800,0.0000,0.0000,0.0000,0.0000,0.0000,10.4400,5.9500,0.0000,0.0000,23.4800,0.0000,0.0000,0.0000,21.4700,7.8700,0.0000,0.0000,0.0000,5.6300,4.8600,0.0000,5.5900,4.1100,7.7500,20.4400,0.0000,25.1600,4.8400,2.7900,0.0000,0.0000,0.0000,0.0000,0.0000,0.0000,0.0000,11.3300,46.4997,0.0000,0.0000,0.0000,0.0000,0.0000,0.0000,3.8100,0.0000,0.0000,240.3000,0.0000,89.3900,0.0000,0.0000,0.0000,0.0000,0.0000,0.0000,0.0000,0.0000,0.0000,0.0000,0.0000,0.0000,0.0000,0.0000,0.0000,0.0000,0.0000,0.0000,0.0000,0.5800,6.6900,0.0000,1370.6218,469.52,0.00,15.7921,0.00,1824.3497
56,BRPL,59DSBRPL2022/10/03,0.0000,0.0000,0.0000,0.0000,0.0000,0.0000,0.0000,0.0000,94.3800,0.0000,3.5815,0.0000,0.0000,0.0000,0.0000,0.0000,14.5100,62.8700,29.8100,0.0000,74.0087,0.0000,0.0000,0.0000,0.0000,0.0000,17.0200,0.0000,0.0000,0.0000,0.0000,0.0000,155.5300,0.0000,0.0000,8.8000,54.9800,50.1800,70.8900,49.5500,26.6300,9.2600,18.0100,11.2100,19.8800,41.7800,0.0000,0.0000,0.0000,0.0000,0.0000,10.4400,5.9500,0.0000,0.0000,23.4800,0.0000,0.0000,0.0000,21.4700,7.8700,0.0000,0.0000,0.0000,5.6300,4.8600,0.0000,5.5900,4.1100,7.7500,20.4400,0.0000,25.1600,4.8400,2.7900,0.0000,0.0000,0.0000,0.0000,0.0000,0.0000,0.0000,11.2000,46.4997,0.0000,0.0000,0.0000,0.0000,0.0000,0.0000,3.8900,0.0000,0.0000,240.3000,0.0000,89.0000,0.0000,0.0000,0.0000,0.0000,0.0000,0.0000,0.0000,0.0000,0.0000,0.0000,0.0000,0.0000,0.0000,0.0000,0.0000,0.0000,0.0000,0.0000,0.0000,0.5600,7.1800,0.0000,1361.8899,484.56,0.00,15.8454,0.00,1830.6045
57,BRPL,59DSBRPL2022/10/03,0.0000,0.0000,0.0000,0.0000,0.0000,0.0000,0.0000,0.0000,94.3800,0.0000,11.6195,0.0000,0.0000,0.0000,0.0000,0.0000,14.5100,62.8800,29.8100,0.0000,74.0087,0.0000,0.0000,0.0000,0.0000,0.0000,16.5700,0.0000,0.0000,0.0000,0.0000,0.0000,155.5300,0.0000,0.0000,8.8000,54.9800,50.1800,70.8900,49.5500,26.3800,9.2700,18.0100,11.2100,19.8800,41.7800,0.0000,0.0000,0.0000,0.0000,0.0000,10.4400,5.9500,0.0000,0.0000,23.4800,0.0000,0.0000,0.0000,21.4700,7.8700,0.0000,0.0000,0.0000,5.6300,4.8600,0.0000,5.5900,4.1100,7.7500,19.3600,0.0000,25.1600,4.8400,2.7900,0.0000,0.0000,0.0000,0.0000,0.0000,0.0000,0.0000,14.5200,46.4997,0.0000,0.0000,0.0000,0.0000,0.0000,0.0000,4.0000,0.0000,0.0000,238.0800,0.0000,85.1900,0.0000,0.0000,0.0000,0.0000,0.0000,0.0000,0.0000,0.0000,0.0000,0.0000,0.0000,0.0000,0.0000,0.0000,0.0000,0.0000,0.0000,0.0000,0.0000,0.8300,7.2800,0.0000,1365.9379,519.91,0.00,16.1960,0.00,1869.6519
58,BRPL,59DSBRPL2022/10/03,0.0000,0.0000,0.0000,0.0000,0.0000,0.0000,0.0000,0.0000,94.3800,0.0000,11.6195,0.0000,0.0000,0.0000,0.0000,0.0000,14.5100,62.8700,29.8100,0.0000,74.0087,0.0000,0.0000,0.0000,0.0000,0.0000,16.0700,0.0000,0.0000,0.0000,0.0000,0.0000,155.5300,0.0000,0.0000,8.8000,54.9800,50.1800,70.8900,49.5500,26.3800,9.2700,18.0100,11.2100,19.8800,41.7800,0.0000,0.0000,0.0000,0.0000,0.0000,10.4400,5.9500,0.0000,0.0000,23.4800,0.0000,0.0000,0.0000,21.4700,7.8700,0.0000,0.0000,0.0000,5.6300,4.8600,0.0000,5.5900,4.1100,7.7500,19.3600,0.0000,25.1600,4.8400,2.7900,0.0000,0.0000,0.0000,0.0000,0.0000,0.0000,0.0000,15.1100,46.4997,0.0000,0.0000,0.0000,0.0000,0.0000,0.0000,4.3600,0.0000,0.0000,233.6600,0.0000,84.3800,0.0000,0.0000,0.0000,0.0000,0.0000,0.0000,0.0000,0.0000,0.0000,0.0000,0.0000,0.0000,0.0000,0.0000,0.0000,0.0000,0.0000,0.0000,0.0000,1.0800,8.4500,0.0000,1362.5679,539.10,0.00,16.3396,0.00,1885.3283
59,BRPL,59DSBRPL2022/10/03,0.0000,0.0000,0.0000,0.0000,0.0000,0.0000,0.0000,0.0000,94.3800,0.0000,11.6195,0.0000,0.0000,0.0000,0.0000,0.0000,14.5100,62.8700,29.8100,0.0000,74.0087,0.0000,0.0000,0.0000,0.0000,0.0000,15.4900,0.0000,0.0000,0.0000,0.0000,0.0000,155.5300,0.0000,0.0000,8.8000,54.9800,50.1800,70.8900,49.5500,26.3800,9.2700,18.0100,11.2100,19.8800,41.7800,0.0000,0.0000,0.0000,0.0000,0.0000,20.8600,5.9500,0.0000,0.0000,23.7800,0.0000,0.0000,0.0000,21.4700,7.8700,0.0000,0.0000,0.0000,5.6300,4.8600,0.0000,5.5900,4.1100,7.7500,19.3600,0.0000,25.1600,4.8400,2.7900,0.0000,0.0000,0.0000,0.0000,0.0000,0.0000,0.0000,16.5400,46.4997,0.0000,0.0000,0.0000,0.0000,0.0000,0.0000,5.3400,0.0000,0.0000,226.2200,0.0000,83.1200,0.0000,0.0000,0.0000,0.0000,0.0000,0.0000,0.0000,0.0000,0.0000,0.0000,0.0000,0.0000,0.0000,0.0000,0.0000,0.0000,0.0000,0.0000,0.0000,1.3300,10.1600,0.0000,1368.3779,561.72,0.00,16.5949,0.00,1913.5030
60,BRPL,59DSBRPL2022/10/03,0.0000,0.0000,0.0000,0.0000,0.0000,0.0000,0.0000,0.0000,94.3800,0.0000,11.6195,0.0000,0.0000,0.0000,0.0000,0.0000,14.5100,62.8700,29.8100,0.0000,74.0087,0.0000,0.0000,0.0000,0.0000,0.0000,14.7300,0.0000,0.0000,0.0000,0.0000,0.0000,155.5300,0.0000,0.0000,8.8000,54.9800,50.1800,70.8900,49.5500,26.3800,9.2700,18.0100,11.2100,19.8800,41.7800,0.0000,0.0000,0.0000,0.0000,0.0000,20.8600,5.9500,0.0000,0.0000,23.7800,0.0000,0.0000,0.0000,21.4700,7.8700,0.0000,0.0000,0.0000,5.6300,4.8600,0.0000,5.5900,4.1100,7.7500,19.3600,0.0000,25.1600,4.8400,2.7900,0.0000,0.0000,0.0000,0.0000,0.0000,0.0000,0.0000,17.8400,46.4997,0.0000,0.0000,0.0000,0.0000,0.0000,0.0000,6.7500,0.0000,0.0000,217.2700,0.0000,80.6200,0.0000,0.0000,0.0000,0.0000,0.0000,0.0000,0.0000,0.0000,0.0000,0.0000,0.0000,0.0000,0.0000,0.0000,0.0000,0.0000,0.0000,0.0000,0.0000,1.6500,12.3700,0.0000,1361.4079,583.89,0.00,16.7354,0.00,1928.5625
61,BRPL,59DSBRPL2022/10/03,0.0000,0.0000,0.0000,0.0000,0.0000,0.0000,0.0000,0.0000,94.3800,0.0000,11.6195,0.0000,0.0000,0.0000,0.0000,0.0000,14.4900,62.8700,29.8100,0.0000,74.0087,0.0000,0.0000,0.0000,0.0000,0.0000,13.9900,0.0000,0.0000,0.0000,0.0000,0.0000,155.5300,0.0000,0.0000,8.8000,54.9800,50.1800,70.8900,49.5500,25.3700,9.2700,18.0100,11.2100,19.8800,41.7800,0.0000,0.0000,0.0000,0.0000,0.0000,27.4600,5.9500,0.0000,0.0000,23.7800,0.0000,0.0000,0.0000,21.4700,7.8700,0.0000,0.0000,0.0000,5.6300,4.8600,0.0000,5.5900,4.1100,7.7500,19.3600,0.0000,25.1600,4.8400,2.7900,0.0000,0.0000,0.0000,0.0000,0.0000,0.0000,0.0000,18.5400,46.4997,0.0000,0.0000,0.0000,0.0000,0.0000,0.0000,8.2300,0.0000,0.0000,206.2500,0.0000,75.4500,0.0000,0.0000,0.0000,0.0000,0.0000,0.0000,0.0000,0.0000,0.0000,0.0000,0.0000,0.0000,0.0000,0.0000,0.0000,0.0000,0.0000,0.0000,0.0000,2.0400,9.2600,0.0000,1349.5079,541.98,0.00,16.2684,0.00,1875.2195
62,BRPL,59DSBRPL2022/10/03,0.0000,0.0000,0.0000,0.0000,0.0000,0.0000,0.0000,0.0000,94.3800,0.0000,11.6195,0.0000,0.0000,0.0000,0.0000,0.0000,14.4900,62.8700,29.8100,0.0000,74.0087,0.0000,0.0000,0.0000,0.0000,0.0000,13.1300,0.0000,0.0000,0.0000,0.0000,0.0000,155.5300,0.0000,0.0000,8.8000,54.9800,50.1800,70.8900,49.5500,25.3700,9.2700,18.0100,11.2100,19.8800,41.7800,0.0000,0.0000,0.0000,0.0000,0.0000,31.3000,5.9500,0.0000,0.0000,23.7800,0.0000,0.0000,0.0000,21.4700,7.8700,0.0000,0.0000,0.0000,5.6300,4.8600,0.0000,5.5900,4.1100,7.7500,19.3600,0.0000,25.1600,4.8400,2.7900,0.0000,0.0000,0.0000,0.0000,0.0000,0.0000,0.0000,20.8700,46.4997,0.0000,0.0000,0.0000,0.0000,0.0000,0.0000,9.8700,0.0000,0.0000,193.6600,0.0000,68.9700,0.0000,0.0000,0.0000,0.0000,0.0000,0.0000,0.0000,0.0000,0.0000,0.0000,0.0000,0.0000,0.0000,0.0000,0.0000,0.0000,0.0000,0.0000,0.0000,2.5800,9.7400,0.0000,1338.4079,600.22,0.00,16.6908,0.00,1921.9371
63,BRPL,59DSBRPL2022/10/03,0.0000,0.0000,0.0000,0.0000,0.0000,0.0000,0.0000,0.0000,94.3800,0.0000,11.6195,0.0000,0.0000,0.0000,0.0000,0.0000,14.4900,62.8700,29.8100,0.0000,74.0087,0.0000,0.0000,0.0000,0.0000,0.0000,12.1400,0.0000,0.0000,0.0000,0.0000,0.0000,155.5300,0.0000,0.0000,8.8000,54.9800,50.1800,70.8900,49.5500,25.3700,9.2700,18.0100,11.2100,19.8800,41.7800,0.0000,0.0000,0.0000,0.0000,0.0000,31.3000,5.9500,0.0000,0.0000,24.0600,0.0000,0.0000,0.0000,21.4700,7.8700,0.0000,0.0000,0.0000,5.6300,4.8600,0.0000,5.5900,4.1100,7.7500,19.3600,0.0000,16.7700,4.8400,2.7900,0.0000,0.0000,0.0000,0.0000,0.0000,0.0000,0.0000,14.3500,46.4997,0.0000,0.0000,0.0000,0.0000,0.0000,0.0000,11.6900,0.0000,0.0000,179.7000,0.0000,65.0000,0.0000,0.0000,0.0000,0.0000,0.0000,0.0000,0.0000,0.0000,0.0000,0.0000,0.0000,0.0000,0.0000,0.0000,0.0000,0.0000,0.0000,0.0000,0.0000,2.1000,10.5900,0.0000,1307.0479,560.33,0.00,16.0725,0.00,1851.3054
64,BRPL,59DSBRPL2022/10/03,0.0000,0.0000,0.0000,0.0000,0.0000,0.0000,0.0000,0.0000,94.3800,0.0000,11.6195,0.0000,0.0000,0.0000,0.0000,0.0000,14.4900,62.8700,36.2000,0.0000,74.0087,0.0000,0.0000,0.0000,0.0000,0.0000,11.0100,0.0000,0.0000,0.0000,0.0000,0.0000,155.5300,0.0000,0.0000,8.8000,54.9800,50.1800,70.8900,49.5500,25.3700,9.2700,18.0100,11.2100,19.8800,41.7800,0.0000,0.0000,0.0000,0.0000,0.0000,31.3000,5.9500,0.0000,0.0000,24.0600,0.0000,0.0000,0.0000,21.4700,7.8700,0.0000,0.0000,0.0000,5.6300,4.8600,5.9700,5.5900,4.1100,7.7500,19.3600,1.3400,16.7700,4.8400,2.7900,0.0000,0.0000,0.0000,0.0000,0.0000,0.0000,0.0000,15.6800,46.4997,0.0000,0.0000,0.0000,0.0000,0.0000,0.0000,13.9400,0.0000,0.0000,164.3700,0.0000,60.5800,0.0000,0.0000,0.0000,0.0000,0.0000,0.0000,0.0000,0.0000,0.0000,0.0000,0.0000,0.0000,0.0000,0.0000,0.0000,0.0000,0.0000,0.0000,0.0000,2.3600,11.0000,0.0000,1304.1179,567.41,0.00,16.1189,0.00,1855.4090
65,BRPL,59DSBRPL2022/10/03,0.0000,0.0000,0.0000,0.0000,0.0000,0.0000,0.0000,0.0000,94.3800,0.0000,11.6195,0.0000,0.0000,0.0000,0.0000,0.0000,14.5100,67.7100,36.2000,0.0000,74.0087,0.0000,0.0000,0.0000,0.0000,0.0000,9.8200,0.0000,0.0000,0.0000,0.0000,0.0000,155.5300,0.0000,0.0000,8.8000,54.9800,50.1800,70.8900,49.5500,25.3700,9.2700,18.0100,11.2100,19.8800,41.7800,0.0000,0.0000,0.0000,0.0000,0.0000,31.3000,5.9500,0.0000,0.0000,24.0600,0.0000,0.0000,0.0000,21.4700,7.8700,0.0000,0.0000,0.0000,5.6300,4.8600,5.9700,5.5900,4.1100,7.7500,19.3600,6.4200,16.7700,4.8400,0.4600,0.0000,0.0000,0.0000,0.0000,0.0000,0.0000,0.0000,17.3800,46.4997,0.0000,0.0000,0.0000,0.0000,0.0000,0.0000,15.1400,0.0000,0.0000,147.4300,0.0000,56.5100,0.0000,0.0000,0.0000,0.0000,0.0000,0.0000,0.0000,0.0000,0.0000,0.0000,0.0000,0.0000,0.0000,0.0000,0.0000,0.0000,0.0000,0.0000,0.0000,2.5000,11.4800,0.0000,1293.0479,555.31,0.00,15.9255,0.00,1832.4324
66,BRPL,59DSBRPL2022/10/03,0.0000,0.0000,0.0000,0.0000,0.0000,0.0000,0.0000,0.0000,94.3800,0.0000,11.6195,0.0000,0.0000,0.0000,0.0000,0.0000,14.5100,67.7100,36.2000,0.0000,74.0087,0.0000,0.0000,0.0000,0.0000,0.0000,8.7100,0.0000,0.0000,0.0000,0.0000,0.0000,155.5300,0.0000,0.0000,8.8000,54.9800,50.1800,70.8900,49.5500,25.3700,9.2700,18.0100,11.2100,19.8800,41.7800,0.0000,0.0000,0.0000,0.0000,0.0000,31.3000,5.9500,0.0000,0.0000,24.0600,0.0000,0.0000,0.0000,21.4700,7.8700,0.0000,0.0000,0.0000,5.6300,4.8600,5.9700,5.5900,4.1100,7.7500,19.3600,6.4200,16.7700,4.8400,0.4600,0.0000,0.0000,0.0000,0.0000,0.0000,0.0000,0.0000,18.8400,46.4997,0.0000,0.0000,0.0000,0.0000,0.0000,0.0000,16.5500,0.0000,0.0000,129.2300,0.0000,52.7600,0.0000,0.0000,0.0000,0.0000,0.0000,0.0000,0.0000,0.0000,0.0000,0.0000,0.0000,0.0000,0.0000,0.0000,0.0000,0.0000,0.0000,0.0000,0.0000,2.7600,12.0600,0.0000,1273.6979,607.58,0.00,16.2250,0.00,1865.0529
67,BRPL,59DSBRPL2022/10/03,0.0000,0.0000,0.0000,0.0000,0.0000,0.0000,0.0000,0.0000,94.3800,0.0000,11.6195,0.0000,0.0000,0.0000,0.0000,0.0000,14.5100,67.7100,28.1600,0.0000,70.0000,0.0000,0.0000,0.0000,0.0000,0.0000,7.5100,0.0000,0.0000,0.0000,0.0000,0.0000,155.5300,0.0000,0.0000,8.8000,58.3400,50.1800,70.8900,49.5500,25.3700,9.2700,18.0100,11.2100,19.8800,41.7800,0.0000,0.0000,0.0000,0.0000,0.0000,41.7400,5.9500,0.0000,0.0000,24.3500,0.0000,0.0000,0.0000,21.4700,7.8700,0.0000,0.0000,0.0000,6.5700,4.8600,11.9400,5.5900,4.1100,11.4800,19.3600,6.4200,16.7700,4.8400,0.4600,0.0000,0.0000,0.0000,0.0000,0.0000,0.0000,0.0000,10.0300,46.4997,0.0000,0.0000,0.0000,0.0000,0.0000,0.0000,12.7800,0.0000,0.0000,110.1800,0.0000,47.1000,0.0000,0.0000,0.0000,0.0000,0.0000,0.0000,0.0000,0.0000,0.0000,0.0000,0.0000,0.0000,0.0000,0.0000,0.0000,0.0000,0.0000,0.0000,0.0000,3.0000,12.6400,0.0000,1248.7092,655.83,0.00,16.4402,0.00,1888.0990
68,BRPL,59DSBRPL2022/10/03,0.0000,0.0000,0.0000,0.0000,0.0000,0.0000,0.0000,0.0000,94.3800,0.0000,11.6195,0.0000,0.0000,0.0000,0.0000,0.0000,14.5100,67.7100,28.1600,0.0000,70.0000,0.0000,0.0000,0.0000,0.0000,0.0000,6.2500,0.0000,0.0000,0.0000,0.0000,0.0000,155.5300,0.0000,0.0000,8.8000,58.3400,50.1800,70.8900,49.5500,25.3700,9.2700,18.0100,11.2100,19.8800,41.7800,0.0000,0.0000,0.0000,0.0000,0.0000,41.7400,5.9500,2.2500,0.0000,24.3500,0.0000,0.0000,0.0000,21.4700,7.8700,0.0000,0.0000,0.0000,6.5700,4.8600,11.9400,5.5900,4.1100,11.4800,19.3600,6.4200,16.7700,4.8400,0.4600,0.0000,0.0000,0.0000,0.0000,0.0000,0.0000,0.0000,10.3500,46.4997,0.0000,0.0000,0.0000,0.0000,0.0000,0.0000,12.7700,0.0000,0.0000,90.8000,0.0000,40.7700,0.0000,0.0000,0.0000,0.0000,0.0000,0.0000,0.0000,0.0000,0.0000,0.0000,0.0000,0.0000,0.0000,0.0000,0.0000,0.0000,0.0000,0.0000,0.0000,3.1900,13.0500,0.0000,1224.8992,662.80,0.00,16.3031,0.00,1871.3961
69,BRPL,59DSBRPL2022/10/03,0.0000,0.0000,0.0000,0.0000,0.0000,0.0000,0.0000,0.0000,94.3800,0.0000,12.5934,0.0000,0.0000,0.0000,0.0000,0.0000,14.5100,67.7100,28.1600,0.0000,70.0000,0.0000,0.0000,0.0000,0.0000,0.0000,5.0300,0.0000,0.0000,0.0000,0.0000,0.0000,155.5300,0.0000,0.0000,8.8000,58.3400,50.1800,70.8900,49.5500,25.3700,9.2700,18.0100,11.2100,19.8800,41.7800,0.0000,0.0000,0.0000,0.0000,0.0000,41.7400,5.9500,2.2500,0.0000,24.3500,0.0000,0.0000,0.0000,21.4700,7.8700,0.0000,0.0000,0.0000,7.5100,4.8600,11.9400,5.5900,4.1100,11.4800,19.3600,6.4200,16.7700,4.8400,2.7900,0.0000,0.0000,0.0000,0.0000,0.0000,0.0000,0.0000,10.7200,43.3202,0.0000,0.0000,0.0000,0.0000,0.0000,0.0000,12.9400,0.0000,0.0000,71.5900,0.0000,34.1900,0.0000,0.0000,0.0000,0.0000,0.0000,0.0000,0.0000,0.0000,0.0000,0.0000,0.0000,0.0000,0.0000,0.0000,0.0000,0.0000,0.0000,0.0000,0.0000,3.1000,13.1100,0.0000,1199.4636,717.97,0.00,16.6035,0.00,1900.8301
70,BRPL,59DSBRPL2022/10/03,0.0000,0.0000,0.0000,0.0000,0.0000,0.0000,0.0000,0.0000,94.3800,0.0000,12.5934,0.0000,0.0000,0.0000,0.0000,0.0000,14.5100,67.7100,29.8100,0.0000,70.0000,0.0000,0.0000,0.0000,0.0000,0.0000,3.7200,0.0000,0.0000,0.0000,0.0000,0.0000,155.5300,0.0000,0.0000,8.8000,58.3400,50.1800,70.8900,49.5500,25.3700,9.2700,18.0100,11.2100,19.8800,41.7800,0.0000,0.0000,0.0000,0.0000,0.0000,41.7400,5.9500,2.2500,0.0000,24.3500,0.0000,0.0000,0.0000,21.4700,7.8700,0.0000,0.0000,0.0000,7.5100,4.8600,17.7000,5.5900,4.1100,11.4800,19.3600,6.4200,16.7700,4.8400,2.7900,0.0000,0.0000,0.0000,0.0000,0.0000,0.0000,0.0000,11.2800,32.3751,0.0000,0.0000,0.0000,0.0000,0.0000,0.0000,13.0100,0.0000,0.0000,53.1900,0.0000,26.4600,0.0000,0.0000,0.0000,0.0000,0.0000,0.0000,0.0000,0.0000,0.0000,0.0000,0.0000,0.0000,0.0000,0.0000,0.0000,0.0000,0.0000,0.0000,0.0000,3.1800,13.5100,0.0000,1169.5985,732.25,0.00,16.5742,0.00,1885.2743
71,BRPL,59DSBRPL2022/10/03,0.0000,0.0000,0.0000,0.0000,0.0000,0.0000,0.0000,0.0000,94.3800,0.0000,12.5934,0.0000,0.0000,0.0000,0.0000,0.0000,14.5100,67.7100,29.8100,0.0000,70.0000,0.0000,0.0000,0.0000,0.0000,0.0000,2.5700,0.0000,0.0000,0.0000,0.0000,0.0000,155.5300,0.0000,0.0000,8.8000,58.3400,50.1800,70.8900,49.5500,25.3700,9.2700,18.0100,11.2100,19.8800,41.7800,0.0000,0.0000,0.0000,0.0000,0.0000,41.7400,12.5600,2.2500,0.0000,24.6400,0.0000,0.0000,0.0000,21.4700,7.8700,0.0000,0.0000,0.0000,7.5100,4.8600,17.7000,5.5900,4.1100,11.6200,19.3600,6.4200,16.7700,4.8400,2.7900,0.0000,0.0000,0.0000,0.0000,0.0000,0.0000,0.0000,11.7100,19.6902,0.0000,0.0000,0.0000,0.0000,0.0000,0.0000,13.1200,0.0000,0.0000,36.6800,0.0000,19.3300,0.0000,0.0000,0.0000,0.0000,0.0000,0.0000,0.0000,0.0000,0.0000,0.0000,0.0000,0.0000,0.0000,0.0000,0.0000,0.0000,0.0000,0.0000,0.0000,3.3100,13.5600,0.0000,1139.8836,793.38,0.00,16.9724,0.00,1916.2912
72,BRPL,59DSBRPL2022/10/03,0.0000,0.0000,0.0000,0.0000,0.0000,0.0000,0.0000,0.0000,94.3800,0.0000,12.5934,0.0000,0.0000,0.0000,0.0000,0.0000,38.3200,122.8200,29.8100,0.0000,99.6160,0.0000,0.0000,0.0000,0.0000,0.0000,1.5500,0.0000,0.0000,0.0000,0.0000,0.0000,155.5300,0.0000,0.0000,8.8000,58.3400,50.1800,70.8900,49.5500,25.3700,9.2700,18.0100,11.2100,19.8800,41.7800,0.0000,0.0000,0.0000,0.0000,0.0000,41.7400,12.5600,2.2500,0.0000,24.6400,0.0000,0.0000,0.0000,21.4700,7.8700,0.0000,0.0000,0.0000,7.5100,4.8600,17.7000,5.5900,4.1100,11.6200,19.3600,6.4200,16.7700,4.8400,2.7900,0.0000,0.0000,0.0000,0.0000,0.0000,0.0000,0.0000,12.0000,9.5048,0.0000,0.0000,0.0000,0.0000,0.0000,0.0000,13.4300,0.0000,0.0000,22.8900,0.0000,15.0000,0.0000,0.0000,0.0000,0.0000,0.0000,0.0000,0.0000,0.0000,0.0000,0.0000,0.0000,0.0000,0.0000,0.0000,0.0000,0.0000,0.0000,0.0000,0.0000,3.4400,13.8600,0.0000,1220.1242,699.67,0.00,16.9525,0.00,1902.8417
73,BRPL,59DSBRPL2022/10/03,0.0000,0.0000,0.0000,0.0000,0.0000,0.0000,0.0000,0.0000,94.3800,0.0000,12.5934,0.0000,0.0000,0.0000,0.0000,0.0000,38.3200,122.8200,35.4000,0.0000,96.1362,0.0000,0.0000,0.0000,0.0000,0.0000,0.7900,0.0000,0.0000,0.0000,0.0000,0.0000,155.5300,0.0000,0.0000,8.8000,58.3400,24.0900,70.8900,49.0700,25.3800,9.2700,18.0100,11.2100,19.8800,41.7800,0.0000,0.0000,0.0000,0.0000,0.0000,41.7400,12.5600,4.4900,0.0000,24.6400,0.0000,0.0000,0.0000,21.4700,7.8700,0.0000,0.0000,0.0000,7.5100,4.8600,17.7000,5.5900,4.1100,11.6200,21.0000,2.1400,16.7700,4.8400,2.7900,0.0000,0.0000,0.0000,0.0000,0.0000,0.0000,0.0000,12.5900,0.0000,0.0000,0.0000,0.0000,0.0000,0.0000,0.0000,13.5700,0.0000,0.0000,12.6600,0.0000,12.0000,0.0000,0.0000,0.0000,0.0000,0.0000,0.0000,0.0000,0.0000,0.0000,0.0000,0.0000,0.0000,0.0000,0.0000,0.0000,0.0000,0.0000,0.0000,0.0000,5.7400,14.1300,0.0000,1175.0796,764.32,0.00,17.2153,0.00,1922.1843
74,BRPL,59DSBRPL2022/10/03,0.0000,0.0000,0.0000,0.0000,0.0000,0.0000,0.0000,0.0000,94.3800,0.0000,12.5934,0.0000,0.0000,0.0000,0.0000,0.0000,38.3200,122.8200,53.6800,0.0000,96.1362,0.0000,0.0000,0.0000,0.0000,0.0000,0.2600,0.0000,0.0000,0.0000,0.0000,0.0000,155.5300,0.0000,0.0000,8.8000,58.3400,24.0900,70.8900,49.0700,25.3800,9.2700,18.0100,11.2100,19.8800,41.7800,0.0000,0.0000,0.0000,0.0000,0.0000,41.7400,12.5600,6.6900,0.0000,24.6400,0.0000,0.0000,0.0000,21.4700,7.8700,0.0000,0.0000,0.0000,7.5100,4.8600,17.7000,6.9400,4.1100,11.6200,21.0000,5.3400,16.7700,4.8400,2.7900,0.0000,0.0000,0.0000,0.0000,0.0000,0.0000,0.0000,13.6200,0.0000,0.0000,0.0000,0.0000,0.0000,0.0000,0.0000,23.0800,0.0000,0.0000,5.9100,0.0000,9.6700,0.0000,0.0000,0.0000,0.0000,0.0000,0.0000,0.0000,0.0000,0.0000,0.0000,0.0000,0.0000,0.0000,0.0000,0.0000,0.0000,0.0000,0.0000,0.0000,5.7300,14.3900,0.0000,1201.2896,753.50,0.00,17.3554,0.00,1937.4342
75,BRPL,59DSBRPL2022/10/03,0.0000,0.0000,0.0000,0.0000,0.0000,0.0000,0.0000,0.0000,94.3800,0.0000,12.5934,0.0000,0.0000,0.0000,0.0000,0.0000,38.3200,122.8200,58.8600,0.0000,96.1362,0.0000,0.0000,0.0000,0.0000,0.0000,0.0000,0.0000,0.0000,0.0000,0.0000,0.0000,155.5300,0.0000,0.0000,8.8000,58.3400,24.0900,70.8900,49.0700,25.3800,9.2700,18.0100,11.2100,19.8800,41.7800,0.0000,0.0000,0.0000,0.0000,0.0000,41.7400,17.8500,6.6900,0.0000,24.6400,0.0000,0.0000,0.0000,21.4700,7.8700,0.0000,0.0000,0.0000,6.5700,4.8600,17.7000,16.5900,8.2200,15.3500,21.0000,13.9000,25.1600,4.8400,2.7900,0.0000,0.0000,0.0000,0.0000,0.0000,0.0000,0.0000,16.1000,0.0000,0.0000,0.0000,0.0000,0.0000,0.0000,0.0000,23.5100,0.0000,0.0000,2.2000,0.0000,6.6700,0.0000,0.0000,0.0000,0.0000,0.0000,0.0000,0.0000,0.0000,0.0000,0.0000,0.0000,0.0000,0.0000,0.0000,0.0000,0.0000,0.0000,0.0000,0.0000,5.7200,15.8000,0.0000,1242.5996,733.02,0.00,17.5410,0.00,1958.0786
76,BRPL,59DSBRPL2022/10/03,0.0000,0.0000,0.0000,0.0000,0.0000,0.0000,0.0000,0.0000,94.3800,0.0000,12.5934,0.0000,0.0000,0.0000,0.0000,0.0000,38.3200,122.8200,58.9400,0.0000,97.0818,0.0000,0.0000,0.0000,0.0000,0.0000,0.0000,0.0000,0.0000,0.0000,0.0000,0.0000,155.5300,0.0000,0.0000,8.8000,58.3400,24.0900,70.8900,49.0700,25.3800,9.2700,18.0100,11.2100,19.8800,41.7800,0.0000,0.0000,0.0000,0.0000,0.0000,41.7400,20.2300,6.6900,0.0000,24.6400,0.0000,0.0000,0.0000,21.4700,7.8700,0.0000,0.0000,0.0000,6.5700,4.8600,17.7000,16.5900,12.3300,15.3500,21.0000,13.9000,41.9200,4.8400,8.2600,0.0000,0.0000,0.0000,0.0000,0.0000,0.0000,0.0000,17.9200,0.0000,0.0000,0.0000,0.0000,0.0000,0.0000,0.0000,23.9200,0.0000,0.0000,0.5700,0.0000,4.6700,0.0000,0.0000,0.0000,0.0000,0.0000,0.0000,0.0000,0.0000,0.0000,0.0000,0.0000,0.0000,0.0000,0.0000,0.0000,0.0000,0.0000,0.0000,0.0000,5.7000,16.2200,0.0000,1271.3452,714.92,0.00,17.6347,0.00,1968.6305
77,BRPL,59DSBRPL2022/10/03,0.0000,0.0000,0.0000,0.0000,0.0000,0.0000,0.0000,0.0000,94.3800,0.0000,12.5934,0.0000,0.0000,0.0000,0.0000,0.0000,38.3200,122.8200,59.1800,0.0000,97.0818,0.0000,0.0000,0.0000,0.0000,0.0000,0.0000,0.0000,0.0000,0.0000,0.0000,0.0000,155.5300,0.0000,0.0000,8.8000,58.3400,24.0900,70.8900,49.0700,25.3800,9.2700,18.0100,11.2100,19.8800,41.7800,0.0000,0.0000,0.0000,0.0000,0.0000,41.7400,20.2200,6.6900,0.0000,24.9200,0.0000,0.0000,0.0000,21.4700,7.8700,0.0000,0.0000,0.0000,6.5700,4.8600,17.8800,16.5900,12.3300,15.5300,21.0000,14.0700,57.8600,4.8400,8.2600,0.0000,0.0000,0.0000,0.0000,0.0000,0.0000,0.0000,18.0800,0.0000,0.0000,0.0000,0.0000,0.0000,0.0000,0.0000,24.5400,0.0000,0.0000,0.0700,0.0000,2.3300,0.0000,0.0000,0.0000,0.0000,0.0000,0.0000,0.0000,0.0000,0.0000,0.0000,0.0000,0.0000,0.0000,0.0000,0.0000,0.0000,0.0000,0.0000,0.0000,5.5100,16.3500,0.0000,1286.2052,662.52,0.00,17.3044,0.00,1931.4208
78,BRPL,59DSBRPL2022/10/03,0.0000,0.0000,0.0000,0.0000,0.0000,0.0000,0.0000,0.0000,94.3800,0.0000,12.5934,0.0000,0.0000,0.0000,0.0000,0.0000,38.3200,122.8200,59.6200,0.0000,97.0818,0.0000,0.0000,0.0000,0.0000,0.0000,0.0000,0.0000,0.0000,0.0000,0.0000,0.0000,155.5300,0.0000,0.0000,8.8000,58.3400,24.0900,70.8900,49.0700,25.3800,9.2700,18.0100,11.2100,19.8800,41.7800,0.0000,0.0000,0.0000,0.0000,0.0000,41.7400,20.2200,6.6900,0.0000,24.9200,0.0000,0.0000,0.0000,21.4700,7.8700,0.0000,0.0000,0.0000,6.5700,4.8600,17.8800,16.5900,12.3300,15.5300,21.0000,14.0700,57.8600,4.8400,8.2600,0.0000,0.0000,0.0000,0.0000,0.0000,0.0000,0.0000,17.7700,0.0000,0.0000,0.0000,0.0000,0.0000,0.0000,0.0000,25.0100,0.0000,0.0000,0.0000,0.0000,0.6700,0.0000,0.0000,0.0000,0.0000,0.0000,0.0000,0.0000,0.0000,0.0000,0.0000,0.0000,0.0000,0.0000,0.0000,0.0000,0.0000,0.0000,0.0000,0.0000,5.5500,16.2900,0.0000,1285.0552,669.89,0.00,17.3591,0.00,1937.5861
79,BRPL,59DSBRPL2022/10/03,0.0000,0.0000,0.0000,0.0000,0.0000,0.0000,0.0000,0.0000,94.3800,0.0000,12.5934,0.0000,0.0000,0.0000,0.0000,0.0000,38.3200,122.8200,59.6200,0.0000,97.0818,0.0000,0.0000,0.0000,0.0000,0.0000,0.0000,0.0000,0.0000,0.0000,0.0000,0.0000,155.5300,0.0000,0.0000,8.8000,58.3400,24.0900,70.8900,49.0700,25.3800,9.2700,18.0100,11.2100,19.8800,41.7800,0.0000,0.0000,0.0000,0.0000,0.0000,41.7400,20.2200,6.6900,0.0000,24.9200,0.0000,0.0000,0.0000,21.4700,7.5000,0.0000,0.0000,0.0000,16.8800,13.6300,17.8800,16.5900,12.3300,15.5300,21.0000,14.0700,57.8600,4.8400,8.2600,0.0000,0.0000,0.0000,0.0000,0.0000,0.0000,0.0000,17.7300,0.0000,0.0000,0.0000,0.0000,0.0000,0.0000,0.0000,25.1100,0.0000,0.0000,0.0000,0.0000,0.0000,0.0000,0.0000,0.0000,0.0000,0.0000,0.0000,0.0000,0.0000,0.0000,0.0000,0.0000,0.0000,0.0000,0.0000,0.0000,0.0000,0.0000,0.0000,0.0000,5.5300,16.2700,0.0000,1303.1152,613.69,0.00,17.0235,0.00,1899.7817
80,BRPL,59DSBRPL2022/10/03,0.0000,0.0000,0.0000,0.0000,0.0000,0.0000,0.0000,0.0000,94.3800,0.0000,12.5934,0.0000,0.0000,0.0000,0.0000,0.0000,38.3200,122.8200,59.6200,0.0000,97.0818,0.0000,0.0000,0.0000,0.0000,0.0000,0.0000,0.0000,0.0000,0.0000,0.0000,0.0000,155.5300,0.0000,0.0000,8.8000,58.3400,24.0900,70.8900,49.0700,25.3800,9.2700,18.0100,11.2100,19.8800,41.7800,0.0000,0.0000,0.0000,0.0000,0.0000,41.7400,20.2200,6.6900,0.0000,24.9200,0.0000,0.0000,0.0000,21.4700,7.5000,0.0000,0.0000,0.0000,16.8800,13.6300,17.8800,16.5900,12.3300,15.5300,21.0000,14.0700,57.8600,4.8400,8.2600,0.0000,0.0000,0.0000,0.0000,0.0000,0.0000,0.0000,18.5100,0.0000,0.0000,0.0000,0.0000,0.0000,0.0000,0.0000,25.1700,0.0000,0.0000,0.0000,0.0000,0.0000,0.0000,0.0000,0.0000,0.0000,0.0000,0.0000,0.0000,0.0000,0.0000,0.0000,0.0000,0.0000,0.0000,0.0000,0.0000,0.0000,0.0000,0.0000,0.0000,5.5000,20.8600,0.0000,1308.5152,638.50,0.00,17.2893,0.00,1929.7259
81,BRPL,59DSBRPL2022/10/03,0.0000,0.0000,0.0000,0.0000,0.0000,0.0000,0.0000,0.0000,94.3800,0.0000,12.5934,0.0000,0.0000,0.0000,0.0000,0.0000,38.3200,122.8200,59.6200,0.0000,97.7122,0.0000,0.0000,0.0000,0.0000,0.0000,0.0000,0.0000,0.0000,0.0000,0.0000,0.0000,155.5300,0.0000,0.0000,8.8000,61.6800,24.0900,70.8900,49.0700,25.3800,9.2700,18.0100,11.2100,19.8800,41.7800,0.0000,0.0000,0.0000,0.0000,0.0000,41.7400,20.2200,6.6900,0.0000,25.2100,0.0000,0.0000,0.0000,21.4700,7.5000,0.0000,0.0000,0.0000,5.6300,12.5800,17.8800,16.5900,12.3300,15.5300,21.0000,6.4900,41.9200,4.8400,8.2600,0.0000,0.0000,0.0000,0.0000,0.0000,0.0000,0.0000,19.3800,0.0000,0.0000,0.0000,0.0000,0.0000,0.0000,0.0000,25.1600,0.0000,0.0000,0.0000,0.0000,0.0000,0.0000,0.0000,0.0000,0.0000,0.0000,0.0000,0.0000,0.0000,0.0000,0.0000,0.0000,0.0000,0.0000,0.0000,0.0000,0.0000,0.0000,0.0000,0.0000,4.5000,20.8700,0.0000,1276.8256,603.54,0.00,16.7028,0.00,1863.6628
82,BRPL,59DSBRPL2022/10/03,0.0000,0.0000,0.0000,0.0000,0.0000,0.0000,0.0000,0.0000,94.3800,0.0000,12.5934,0.0000,0.0000,0.0000,0.0000,0.0000,38.3200,122.8200,59.6200,0.0000,97.7122,0.0000,0.0000,0.0000,0.0000,0.0000,0.0000,0.0000,0.0000,0.0000,0.0000,0.0000,155.5300,0.0000,0.0000,8.8000,61.6800,24.0900,70.8900,49.0700,25.3800,9.2700,18.0100,11.2100,19.8800,41.7800,0.0000,0.0000,0.0000,0.0000,0.0000,41.7400,20.2200,6.6900,0.0000,25.2100,0.0000,0.0000,0.0000,21.4700,7.5000,0.0000,0.0000,0.0000,5.6300,12.5800,17.8800,16.5900,12.3300,15.5300,21.0000,5.9500,25.1600,4.8400,8.2600,0.0000,0.0000,0.0000,0.0000,0.0000,0.0000,0.0000,21.0400,0.0000,0.0000,0.0000,0.0000,0.0000,0.0000,0.0000,25.1700,0.0000,0.0000,0.0000,0.0000,0.0000,0.0000,0.0000,0.0000,0.0000,0.0000,0.0000,0.0000,0.0000,0.0000,0.0000,0.0000,0.0000,0.0000,0.0000,0.0000,0.0000,0.0000,0.0000,0.0000,4.5200,20.8300,0.0000,1261.1756,657.72,0.00,17.0419,0.00,1901.8537
83,BRPL,59DSBRPL2022/10/03,0.0000,0.0000,0.0000,0.0000,0.0000,0.0000,0.0000,0.0000,94.3800,0.0000,12.5934,0.0000,0.0000,0.0000,0.0000,0.0000,38.3200,122.8200,59.6200,0.0000,99.6160,0.0000,0.0000,0.0000,0.0000,0.0000,0.0000,0.0000,0.0000,0.0000,0.0000,0.0000,155.5300,0.0000,0.0000,8.8000,61.6800,24.0900,70.8900,49.0700,25.3700,9.2700,18.0100,11.2100,19.7200,41.7800,0.0000,0.0000,0.0000,0.0000,0.0000,41.7400,20.2200,6.6900,0.0000,25.2100,0.0000,0.0000,0.0000,21.4700,7.5000,0.0000,0.0000,0.0000,5.6300,4.8600,17.8800,16.5900,12.3300,15.5300,21.0000,5.8800,16.7700,4.8400,8.2600,0.0000,0.0000,0.0000,0.0000,0.0000,0.0000,0.0000,21.2800,0.0000,0.0000,0.0000,0.0000,0.0000,0.0000,0.0000,25.0600,0.0000,0.0000,0.0000,0.0000,0.0000,0.0000,0.0000,0.0000,0.0000,0.0000,0.0000,0.0000,0.0000,0.0000,0.0000,0.0000,0.0000,0.0000,0.0000,0.0000,0.0000,0.0000,0.0000,0.0000,4.5500,20.7300,0.0000,1246.7894,594.90,0.00,16.3625,0.00,1825.3269
84,BRPL,59DSBRPL2022/10/03,0.0000,0.0000,0.0000,0.0000,0.0000,0.0000,0.0000,0.0000,94.3800,0.0000,12.5934,0.0000,0.0000,0.0000,0.0000,0.0000,38.3200,122.8200,59.6200,0.0000,70.0000,0.0000,0.0000,0.0000,0.0000,0.0000,0.0000,0.0000,0.0000,0.0000,0.0000,0.0000,155.5300,0.0000,0.0000,8.8000,61.6800,24.0900,70.8900,49.0700,25.3700,9.2700,18.0100,11.2100,19.7200,41.7800,0.0000,0.0000,0.0000,0.0000,0.0000,41.7400,20.2200,6.6900,0.0000,25.2100,0.0000,0.0000,0.0000,21.4700,7.5000,0.0000,0.0000,0.0000,5.6300,4.8600,17.8800,16.5900,12.3300,15.5300,21.0000,5.8800,16.7700,4.8400,8.2600,0.0000,0.0000,0.0000,0.0000,0.0000,0.0000,0.0000,21.4800,0.0000,0.0000,0.0000,0.0000,0.0000,0.0000,0.0000,24.8200,0.0000,0.0000,0.0000,0.0000,0.0000,0.0000,0.0000,0.0000,0.0000,0.0000,0.0000,0.0000,0.0000,0.0000,0.0000,0.0000,0.0000,0.0000,0.0000,0.0000,0.0000,0.0000,0.0000,0.0000,4.5100,20.6300,0.0000,1216.9934,656.75,0.00,16.6445,0.00,1857.0989
85,BRPL,59DSBRPL2022/10/03,0.0000,0.0000,0.0000,0.0000,0.0000,0.0000,0.0000,0.0000,94.3800,0.0000,12.5934,0.0000,0.0000,0.0000,0.0000,0.0000,38.3200,67.7100,59.6200,0.0000,70.0000,0.0000,0.0000,0.0000,0.0000,0.0000,0.0000,0.0000,0.0000,0.0000,0.0000,0.0000,155.5300,0.0000,0.0000,8.8000,61.6800,24.0900,70.8900,49.0700,26.3800,9.2700,18.0100,11.2100,19.7200,41.7800,0.0000,0.0000,0.0000,0.0000,0.0000,41.7400,20.2200,6.6900,0.0000,25.2100,0.0000,0.0000,0.0000,21.4700,7.5000,0.0000,0.0000,0.0000,22.5100,4.8600,17.8800,16.5900,12.3300,15.5300,21.0000,5.8800,16.7700,4.8400,8.2600,0.0000,0.0000,0.0000,0.0000,0.0000,0.0000,0.0000,22.3800,0.0000,0.0000,0.0000,0.0000,0.0000,0.0000,0.0000,24.5100,0.0000,0.0000,0.0000,0.0000,0.0000,0.0000,0.0000,0.0000,0.0000,0.0000,0.0000,0.0000,0.0000,0.0000,0.0000,0.0000,0.0000,0.0000,0.0000,0.0000,0.0000,0.0000,0.0000,0.0000,4.3300,20.4200,0.0000,1179.9734,665.46,0.00,16.3954,0.00,1829.0380
86,BRPL,59DSBRPL2022/10/03,0.0000,0.0000,0.0000,0.0000,0.0000,0.0000,0.0000,0.0000,94.3800,0.0000,12.5934,0.0000,0.0000,0.0000,0.0000,0.0000,38.3200,67.7100,59.6200,0.0000,70.0000,0.0000,0.0000,0.0000,0.0000,0.0000,0.0000,0.0000,0.0000,0.0000,0.0000,0.0000,155.5300,0.0000,0.0000,8.8000,61.6800,24.0900,70.8900,49.0700,26.3800,9.2700,18.0100,11.2100,19.7200,41.7800,0.0000,0.0000,0.0000,0.0000,0.0000,41.7400,20.2200,6.6900,0.0000,25.2100,0.0000,0.0000,0.0000,21.4700,7.5000,0.0000,0.0000,0.0000,22.5100,4.8600,17.8800,16.5900,12.3300,15.5300,21.0000,5.8800,16.7700,4.8400,8.2600,0.0000,0.0000,0.0000,0.0000,0.0000,0.0000,0.0000,24.1400,0.0000,0.0000,0.0000,0.0000,0.0000,0.0000,0.0000,23.9600,0.0000,0.0000,0.0000,0.0000,0.0000,0.0000,0.0000,0.0000,0.0000,0.0000,0.0000,0.0000,0.0000,0.0000,0.0000,0.0000,0.0000,0.0000,0.0000,0.0000,0.0000,0.0000,0.0000,0.0000,4.0900,20.1700,0.0000,1180.6934,689.64,0.00,16.6145,0.00,1853.7189
87,BRPL,59DSBRPL2022/10/03,0.0000,0.0000,0.0000,0.0000,0.0000,0.0000,0.0000,0.0000,94.3800,0.0000,12.5934,0.0000,0.0000,0.0000,0.0000,0.0000,38.3200,67.7100,59.6200,0.0000,70.0000,0.0000,0.0000,0.0000,0.0000,0.0000,0.0000,0.0000,0.0000,0.0000,0.0000,0.0000,155.5300,0.0000,0.0000,8.8000,61.6800,24.0900,70.8900,49.5500,26.3800,9.2700,18.0100,11.2100,19.7200,41.7800,0.0000,0.0000,0.0000,0.0000,0.0000,41.7400,20.2200,6.6900,0.0000,25.2100,0.0000,0.0000,0.0000,21.4700,7.5000,0.0000,0.0000,0.0000,4.6900,5.7200,17.8800,16.5900,12.3300,15.5300,21.0000,1.3400,16.7700,4.8400,8.2600,0.0000,0.0000,0.0000,0.0000,0.0000,0.0000,0.0000,16.8700,0.0000,0.0000,0.0000,0.0000,0.0000,0.0000,0.0000,23.1600,0.0000,0.0000,0.0000,0.0000,0.0000,0.0000,0.0000,0.0000,0.0000,0.0000,0.0000,0.0000,0.0000,0.0000,0.0000,0.0000,0.0000,0.0000,0.0000,0.0000,0.0000,0.0000,0.0000,0.0000,3.6900,19.8600,0.0000,1150.8934,688.68,0.00,16.3438,0.00,1823.2296
88,BRPL,59DSBRPL2022/10/03,0.0000,0.0000,0.0000,0.0000,0.0000,0.0000,0.0000,0.0000,94.3800,0.0000,13.2948,0.0000,0.0000,0.0000,0.0000,0.0000,38.3200,67.7100,59.3000,0.0000,70.0000,0.0000,0.0000,0.0000,0.0000,0.0000,0.0000,0.0000,0.0000,0.0000,0.0000,0.0000,155.5300,0.0000,0.0000,8.8000,61.6800,24.0900,70.8900,49.5500,26.3800,9.2700,18.0100,11.2100,19.7200,41.7800,0.0000,0.0000,0.0000,0.0000,0.0000,41.7400,18.5200,6.6900,0.0000,25.3500,0.0000,0.0000,0.0000,21.4700,7.5000,0.0000,0.0000,0.0000,4.6900,5.7200,17.8800,16.5900,12.3300,15.5300,19.3600,1.3400,16.7700,4.8400,2.7900,0.0000,0.0000,0.0000,0.0000,0.0000,0.0000,0.0000,17.3400,0.0000,0.0000,0.0000,0.0000,0.0000,0.0000,0.0000,22.3800,0.0000,0.0000,0.0000,0.0000,0.0000,0.0000,0.0000,0.0000,0.0000,0.0000,0.0000,0.0000,0.0000,0.0000,0.0000,0.0000,0.0000,0.0000,0.0000,0.0000,0.0000,0.0000,0.0000,0.0000,3.3300,19.5100,0.0000,1141.5848,707.05,0.00,16.4236,0.00,1832.2112
89,BRPL,59DSBRPL2022/10/03,0.0000,0.0000,0.0000,0.0000,0.0000,0.0000,0.0000,0.0000,94.3800,0.0000,13.2948,0.0000,0.0000,0.0000,0.0000,0.0000,38.3200,67.7100,56.3200,0.0000,70.0000,0.0000,0.0000,0.0000,0.0000,0.0000,0.0000,0.0000,0.0000,0.0000,0.0000,0.0000,155.5300,0.0000,0.0000,8.8000,61.6800,24.0900,70.8900,50.0700,26.3800,9.2700,18.0100,11.2100,19.7200,41.7800,0.0000,0.0000,0.0000,0.0000,0.0000,41.7400,18.5200,6.6900,0.0000,25.3500,0.0000,0.0000,0.0000,21.4700,7.5000,0.0000,0.0000,0.0000,4.6900,4.8600,17.8800,16.5900,12.3300,11.6200,19.3600,1.3400,16.7700,4.8400,2.7900,0.0000,0.0000,0.0000,0.0000,0.0000,0.0000,0.0000,17.7400,0.0000,0.0000,0.0000,0.0000,0.0000,0.0000,0.0000,21.7000,0.0000,0.0000,0.0000,0.0000,0.0000,0.0000,0.0000,0.0000,0.0000,0.0000,0.0000,0.0000,0.0000,0.0000,0.0000,0.0000,0.0000,0.0000,0.0000,0.0000,0.0000,0.0000,0.0000,0.0000,3.0900,18.9900,0.0000,1133.3148,698.09,0.00,16.2719,0.00,1815.1329
90,BRPL,59DSBRPL2022/10/03,0.0000,0.0000,0.0000,0.0000,0.0000,0.0000,0.0000,0.0000,94.3800,0.0000,13.2948,0.0000,0.0000,0.0000,0.0000,0.0000,38.3200,67.7100,52.3000,0.0000,70.0000,0.0000,0.0000,0.0000,0.0000,0.0000,0.0000,0.0000,0.0000,0.0000,0.0000,0.0000,155.5300,0.0000,0.0000,8.8000,61.6800,24.0900,70.8900,50.0700,26.3800,9.2700,18.0100,11.2100,19.7200,41.7800,0.0000,0.0000,0.0000,0.0000,0.0000,41.7400,18.5200,6.6900,0.0000,25.3500,0.0000,0.0000,0.0000,21.4700,7.5000,0.0000,0.0000,0.0000,4.6900,4.8600,17.8800,16.5900,12.3300,11.6200,19.3600,1.3400,16.7700,4.8400,2.7900,0.0000,0.0000,0.0000,0.0000,0.0000,0.0000,0.0000,18.0700,0.0000,0.0000,0.0000,0.0000,0.0000,0.0000,0.0000,20.6700,0.0000,0.0000,0.0000,0.0000,0.0000,0.0000,0.0000,0.0000,0.0000,0.0000,0.0000,0.0000,0.0000,0.0000,0.0000,0.0000,0.0000,0.0000,0.0000,0.0000,0.0000,0.0000,0.0000,0.0000,3.1000,18.4200,0.0000,1128.0348,747.95,0.00,16.6643,0.00,1859.3205
91,BRPL,59DSBRPL2022/10/03,0.0000,0.0000,0.0000,0.0000,0.0000,0.0000,0.0000,0.0000,94.3800,0.0000,13.2948,0.0000,0.0000,0.0000,0.0000,0.0000,38.3200,67.7100,46.2600,0.0000,70.0000,0.0000,0.0000,0.0000,0.0000,0.0000,0.0000,0.0000,0.0000,0.0000,0.0000,0.0000,155.5300,0.0000,0.0000,8.8000,61.6800,24.0900,70.8900,50.0700,26.3800,9.2700,18.0100,11.2100,19.7200,41.7800,0.0000,0.0000,0.0000,0.0000,0.0000,41.7400,18.5200,6.6900,0.0000,25.3500,0.0000,0.0000,0.0000,21.4700,7.5000,0.0000,0.0000,0.0000,4.6900,4.8600,11.9400,16.5900,12.3300,11.6200,19.3600,1.3400,16.7700,4.8400,2.7900,0.0000,0.0000,0.0000,0.0000,0.0000,0.0000,0.0000,18.3200,0.0000,0.0000,0.0000,0.0000,0.0000,0.0000,0.0000,20.2200,0.0000,0.0000,0.0000,0.0000,0.0000,0.0000,0.0000,0.0000,0.0000,0.0000,0.0000,0.0000,0.0000,0.0000,0.0000,0.0000,0.0000,0.0000,0.0000,0.0000,0.0000,0.0000,0.0000,0.0000,3.0800,17.8100,0.0000,1115.2248,797.27,0.00,16.9855,0.00,1895.5093
92,BRPL,59DSBRPL2022/10/03,0.0000,0.0000,0.0000,0.0000,0.0000,0.0000,0.0000,0.0000,94.3800,0.0000,13.2948,0.0000,0.0000,0.0000,0.0000,0.0000,38.3200,67.7100,44.2500,0.0000,70.0000,0.0000,0.0000,0.0000,0.0000,0.0000,0.0000,0.0000,0.0000,0.0000,0.0000,0.0000,155.5300,0.0000,0.0000,8.8000,61.6800,24.0900,70.8900,50.0700,26.3800,9.2700,18.0100,11.2100,19.7200,41.7800,0.0000,0.0000,0.0000,0.0000,0.0000,39.7000,18.5200,6.6900,0.0000,25.5000,0.0000,0.0000,0.0000,21.4700,7.5000,0.0000,0.0000,0.0000,4.6900,4.8600,11.9400,16.5900,12.3300,11.6200,19.3600,0.0000,16.7700,4.8400,2.7900,0.0000,0.0000,0.0000,0.0000,0.0000,0.0000,0.0000,18.8700,0.0000,0.0000,0.0000,0.0000,0.0000,0.0000,0.0000,19.3500,0.0000,0.0000,0.0000,0.0000,0.0000,0.0000,0.0000,0.0000,0.0000,0.0000,0.0000,0.0000,0.0000,0.0000,0.0000,0.0000,0.0000,0.0000,0.0000,0.0000,0.0000,0.0000,0.0000,0.0000,4.0700,17.1200,0.0000,1109.9648,789.54,0.00,16.8712,0.00,1882.6336
93,BRPL,59DSBRPL2022/10/03,0.0000,0.0000,0.0000,0.0000,0.0000,0.0000,0.0000,0.0000,94.3800,0.0000,13.2948,0.0000,0.0000,0.0000,0.0000,0.0000,38.3200,67.7100,44.2500,0.0000,70.0000,0.0000,0.0000,0.0000,0.0000,0.0000,0.0000,0.0000,0.0000,0.0000,0.0000,0.0000,155.5300,0.0000,0.0000,8.8000,61.6800,24.0900,70.8900,50.0700,26.3800,9.2700,18.0100,11.2100,19.7200,41.7800,0.0000,0.0000,0.0000,0.0000,0.0000,33.7900,18.5200,6.6900,0.0000,25.5000,0.0000,0.0000,0.0000,21.4700,7.5000,0.0000,0.0000,0.0000,4.6900,4.8600,11.9400,16.5900,8.2200,11.6200,19.3600,0.0000,16.7700,4.8400,2.7900,0.0000,0.0000,0.0000,0.0000,0.0000,0.0000,0.0000,19.1100,0.0000,0.0000,0.0000,0.0000,0.0000,0.0000,0.0000,18.8300,0.0000,0.0000,0.0000,0.0000,0.0000,0.0000,0.0000,0.0000,0.0000,0.0000,0.0000,0.0000,0.0000,0.0000,0.0000,0.0000,0.0000,0.0000,0.0000,0.0000,0.0000,0.0000,0.0000,0.0000,4.0700,17.1900,0.0000,1099.7348,784.70,0.00,16.7386,0.00,1867.6962
94,BRPL,59DSBRPL2022/10/03,0.0000,0.0000,0.0000,0.0000,0.0000,0.0000,0.0000,0.0000,94.3800,0.0000,13.2948,0.0000,0.0000,0.0000,0.0000,0.0000,38.3200,67.7100,44.2500,0.0000,70.0000,0.0000,0.0000,0.0000,0.0000,0.0000,0.0000,0.0000,0.0000,0.0000,0.0000,0.0000,155.5300,0.0000,0.0000,8.8000,61.6800,24.0900,70.8900,50.0700,26.3800,9.2700,18.0100,11.2100,19.7200,41.7800,0.0000,0.0000,0.0000,0.0000,0.0000,31.3000,18.5200,6.0600,0.0000,25.5000,0.0000,0.0000,0.0000,21.4700,7.5000,0.0000,0.0000,0.0000,22.5100,4.8600,5.9700,16.5900,8.2200,11.6200,19.3600,0.0000,33.5400,4.8400,2.7900,0.0000,0.0000,0.0000,0.0000,0.0000,0.0000,0.0000,19.5100,0.0000,0.0000,0.0000,0.0000,0.0000,0.0000,0.0000,18.2200,0.0000,0.0000,0.0000,0.0000,0.0000,0.0000,0.0000,0.0000,0.0000,0.0000,0.0000,0.0000,0.0000,0.0000,0.0000,0.0000,0.0000,0.0000,0.0000,0.0000,0.0000,0.0000,0.0000,0.0000,4.0700,17.2600,0.0000,1125.0948,771.16,0.00,16.8426,0.00,1879.4122
95,BRPL,59DSBRPL2022/10/03,0.0000,0.0000,0.0000,0.0000,0.0000,0.0000,0.0000,0.0000,94.3800,0.0000,13.2948,0.0000,0.0000,0.0000,0.0000,0.0000,38.3200,67.7100,44.2500,0.0000,70.0000,0.0000,0.0000,0.0000,0.0000,0.0000,0.0000,0.0000,0.0000,0.0000,0.0000,0.0000,155.5300,0.0000,0.0000,8.8000,61.6800,24.0900,70.8900,50.0700,26.3800,9.2700,18.0100,11.2100,19.7200,41.7800,0.0000,0.0000,0.0000,0.0000,0.0000,20.8600,12.8900,4.4700,0.0000,25.7800,0.0000,0.0000,0.0000,21.4700,7.5000,0.0000,0.0000,0.0000,22.5100,4.8600,5.9700,11.0600,8.2200,11.6200,19.3600,0.0000,57.1900,4.8400,2.7900,0.0000,0.0000,0.0000,0.0000,0.0000,0.0000,0.0000,20.1700,0.0000,0.0000,0.0000,0.0000,0.0000,0.0000,0.0000,17.8000,0.0000,0.0000,0.0000,0.0000,0.0000,0.0000,0.0000,0.0000,0.0000,0.0000,0.0000,0.0000,0.0000,0.0000,0.0000,0.0000,0.0000,0.0000,0.0000,0.0000,0.0000,0.0000,0.0000,0.0000,4.0700,17.3400,0.0000,1126.1548,797.27,0.00,17.0817,0.00,1906.3431
96,BRPL,59DSBRPL2022/10/03,0.0000,0.0000,0.0000,0.0000,0.0000,0.0000,0.0000,0.0000,94.3800,0.0000,13.2948,0.0000,0.0000,0.0000,0.0000,0.0000,38.3200,67.7100,44.2500,0.0000,70.0000,0.0000,0.0000,0.0000,0.0000,0.0000,0.0000,0.0000,0.0000,0.0000,0.0000,0.0000,155.5300,0.0000,0.0000,8.8000,61.6800,24.0900,70.8900,50.0700,26.3800,9.2700,18.0100,11.2100,19.7200,41.7800,0.0000,0.0000,0.0000,0.0000,0.0000,20.8600,12.8900,4.4700,0.0000,25.7800,0.0000,0.0000,0.0000,21.4700,7.5000,0.0000,0.0000,0.0000,5.6300,4.8600,5.9700,11.0600,8.2200,11.6200,19.3600,0.0000,57.1900,4.8400,2.7900,0.0000,0.0000,0.0000,0.0000,0.0000,0.0000,0.0000,20.1600,0.0000,0.0000,0.0000,0.0000,0.0000,0.0000,0.0000,17.6900,0.0000,0.0000,0.0000,0.0000,0.0000,0.0000,0.0000,0.0000,0.0000,0.0000,0.0000,0.0000,0.0000,0.0000,0.0000,0.0000,0.0000,0.0000,0.0000,0.0000,0.0000,0.0000,0.0000,0.0000,4.0700,17.4100,0.0000,1109.2248,774.06,0.00,16.7285,0.00,1866.5563
,,,,,,,,,,,,,,,,,,,,,,,,,,,,,,,,,,,,,,,,,,,,,,,,,,,,,,,,,,,,,,,,,,,,,,,,,,,,,,,,,,,,,,,,,,,,,,,,,,,,,,,,,,,,,,,,,,,,,,,,,1150.6078,700.50,0.00,16.4453,0.00,1834.6625
,,,,,,,,,,,,,,,,,,,,,,,,,,,,,,,,,,,,,,,,,,,,,,,,,,,,,,,,,,,,,,,,,,,,,,,,,,,,,,,,,,,,,,,,,,,,,,,,,,,,,,,,,,,,,,,,,,,,,,,,,1136.7178,684.05,0.00,16.1783,0.00,1804.5895
,,,,,,,,,,,,,,,,,,,,,,,,,,,,,,,,,,,,,,,,,,,,,,,,,,,,,,,,,,,,,,,,,,,,,,,,,,,,,,,,,,,,,,,,,,,,,,,,,,,,,,,,,,,,,,,,,,,,,,,,,1128.5278,675.34,0.00,16.0296,0.00,1787.8382
,,,,,,,,,,,,,,,,,,,,,,,,,,,,,,,,,,,,,,,,,,,,,,,,,,,,,,,,,,,,,,,,,,,,,,,,,,,,,,,,,,,,,,,,,,,,,,,,,,,,,,,,,,,,,,,,,,,,,,,,,1109.5978,667.60,0.00,15.7949,0.00,1761.4029
,,,,,,,,,,,,,,,,,,,,,,,,,,,,,,,,,,,,,,,,,,,,,,,,,,,,,,,,,,,,,,,,,,,,,,,,,,,,,,,,,,,,,,,,,,,,,,,,,,,,,,,,,,,,,,,,,,,,,,,,,1091.1112,620.99,0.00,15.2221,0.00,1696.8791
,,,,,,,,,,,,,,,,,,,,,,,,,,,,,,,,,,,,,,,,,,,,,,,,,,,,,,,,,,,,,,,,,,,,,,,,,,,,,,,,,,,,,,,,,,,,,,,,,,,,,,,,,,,,,,,,,,,,,,,,,1080.7512,582.31,0.00,14.7905,0.00,1648.2707
,,,,,,,,,,,,,,,,,,,,,,,,,,,,,,,,,,,,,,,,,,,,,,,,,,,,,,,,,,,,,,,,,,,,,,,,,,,,,,,,,,,,,,,,,,,,,,,,,,,,,,,,,,,,,,,,,,,,,,,,,1075.2112,551.35,0.00,14.4693,0.00,1612.0919
,,,,,,,,,,,,,,,,,,,,,,,,,,,,,,,,,,,,,,,,,,,,,,,,,,,,,,,,,,,,,,,,,,,,,,,,,,,,,,,,,,,,,,,,,,,,,,,,,,,,,,,,,,,,,,,,,,,,,,,,,1074.9112,575.53,0.00,14.6795,0.00,1635.7617
,,,,,,,,,,,,,,,,,,,,,,,,,,,,,,,,,,,,,,,,,,,,,,,,,,,,,,,,,,,,,,,,,,,,,,,,,,,,,,,,,,,,,,,,,,,,,,,,,,,,,,,,,,,,,,,,,,,,,,,,,1053.5206,578.44,0.00,14.5168,0.00,1617.4438
,,,,,,,,,,,,,,,,,,,,,,,,,,,,,,,,,,,,,,,,,,,,,,,,,,,,,,,,,,,,,,,,,,,,,,,,,,,,,,,,,,,,,,,,,,,,,,,,,,,,,,,,,,,,,,,,,,,,,,,,,1062.7160,545.55,0.00,14.3083,0.00,1593.9577
,,,,,,,,,,,,,,,,,,,,,,,,,,,,,,,,,,,,,,,,,,,,,,,,,,,,,,,,,,,,,,,,,,,,,,,,,,,,,,,,,,,,,,,,,,,,,,,,,,,,,,,,,,,,,,,,,,,,,,,,,972.0600,616.16,0.00,14.1319,0.00,1574.0881
,,,,,,,,,,,,,,,,,,,,,,,,,,,,,,,,,,,,,,,,,,,,,,,,,,,,,,,,,,,,,,,,,,,,,,,,,,,,,,,,,,,,,,,,,,,,,,,,,,,,,,,,,,,,,,,,,,,,,,,,,970.5700,588.11,0.00,13.8720,0.00,1544.8080
,,,,,,,,,,,,,,,,,,,,,,,,,,,,,,,,,,,,,,,,,,,,,,,,,,,,,,,,,,,,,,,,,,,,,,,,,,,,,,,,,,,,,,,,,,,,,,,,,,,,,,,,,,,,,,,,,,,,,,,,,975.0000,592.95,0.00,13.9535,0.00,1553.9965
,,,,,,,,,,,,,,,,,,,,,,,,,,,,,,,,,,,,,,,,,,,,,,,,,,,,,,,,,,,,,,,,,,,,,,,,,,,,,,,,,,,,,,,,,,,,,,,,,,,,,,,,,,,,,,,,,,,,,,,,,966.6300,526.21,0.00,13.2926,0.00,1479.5474
,,,,,,,,,,,,,,,,,,,,,,,,,,,,,,,,,,,,,,,,,,,,,,,,,,,,,,,,,,,,,,,,,,,,,,,,,,,,,,,,,,,,,,,,,,,,,,,,,,,,,,,,,,,,,,,,,,,,,,,,,979.5749,531.05,0.00,13.4491,0.00,1497.1758
,,,,,,,,,,,,,,,,,,,,,,,,,,,,,,,,,,,,,,,,,,,,,,,,,,,,,,,,,,,,,,,,,,,,,,,,,,,,,,,,,,,,,,,,,,,,,,,,,,,,,,,,,,,,,,,,,,,,,,,,,977.8149,517.51,0.00,13.3144,0.00,1482.0105
,,,,,,,,,,,,,,,,,,,,,,,,,,,,,,,,,,,,,,,,,,,,,,,,,,,,,,,,,,,,,,,,,,,,,,,,,,,,,,,,,,,,,,,,,,,,,,,,,,,,,,,,,,,,,,,,,,,,,,,,,965.1701,478.05,0.00,12.8559,0.00,1430.3642
,,,,,,,,,,,,,,,,,,,,,,,,,,,,,,,,,,,,,,,,,,,,,,,,,,,,,,,,,,,,,,,,,,,,,,,,,,,,,,,,,,,,,,,,,,,,,,,,,,,,,,,,,,,,,,,,,,,,,,,,,972.7401,480.00,0.00,12.9397,0.00,1439.8004
,,,,,,,,,,,,,,,,,,,,,,,,,,,,,,,,,,,,,,,,,,,,,,,,,,,,,,,,,,,,,,,,,,,,,,,,,,,,,,,,,,,,,,,,,,,,,,,,,,,,,,,,,,,,,,,,,,,,,,,,,970.7301,551.56,0.00,13.5517,0.00,1508.7384
,,,,,,,,,,,,,,,,,,,,,,,,,,,,,,,,,,,,,,,,,,,,,,,,,,,,,,,,,,,,,,,,,,,,,,,,,,,,,,,,,,,,,,,,,,,,,,,,,,,,,,,,,,,,,,,,,,,,,,,,,980.7501,532.21,0.00,13.4696,0.00,1499.4905
,,,,,,,,,,,,,,,,,,,,,,,,,,,,,,,,,,,,,,,,,,,,,,,,,,,,,,,,,,,,,,,,,,,,,,,,,,,,,,,,,,,,,,,,,,,,,,,,,,,,,,,,,,,,,,,,,,,,,,,,,984.6701,518.67,0.00,13.3850,0.00,1489.9551
,,,,,,,,,,,,,,,,,,,,,,,,,,,,,,,,,,,,,,,,,,,,,,,,,,,,,,,,,,,,,,,,,,,,,,,,,,,,,,,,,,,,,,,,,,,,,,,,,,,,,,,,,,,,,,,,,,,,,,,,,987.2601,507.07,0.00,13.3057,0.00,1481.0244
,,,,,,,,,,,,,,,,,,,,,,,,,,,,,,,,,,,,,,,,,,,,,,,,,,,,,,,,,,,,,,,,,,,,,,,,,,,,,,,,,,,,,,,,,,,,,,,,,,,,,,,,,,,,,,,,,,,,,,,,,1015.0501,468.39,0.00,13.2099,0.00,1470.2302
,,,,,,,,,,,,,,,,,,,,,,,,,,,,,,,,,,,,,,,,,,,,,,,,,,,,,,,,,,,,,,,,,,,,,,,,,,,,,,,,,,,,,,,,,,,,,,,,,,,,,,,,,,,,,,,,,,,,,,,,,1025.2601,514.81,0.00,13.7082,0.00,1526.3619
,,,,,,,,,,,,,,,,,,,,,,,,,,,,,,,,,,,,,,,,,,,,,,,,,,,,,,,,,,,,,,,,,,,,,,,,,,,,,,,,,,,,,,,,,,,,,,,,,,,,,,,,,,,,,,,,,,,,,,,,,1179.2912,412.90,0.00,14.1105,0.00,1578.0807
,,,,,,,,,,,,,,,,,,,,,,,,,,,,,,,,,,,,,,,,,,,,,,,,,,,,,,,,,,,,,,,,,,,,,,,,,,,,,,,,,,,,,,,,,,,,,,,,,,,,,,,,,,,,,,,,,,,,,,,,,1208.2011,410.97,0.00,14.2682,0.00,1604.9029
,,,,,,,,,,,,,,,,,,,,,,,,,,,,,,,,,,,,,,,,,,,,,,,,,,,,,,,,,,,,,,,,,,,,,,,,,,,,,,,,,,,,,,,,,,,,,,,,,,,,,,,,,,,,,,,,,,,,,,,,,1216.6411,392.31,0.00,14.0586,0.00,1594.8925
,,,,,,,,,,,,,,,,,,,,,,,,,,,,,,,,,,,,,,,,,,,,,,,,,,,,,,,,,,,,,,,,,,,,,,,,,,,,,,,,,,,,,,,,,,,,,,,,,,,,,,,,,,,,,,,,,,,,,,,,,1244.4060,368.24,0.00,13.9558,0.00,1598.6902
,,,,,,,,,,,,,,,,,,,,,,,,,,,,,,,,,,,,,,,,,,,,,,,,,,,,,,,,,,,,,,,,,,,,,,,,,,,,,,,,,,,,,,,,,,,,,,,,,,,,,,,,,,,,,,,,,,,,,,,,,1249.3214,289.32,0.00,13.2813,0.00,1525.3601
,,,,,,,,,,,,,,,,,,,,,,,,,,,,,,,,,,,,,,,,,,,,,,,,,,,,,,,,,,,,,,,,,,,,,,,,,,,,,,,,,,,,,,,,,,,,,,,,,,,,,,,,,,,,,,,,,,,,,,,,,1257.3714,297.12,0.00,13.4135,0.00,1541.0779
,,,,,,,,,,,,,,,,,,,,,,,,,,,,,,,,,,,,,,,,,,,,,,,,,,,,,,,,,,,,,,,,,,,,,,,,,,,,,,,,,,,,,,,,,,,,,,,,,,,,,,,,,,,,,,,,,,,,,,,,,1259.5114,208.93,0.00,12.6468,0.00,1455.7946
,,,,,,,,,,,,,,,,,,,,,,,,,,,,,,,,,,,,,,,,,,,,,,,,,,,,,,,,,,,,,,,,,,,,,,,,,,,,,,,,,,,,,,,,,,,,,,,,,,,,,,,,,,,,,,,,,,,,,,,,,1264.6914,229.43,0.00,12.8617,0.00,1481.2597
,,,,,,,,,,,,,,,,,,,,,,,,,,,,,,,,,,,,,,,,,,,,,,,,,,,,,,,,,,,,,,,,,,,,,,,,,,,,,,,,,,,,,,,,,,,,,,,,,,,,,,,,,,,,,,,,,,,,,,,,,1258.9209,265.54,0.00,13.1173,0.00,1511.3436
,,,,,,,,,,,,,,,,,,,,,,,,,,,,,,,,,,,,,,,,,,,,,,,,,,,,,,,,,,,,,,,,,,,,,,,,,,,,,,,,,,,,,,,,,,,,,,,,,,,,,,,,,,,,,,,,,,,,,,,,,1260.3809,267.46,0.00,13.1310,0.00,1514.7099
,,,,,,,,,,,,,,,,,,,,,,,,,,,,,,,,,,,,,,,,,,,,,,,,,,,,,,,,,,,,,,,,,,,,,,,,,,,,,,,,,,,,,,,,,,,,,,,,,,,,,,,,,,,,,,,,,,,,,,,,,1294.2409,335.03,0.00,14.0126,0.00,1615.2583
,,,,,,,,,,,,,,,,,,,,,,,,,,,,,,,,,,,,,,,,,,,,,,,,,,,,,,,,,,,,,,,,,,,,,,,,,,,,,,,,,,,,,,,,,,,,,,,,,,,,,,,,,,,,,,,,,,,,,,,,,1316.7409,312.91,0.00,14.0051,0.00,1615.6458
,,,,,,,,,,,,,,,,,,,,,,,,,,,,,,,,,,,,,,,,,,,,,,,,,,,,,,,,,,,,,,,,,,,,,,,,,,,,,,,,,,,,,,,,,,,,,,,,,,,,,,,,,,,,,,,,,,,,,,,,,1287.0305,381.39,0.00,14.3352,0.00,1654.0853
,,,,,,,,,,,,,,,,,,,,,,,,,,,,,,,,,,,,,,,,,,,,,,,,,,,,,,,,,,,,,,,,,,,,,,,,,,,,,,,,,,,,,,,,,,,,,,,,,,,,,,,,,,,,,,,,,,,,,,,,,1311.1605,391.82,0.00,14.6297,0.00,1688.3508
,,,,,,,,,,,,,,,,,,,,,,,,,,,,,,,,,,,,,,,,,,,,,,,,,,,,,,,,,,,,,,,,,,,,,,,,,,,,,,,,,,,,,,,,,,,,,,,,,,,,,,,,,,,,,,,,,,,,,,,,,1316.8505,366.30,0.00,14.4463,0.00,1668.7042
,,,,,,,,,,,,,,,,,,,,,,,,,,,,,,,,,,,,,,,,,,,,,,,,,,,,,,,,,,,,,,,,,,,,,,,,,,,,,,,,,,,,,,,,,,,,,,,,,,,,,,,,,,,,,,,,,,,,,,,,,1335.9405,438.11,0.00,15.2387,0.00,1758.8118
,,,,,,,,,,,,,,,,,,,,,,,,,,,,,,,,,,,,,,,,,,,,,,,,,,,,,,,,,,,,,,,,,,,,,,,,,,,,,,,,,,,,,,,,,,,,,,,,,,,,,,,,,,,,,,,,,,,,,,,,,1360.3105,383.38,0.00,14.9643,0.00,1728.7262
,,,,,,,,,,,,,,,,,,,,,,,,,,,,,,,,,,,,,,,,,,,,,,,,,,,,,,,,,,,,,,,,,,,,,,,,,,,,,,,,,,,,,,,,,,,,,,,,,,,,,,,,,,,,,,,,,,,,,,,,,1377.5005,434.90,0.00,15.5624,0.00,1796.8381
,,,,,,,,,,,,,,,,,,,,,,,,,,,,,,,,,,,,,,,,,,,,,,,,,,,,,,,,,,,,,,,,,,,,,,,,,,,,,,,,,,,,,,,,,,,,,,,,,,,,,,,,,,,,,,,,,,,,,,,,,1390.6205,367.85,0.00,15.0828,0.00,1743.3877
,,,,,,,,,,,,,,,,,,,,,,,,,,,,,,,,,,,,,,,,,,,,,,,,,,,,,,,,,,,,,,,,,,,,,,,,,,,,,,,,,,,,,,,,,,,,,,,,,,,,,,,,,,,,,,,,,,,,,,,,,1411.9605,399.15,0.00,15.5427,0.00,1795.5678
,,,,,,,,,,,,,,,,,,,,,,,,,,,,,,,,,,,,,,,,,,,,,,,,,,,,,,,,,,,,,,,,,,,,,,,,,,,,,,,,,,,,,,,,,,,,,,,,,,,,,,,,,,,,,,,,,,,,,,,,,1422.1305,354.48,0.00,15.2347,0.00,1761.3758
,,,,,,,,,,,,,,,,,,,,,,,,,,,,,,,,,,,,,,,,,,,,,,,,,,,,,,,,,,,,,,,,,,,,,,,,,,,,,,,,,,,,,,,,,,,,,,,,,,,,,,,,,,,,,,,,,,,,,,,,,1417.3905,386.54,0.00,15.4713,0.00,1788.4592
,,,,,,,,,,,,,,,,,,,,,,,,,,,,,,,,,,,,,,,,,,,,,,,,,,,,,,,,,,,,,,,,,,,,,,,,,,,,,,,,,,,,,,,,,,,,,,,,,,,,,,,,,,,,,,,,,,,,,,,,,1343.3332,419.92,0.00,15.1110,0.00,1748.1422
,,,,,,,,,,,,,,,,,,,,,,,,,,,,,,,,,,,,,,,,,,,,,,,,,,,,,,,,,,,,,,,,,,,,,,,,,,,,,,,,,,,,,,,,,,,,,,,,,,,,,,,,,,,,,,,,,,,,,,,,,1326.2018,414.12,0.00,14.9075,0.00,1725.4143
,,,,,,,,,,,,,,,,,,,,,,,,,,,,,,,,,,,,,,,,,,,,,,,,,,,,,,,,,,,,,,,,,,,,,,,,,,,,,,,,,,,,,,,,,,,,,,,,,,,,,,,,,,,,,,,,,,,,,,,,,1338.5418,483.76,0.00,15.6283,0.00,1806.6735
,,,,,,,,,,,,,,,,,,,,,,,,,,,,,,,,,,,,,,,,,,,,,,,,,,,,,,,,,,,,,,,,,,,,,,,,,,,,,,,,,,,,,,,,,,,,,,,,,,,,,,,,,,,,,,,,,,,,,,,,,1321.5618,475.05,0.00,15.4021,0.00,1781.2097
,,,,,,,,,,,,,,,,,,,,,,,,,,,,,,,,,,,,,,,,,,,,,,,,,,,,,,,,,,,,,,,,,,,,,,,,,,,,,,,,,,,,,,,,,,,,,,,,,,,,,,,,,,,,,,,,,,,,,,,,,1339.3318,484.72,0.00,15.6435,0.00,1808.4083
,,,,,,,,,,,,,,,,,,,,,,,,,,,,,,,,,,,,,,,,,,,,,,,,,,,,,,,,,,,,,,,,,,,,,,,,,,,,,,,,,,,,,,,,,,,,,,,,,,,,,,,,,,,,,,,,,,,,,,,,,1340.5418,426.69,0.00,15.1453,0.00,1752.0865
,,,,,,,,,,,,,,,,,,,,,,,,,,,,,,,,,,,,,,,,,,,,,,,,,,,,,,,,,,,,,,,,,,,,,,,,,,,,,,,,,,,,,,,,,,,,,,,,,,,,,,,,,,,,,,,,,,,,,,,,,1358.8118,458.62,0.00,15.5875,0.00,1801.8443
,,,,,,,,,,,,,,,,,,,,,,,,,,,,,,,,,,,,,,,,,,,,,,,,,,,,,,,,,,,,,,,,,,,,,,,,,,,,,,,,,,,,,,,,,,,,,,,,,,,,,,,,,,,,,,,,,,,,,,,,,1370.0318,417.01,0.00,15.3221,0.00,1771.7197
,,,,,,,,,,,,,,,,,,,,,,,,,,,,,,,,,,,,,,,,,,,,,,,,,,,,,,,,,,,,,,,,,,,,,,,,,,,,,,,,,,,,,,,,,,,,,,,,,,,,,,,,,,,,,,,,,,,,,,,,,1370.6218,469.52,0.00,15.7921,0.00,1824.3497
,,,,,,,,,,,,,,,,,,,,,,,,,,,,,,,,,,,,,,,,,,,,,,,,,,,,,,,,,,,,,,,,,,,,,,,,,,,,,,,,,,,,,,,,,,,,,,,,,,,,,,,,,,,,,,,,,,,,,,,,,1361.8899,484.56,0.00,15.8454,0.00,1830.6045
,,,,,,,,,,,,,,,,,,,,,,,,,,,,,,,,,,,,,,,,,,,,,,,,,,,,,,,,,,,,,,,,,,,,,,,,,,,,,,,,,,,,,,,,,,,,,,,,,,,,,,,,,,,,,,,,,,,,,,,,,1365.9379,519.91,0.00,16.1960,0.00,1869.6519
,,,,,,,,,,,,,,,,,,,,,,,,,,,,,,,,,,,,,,,,,,,,,,,,,,,,,,,,,,,,,,,,,,,,,,,,,,,,,,,,,,,,,,,,,,,,,,,,,,,,,,,,,,,,,,,,,,,,,,,,,1362.5679,539.10,0.00,16.3396,0.00,1885.3283
,,,,,,,,,,,,,,,,,,,,,,,,,,,,,,,,,,,,,,,,,,,,,,,,,,,,,,,,,,,,,,,,,,,,,,,,,,,,,,,,,,,,,,,,,,,,,,,,,,,,,,,,,,,,,,,,,,,,,,,,,1368.3779,561.72,0.00,16.5949,0.00,1913.5030
,,,,,,,,,,,,,,,,,,,,,,,,,,,,,,,,,,,,,,,,,,,,,,,,,,,,,,,,,,,,,,,,,,,,,,,,,,,,,,,,,,,,,,,,,,,,,,,,,,,,,,,,,,,,,,,,,,,,,,,,,1361.4079,583.89,0.00,16.7354,0.00,1928.5625
,,,,,,,,,,,,,,,,,,,,,,,,,,,,,,,,,,,,,,,,,,,,,,,,,,,,,,,,,,,,,,,,,,,,,,,,,,,,,,,,,,,,,,,,,,,,,,,,,,,,,,,,,,,,,,,,,,,,,,,,,1349.5079,541.98,0.00,16.2684,0.00,1875.2195
,,,,,,,,,,,,,,,,,,,,,,,,,,,,,,,,,,,,,,,,,,,,,,,,,,,,,,,,,,,,,,,,,,,,,,,,,,,,,,,,,,,,,,,,,,,,,,,,,,,,,,,,,,,,,,,,,,,,,,,,,1338.4079,600.22,0.00,16.6908,0.00,1921.9371
,,,,,,,,,,,,,,,,,,,,,,,,,,,,,,,,,,,,,,,,,,,,,,,,,,,,,,,,,,,,,,,,,,,,,,,,,,,,,,,,,,,,,,,,,,,,,,,,,,,,,,,,,,,,,,,,,,,,,,,,,1307.0479,560.33,0.00,16.0725,0.00,1851.3054
,,,,,,,,,,,,,,,,,,,,,,,,,,,,,,,,,,,,,,,,,,,,,,,,,,,,,,,,,,,,,,,,,,,,,,,,,,,,,,,,,,,,,,,,,,,,,,,,,,,,,,,,,,,,,,,,,,,,,,,,,1304.1179,567.41,0.00,16.1189,0.00,1855.4090
,,,,,,,,,,,,,,,,,,,,,,,,,,,,,,,,,,,,,,,,,,,,,,,,,,,,,,,,,,,,,,,,,,,,,,,,,,,,,,,,,,,,,,,,,,,,,,,,,,,,,,,,,,,,,,,,,,,,,,,,,1293.0479,555.31,0.00,15.9255,0.00,1832.4324
,,,,,,,,,,,,,,,,,,,,,,,,,,,,,,,,,,,,,,,,,,,,,,,,,,,,,,,,,,,,,,,,,,,,,,,,,,,,,,,,,,,,,,,,,,,,,,,,,,,,,,,,,,,,,,,,,,,,,,,,,1273.6979,607.58,0.00,16.2250,0.00,1865.0529
,,,,,,,,,,,,,,,,,,,,,,,,,,,,,,,,,,,,,,,,,,,,,,,,,,,,,,,,,,,,,,,,,,,,,,,,,,,,,,,,,,,,,,,,,,,,,,,,,,,,,,,,,,,,,,,,,,,,,,,,,1248.7092,655.83,0.00,16.4402,0.00,1888.0990
,,,,,,,,,,,,,,,,,,,,,,,,,,,,,,,,,,,,,,,,,,,,,,,,,,,,,,,,,,,,,,,,,,,,,,,,,,,,,,,,,,,,,,,,,,,,,,,,,,,,,,,,,,,,,,,,,,,,,,,,,1224.8992,662.80,0.00,16.3031,0.00,1871.3961
,,,,,,,,,,,,,,,,,,,,,,,,,,,,,,,,,,,,,,,,,,,,,,,,,,,,,,,,,,,,,,,,,,,,,,,,,,,,,,,,,,,,,,,,,,,,,,,,,,,,,,,,,,,,,,,,,,,,,,,,,1199.4636,717.97,0.00,16.6035,0.00,1900.8301
,,,,,,,,,,,,,,,,,,,,,,,,,,,,,,,,,,,,,,,,,,,,,,,,,,,,,,,,,,,,,,,,,,,,,,,,,,,,,,,,,,,,,,,,,,,,,,,,,,,,,,,,,,,,,,,,,,,,,,,,,1169.5985,732.25,0.00,16.5742,0.00,1885.2743
,,,,,,,,,,,,,,,,,,,,,,,,,,,,,,,,,,,,,,,,,,,,,,,,,,,,,,,,,,,,,,,,,,,,,,,,,,,,,,,,,,,,,,,,,,,,,,,,,,,,,,,,,,,,,,,,,,,,,,,,,1139.8836,793.38,0.00,16.9724,0.00,1916.2912
,,,,,,,,,,,,,,,,,,,,,,,,,,,,,,,,,,,,,,,,,,,,,,,,,,,,,,,,,,,,,,,,,,,,,,,,,,,,,,,,,,,,,,,,,,,,,,,,,,,,,,,,,,,,,,,,,,,,,,,,,1220.1242,699.67,0.00,16.9525,0.00,1902.8417
,,,,,,,,,,,,,,,,,,,,,,,,,,,,,,,,,,,,,,,,,,,,,,,,,,,,,,,,,,,,,,,,,,,,,,,,,,,,,,,,,,,,,,,,,,,,,,,,,,,,,,,,,,,,,,,,,,,,,,,,,1175.0796,764.32,0.00,17.2153,0.00,1922.1843
,,,,,,,,,,,,,,,,,,,,,,,,,,,,,,,,,,,,,,,,,,,,,,,,,,,,,,,,,,,,,,,,,,,,,,,,,,,,,,,,,,,,,,,,,,,,,,,,,,,,,,,,,,,,,,,,,,,,,,,,,1201.2896,753.50,0.00,17.3554,0.00,1937.4342
,,,,,,,,,,,,,,,,,,,,,,,,,,,,,,,,,,,,,,,,,,,,,,,,,,,,,,,,,,,,,,,,,,,,,,,,,,,,,,,,,,,,,,,,,,,,,,,,,,,,,,,,,,,,,,,,,,,,,,,,,1242.5996,733.02,0.00,17.5410,0.00,1958.0786
,,,,,,,,,,,,,,,,,,,,,,,,,,,,,,,,,,,,,,,,,,,,,,,,,,,,,,,,,,,,,,,,,,,,,,,,,,,,,,,,,,,,,,,,,,,,,,,,,,,,,,,,,,,,,,,,,,,,,,,,,1271.3452,714.92,0.00,17.6347,0.00,1968.6305
,,,,,,,,,,,,,,,,,,,,,,,,,,,,,,,,,,,,,,,,,,,,,,,,,,,,,,,,,,,,,,,,,,,,,,,,,,,,,,,,,,,,,,,,,,,,,,,,,,,,,,,,,,,,,,,,,,,,,,,,,1286.2052,662.52,0.00,17.3044,0.00,1931.4208
,,,,,,,,,,,,,,,,,,,,,,,,,,,,,,,,,,,,,,,,,,,,,,,,,,,,,,,,,,,,,,,,,,,,,,,,,,,,,,,,,,,,,,,,,,,,,,,,,,,,,,,,,,,,,,,,,,,,,,,,,1285.0552,669.89,0.00,17.3591,0.00,1937.5861
,,,,,,,,,,,,,,,,,,,,,,,,,,,,,,,,,,,,,,,,,,,,,,,,,,,,,,,,,,,,,,,,,,,,,,,,,,,,,,,,,,,,,,,,,,,,,,,,,,,,,,,,,,,,,,,,,,,,,,,,,1303.1152,613.69,0.00,17.0235,0.00,1899.7817
,,,,,,,,,,,,,,,,,,,,,,,,,,,,,,,,,,,,,,,,,,,,,,,,,,,,,,,,,,,,,,,,,,,,,,,,,,,,,,,,,,,,,,,,,,,,,,,,,,,,,,,,,,,,,,,,,,,,,,,,,1308.5152,638.50,0.00,17.2893,0.00,1929.7259
,,,,,,,,,,,,,,,,,,,,,,,,,,,,,,,,,,,,,,,,,,,,,,,,,,,,,,,,,,,,,,,,,,,,,,,,,,,,,,,,,,,,,,,,,,,,,,,,,,,,,,,,,,,,,,,,,,,,,,,,,1276.8256,603.54,0.00,16.7028,0.00,1863.6628
,,,,,,,,,,,,,,,,,,,,,,,,,,,,,,,,,,,,,,,,,,,,,,,,,,,,,,,,,,,,,,,,,,,,,,,,,,,,,,,,,,,,,,,,,,,,,,,,,,,,,,,,,,,,,,,,,,,,,,,,,1261.1756,657.72,0.00,17.0419,0.00,1901.8537
,,,,,,,,,,,,,,,,,,,,,,,,,,,,,,,,,,,,,,,,,,,,,,,,,,,,,,,,,,,,,,,,,,,,,,,,,,,,,,,,,,,,,,,,,,,,,,,,,,,,,,,,,,,,,,,,,,,,,,,,,1246.7894,594.90,0.00,16.3625,0.00,1825.3269
,,,,,,,,,,,,,,,,,,,,,,,,,,,,,,,,,,,,,,,,,,,,,,,,,,,,,,,,,,,,,,,,,,,,,,,,,,,,,,,,,,,,,,,,,,,,,,,,,,,,,,,,,,,,,,,,,,,,,,,,,1216.9934,656.75,0.00,16.6445,0.00,1857.0989
,,,,,,,,,,,,,,,,,,,,,,,,,,,,,,,,,,,,,,,,,,,,,,,,,,,,,,,,,,,,,,,,,,,,,,,,,,,,,,,,,,,,,,,,,,,,,,,,,,,,,,,,,,,,,,,,,,,,,,,,,1179.9734,665.46,0.00,16.3954,0.00,1829.0380
,,,,,,,,,,,,,,,,,,,,,,,,,,,,,,,,,,,,,,,,,,,,,,,,,,,,,,,,,,,,,,,,,,,,,,,,,,,,,,,,,,,,,,,,,,,,,,,,,,,,,,,,,,,,,,,,,,,,,,,,,1180.6934,689.64,0.00,16.6145,0.00,1853.7189
,,,,,,,,,,,,,,,,,,,,,,,,,,,,,,,,,,,,,,,,,,,,,,,,,,,,,,,,,,,,,,,,,,,,,,,,,,,,,,,,,,,,,,,,,,,,,,,,,,,,,,,,,,,,,,,,,,,,,,,,,1150.8934,688.68,0.00,16.3438,0.00,1823.2296
,,,,,,,,,,,,,,,,,,,,,,,,,,,,,,,,,,,,,,,,,,,,,,,,,,,,,,,,,,,,,,,,,,,,,,,,,,,,,,,,,,,,,,,,,,,,,,,,,,,,,,,,,,,,,,,,,,,,,,,,,1141.5848,707.05,0.00,16.4236,0.00,1832.2112
,,,,,,,,,,,,,,,,,,,,,,,,,,,,,,,,,,,,,,,,,,,,,,,,,,,,,,,,,,,,,,,,,,,,,,,,,,,,,,,,,,,,,,,,,,,,,,,,,,,,,,,,,,,,,,,,,,,,,,,,,1133.3148,698.09,0.00,16.2719,0.00,1815.1329
,,,,,,,,,,,,,,,,,,,,,,,,,,,,,,,,,,,,,,,,,,,,,,,,,,,,,,,,,,,,,,,,,,,,,,,,,,,,,,,,,,,,,,,,,,,,,,,,,,,,,,,,,,,,,,,,,,,,,,,,,1128.0348,747.95,0.00,16.6643,0.00,1859.3205
,,,,,,,,,,,,,,,,,,,,,,,,,,,,,,,,,,,,,,,,,,,,,,,,,,,,,,,,,,,,,,,,,,,,,,,,,,,,,,,,,,,,,,,,,,,,,,,,,,,,,,,,,,,,,,,,,,,,,,,,,1115.2248,797.27,0.00,16.9855,0.00,1895.5093
,,,,,,,,,,,,,,,,,,,,,,,,,,,,,,,,,,,,,,,,,,,,,,,,,,,,,,,,,,,,,,,,,,,,,,,,,,,,,,,,,,,,,,,,,,,,,,,,,,,,,,,,,,,,,,,,,,,,,,,,,1109.9648,789.54,0.00,16.8712,0.00,1882.6336
,,,,,,,,,,,,,,,,,,,,,,,,,,,,,,,,,,,,,,,,,,,,,,,,,,,,,,,,,,,,,,,,,,,,,,,,,,,,,,,,,,,,,,,,,,,,,,,,,,,,,,,,,,,,,,,,,,,,,,,,,1099.7348,784.70,0.00,16.7386,0.00,1867.6962
,,,,,,,,,,,,,,,,,,,,,,,,,,,,,,,,,,,,,,,,,,,,,,,,,,,,,,,,,,,,,,,,,,,,,,,,,,,,,,,,,,,,,,,,,,,,,,,,,,,,,,,,,,,,,,,,,,,,,,,,,1125.0948,771.16,0.00,16.8426,0.00,1879.4122
,,,,,,,,,,,,,,,,,,,,,,,,,,,,,,,,,,,,,,,,,,,,,,,,,,,,,,,,,,,,,,,,,,,,,,,,,,,,,,,,,,,,,,,,,,,,,,,,,,,,,,,,,,,,,,,,,,,,,,,,,1126.1548,797.27,0.00,17.0817,0.00,1906.3431
,,,,,,,,,,,,,,,,,,,,,,,,,,,,,,,,,,,,,,,,,,,,,,,,,,,,,,,,,,,,,,,,,,,,,,,,,,,,,,,,,,,,,,,,,,,,,,,,,,,,,,,,,,,,,,,,,,,,,,,,,1109.2248,774.06,0.00,16.7285,0.00,1866.5563
