timeslot,revisionno,discomcode,BTPS,PRAGATI,RPH,DADRI_T,GT_OC,CSGS,GT_RLNG,PRG_RLNG,DVC,GT_LF,GT_CC,PRG_G_CC,GT_RLG_C,GT_LF_CC,PG_RLG_C,REGULATE,MTPS6,JHAJJAR,NJPC,CCGT_OC,CCGT_CC,CCGT_RCC,CCGT_ROC,CLPJHAJR,MEJIA7,MAITHON,SECI,RITHL_CC,RITHL_OC,RITHL_RC,RITHL_RO,NHPC,DADRI_T2,ANTA_GF,AURY_GF,FARAKKA,RIHAND1,RIHAND2,RIHAND3,SASAN,SNGRAULI,UNCHHAR1,UNCHHAR2,UNCHHAR3,KAHLGAN1,KAHLGAN2,DADRI_GF,ANTA_RF,AURY_RF,DADRI_RF,KOLDAM,TH_HPP,KTWR_HEP,SEWA2,DMSWSL,NAPP,RAPPB,MUNDRA,RAMPUR,RAPPC,TALA,ANTA_LF,AURY_LF,DADRI_LF,URI,URI2,CHAMERA1,CHAMERA2,CHAMERA3,DHAULIGNGA,DULHASTI,PARBATI3,SALAL,TANAKPUR,BSIUL,UNCHAHAR4,PRG_CCLF,PRG_OCLF,CCGTCCSPOT,CCGTOCSPOT,SNG_HYDRO,SHEP,GIREL,RUMS_DMRC,SEIPL,THPPL,NHPPL,ANTA_CRF,AURY_CRF,DADR_CRF,ALFANR_I,ALFANR_II,ALFANR_III,ERCPL_FTG,ERPCL_FTG2,AP41PL_BHDL,ASE4PL,KUDGI,SRIJAN_M,SITAC_BRPL,SITAC_BYPL,TANDA2,KSHNGNGA,SOLAPUR,MEJA,TWEPL,GBHHPL,THAR_BYPL,THAR_BRPL,ASEJ2PL_BYPL,ASEJ2PL_TPDDL
1,73EnBYPL2023/11/12,BYPL,0.0000,0.0000,0.0000,0.0000,6.8220,0.0000,0.0000,0.0000,70.6807,0.0000,9.5508,42.5855,0.0000,0.0000,12.0525,0.0000,19.4767,65.2301,0.0000,0.0000,57.6000,0.0000,0.0000,0.0000,104.7400,0.0000,0.0000,0.0000,0.0000,0.0000,0.0000,0.0000,82.0769,0.0000,0.0000,5.2654,0.0000,30.0050,50.3832,330.9623,67.8377,5.2222,10.7671,6.7031,11.4859,24.9784,0.0000,0.0000,0.0000,0.0000,0.0000,0.0000,0.0000,0.0000,0.0000,0.0000,0.0000,0.0000,0.0000,13.0531,0.0000,10.8026,17.6530,22.5501,1.2344,3.7592,0.0000,0.0000,0.0000,0.0000,4.1859,0.0000,0.5893,1.3005,0.0000,0.0000,0.0000,0.0000,220.5000,0.0000,0.0000,0.0000,0.0000,0.0000,0.0000,0.0000,0.0000,0.0000,0.0000,0.0000,0.0000,13.5700,0.0000,0.0000,300.0000,0.0000,200.0000,0.0000,0.0000,0.0000,25.1700,0.0000,0.0000,0.0000,0.0000,5.7159,0.0000,300.0000,0.0000,200.0000,0.0000
2,73EnBYPL2023/11/12,BYPL,0.0000,0.0000,0.0000,0.0000,6.8220,0.0000,0.0000,0.0000,70.6807,0.0000,9.5508,42.5855,0.0000,0.0000,12.0525,0.0000,19.4767,65.2301,0.0000,0.0000,57.6000,0.0000,0.0000,0.0000,104.7400,0.0000,0.0000,0.0000,0.0000,0.0000,0.0000,0.0000,82.0769,0.0000,0.0000,5.2654,0.0000,30.0050,50.3832,330.9623,67.8377,5.2222,10.7671,6.7031,11.4859,24.9784,0.0000,0.0000,0.0000,0.0000,0.0000,0.0000,0.0000,0.0000,0.0000,0.0000,0.0000,0.0000,0.0000,13.0531,0.0000,10.8026,17.6530,22.5501,1.2344,3.7592,0.0000,0.0000,0.0000,0.0000,4.1859,0.0000,0.5893,1.3005,0.0000,0.0000,0.0000,0.0000,220.5000,0.0000,0.0000,0.0000,0.0000,0.0000,0.0000,0.0000,0.0000,0.0000,0.0000,0.0000,0.0000,13.1300,0.0000,0.0000,300.0000,0.0000,200.0000,0.0000,0.0000,0.0000,24.5100,0.0000,0.0000,0.0000,0.0000,5.7159,0.0000,300.0000,0.0000,200.0000,0.0000
3,73EnBYPL2023/11/12,BYPL,0.0000,0.0000,0.0000,0.0000,6.8220,0.0000,0.0000,0.0000,70.6807,0.0000,9.5508,42.5855,0.0000,0.0000,12.0525,0.0000,19.4767,65.2301,0.0000,0.0000,57.6000,0.0000,0.0000,0.0000,104.7400,0.0000,0.0000,0.0000,0.0000,0.0000,0.0000,0.0000,82.0769,0.0000,0.0000,5.2654,0.0000,30.0050,50.3832,330.9623,67.8377,5.2222,10.7671,6.7031,11.4859,24.9784,0.0000,0.0000,0.0000,0.0000,0.0000,0.0000,0.0000,0.0000,0.0000,0.0000,0.0000,0.0000,0.0000,13.0531,0.0000,10.8026,17.6530,22.5501,12.6187,6.2865,0.0000,0.0000,0.0000,0.0000,4.1859,0.0000,0.5893,1.3005,0.0000,0.0000,0.0000,0.0000,220.5000,0.0000,0.0000,0.0000,0.0000,0.0000,0.0000,0.0000,0.0000,0.0000,0.0000,0.0000,0.0000,12.8200,0.0000,0.0000,300.0000,0.0000,200.0000,0.0000,0.0000,0.0000,23.8400,0.0000,0.0000,0.0000,0.0000,5.7159,0.0000,300.0000,0.0000,200.0000,0.0000
4,73EnBYPL2023/11/12,BYPL,0.0000,0.0000,0.0000,0.0000,6.8220,0.0000,0.0000,0.0000,70.6807,0.0000,9.5508,42.5855,0.0000,0.0000,12.0525,0.0000,19.4767,65.2301,0.0000,0.0000,57.6000,0.0000,0.0000,0.0000,104.7400,0.0000,0.0000,0.0000,0.0000,0.0000,0.0000,0.0000,82.0769,0.0000,0.0000,5.2654,0.0000,30.0050,50.3832,330.9623,67.8377,5.2222,10.7671,6.7031,11.4859,24.9784,0.0000,0.0000,0.0000,0.0000,0.0000,0.0000,0.0000,0.0000,0.0000,0.0000,0.0000,0.0000,0.0000,13.0531,0.0000,10.9347,17.6530,22.5501,12.6187,6.2865,0.0000,0.0000,0.0000,0.0000,4.1859,0.0000,0.5893,1.3005,0.0000,0.0000,0.0000,0.0000,220.5000,0.0000,0.0000,0.0000,0.0000,0.0000,0.0000,0.0000,0.0000,0.0000,0.0000,0.0000,0.0000,12.5300,0.0000,0.0000,300.0000,0.0000,200.0000,0.0000,0.0000,0.0000,23.1700,0.0000,0.0000,0.0000,0.0000,5.7159,0.0000,300.0000,0.0000,200.0000,0.0000
5,73EnBYPL2023/11/12,BYPL,0.0000,0.0000,0.0000,0.0000,6.8220,0.0000,0.0000,0.0000,70.6807,0.0000,9.5508,42.5855,0.0000,0.0000,12.0525,0.0000,19.4767,65.2301,0.0000,0.0000,57.6000,0.0000,0.0000,0.0000,104.7400,0.0000,0.0000,0.0000,0.0000,0.0000,0.0000,0.0000,82.0769,0.0000,0.0000,5.2654,0.0000,30.0050,50.3832,330.9623,67.8377,5.2222,10.7671,6.7031,11.4859,24.9784,0.0000,0.0000,0.0000,0.0000,0.0000,0.0000,0.0000,0.0000,0.0000,0.0000,0.0000,0.0000,0.0000,13.0531,0.0000,10.9347,17.6530,22.5501,1.6815,6.2865,0.0000,0.0000,0.0000,0.0000,4.1859,0.0000,0.5893,3.0277,0.0000,0.0000,0.0000,0.0000,220.5000,0.0000,0.0000,0.0000,0.0000,0.0000,0.0000,0.0000,0.0000,0.0000,0.0000,0.0000,0.0000,12.0700,0.0000,0.0000,300.0000,0.0000,200.0000,0.0000,0.0000,0.0000,22.5100,0.0000,0.0000,0.0000,0.0000,5.7159,0.0000,300.0000,0.0000,200.0000,0.0000
6,73EnBYPL2023/11/12,BYPL,0.0000,0.0000,0.0000,0.0000,6.8220,0.0000,0.0000,0.0000,70.6807,0.0000,9.5508,42.5855,0.0000,0.0000,12.0525,0.0000,19.4767,65.2301,0.0000,0.0000,57.6000,0.0000,0.0000,0.0000,104.7400,0.0000,0.0000,0.0000,0.0000,0.0000,0.0000,0.0000,82.0769,0.0000,0.0000,5.2654,0.0000,30.0050,50.3832,330.9623,67.8377,5.2222,10.7671,6.7031,11.4859,24.9784,0.0000,0.0000,0.0000,0.0000,0.0000,0.0000,0.0000,0.0000,0.0000,0.0000,0.0000,0.0000,0.0000,13.0531,0.0000,10.9347,17.6530,22.5501,1.6815,6.2865,0.0000,0.0000,0.0000,0.0000,4.1859,0.0000,0.5893,3.0277,0.0000,0.0000,0.0000,0.0000,220.5000,0.0000,0.0000,0.0000,0.0000,0.0000,0.0000,0.0000,0.0000,0.0000,0.0000,0.0000,0.0000,11.8500,0.0000,0.0000,300.0000,0.0000,200.0000,0.0000,0.0000,0.0000,21.9600,0.0000,0.0000,0.0000,0.0000,5.7159,0.0000,300.0000,0.0000,200.0000,0.0000
7,73EnBYPL2023/11/12,BYPL,0.0000,0.0000,0.0000,0.0000,6.8220,0.0000,0.0000,0.0000,70.6807,0.0000,9.5508,42.5855,0.0000,0.0000,12.0525,0.0000,19.4767,65.2301,0.0000,0.0000,57.6000,0.0000,0.0000,0.0000,104.7400,0.0000,0.0000,0.0000,0.0000,0.0000,0.0000,0.0000,82.0769,0.0000,0.0000,5.2654,0.0000,30.0050,50.3832,330.9623,67.8377,5.2222,10.7671,6.7031,11.4859,24.9784,0.0000,0.0000,0.0000,0.0000,0.0000,0.0000,0.0000,0.0000,0.0000,0.0000,0.0000,0.0000,0.0000,13.0531,0.0000,10.9347,17.6530,22.5501,1.6815,6.2865,0.0000,0.0000,0.0000,0.0000,4.1859,0.0000,0.5893,3.0277,0.0000,0.0000,0.0000,0.0000,220.5000,0.0000,0.0000,0.0000,0.0000,0.0000,0.0000,0.0000,0.0000,0.0000,0.0000,0.0000,0.0000,10.9200,0.0000,0.0000,300.0000,0.0000,200.0000,0.0000,0.0000,0.0000,21.6700,0.0000,0.0000,0.0000,0.0000,5.7159,0.0000,300.0000,0.0000,200.0000,0.0000
8,73EnBYPL2023/11/12,BYPL,0.0000,0.0000,0.0000,0.0000,6.8220,0.0000,0.0000,0.0000,70.6807,0.0000,9.5508,42.5855,0.0000,0.0000,12.0525,0.0000,19.4767,65.2301,0.0000,0.0000,57.6000,0.0000,0.0000,0.0000,104.7400,0.0000,0.0000,0.0000,0.0000,0.0000,0.0000,0.0000,82.0769,0.0000,0.0000,5.2654,0.0000,30.0050,50.3832,330.9623,67.8377,5.2222,10.7671,6.7031,11.4859,24.9784,0.0000,0.0000,0.0000,0.0000,0.0000,0.0000,0.0000,0.0000,0.0000,0.0000,0.0000,0.0000,0.0000,13.0531,0.0000,10.9347,17.6530,22.5501,1.6815,6.2865,0.0000,0.0000,0.0000,0.0000,4.1859,0.0000,0.5893,3.0277,0.0000,0.0000,0.0000,0.0000,220.5000,0.0000,0.0000,0.0000,0.0000,0.0000,0.0000,0.0000,0.0000,0.0000,0.0000,0.0000,0.0000,10.9200,0.0000,0.0000,300.0000,0.0000,200.0000,0.0000,0.0000,0.0000,21.6700,0.0000,0.0000,0.0000,0.0000,5.7159,0.0000,300.0000,0.0000,200.0000,0.0000
9,73EnBYPL2023/11/12,BYPL,0.0000,0.0000,0.0000,0.0000,6.8220,0.0000,0.0000,0.0000,70.6807,0.0000,9.5508,42.5855,0.0000,0.0000,12.0525,0.0000,19.4767,65.2301,5.7734,0.0000,57.6000,0.0000,0.0000,0.0000,104.7400,0.0000,0.0000,0.0000,0.0000,0.0000,0.0000,0.0000,82.0769,0.0000,0.0000,5.2654,0.0000,30.0050,50.3832,330.9623,67.8377,5.2222,10.7671,6.7031,11.4859,24.9784,0.0000,0.0000,0.0000,0.0000,0.0000,0.0000,0.0000,0.0000,0.0000,0.0000,0.0000,0.0000,0.0000,13.0531,0.0000,10.9347,17.6530,22.5501,1.6815,2.7330,0.0000,0.0000,0.0000,0.0000,4.1859,0.0000,0.5893,1.3005,0.0000,0.0000,0.0000,0.0000,220.5000,0.0000,0.0000,0.0000,0.0000,0.0000,0.0000,0.0000,0.0000,0.0000,0.0000,0.0000,0.0000,10.9200,0.0000,0.0000,300.0000,0.0000,200.0000,0.0000,0.0000,0.0000,19.7900,0.0000,0.0000,0.0000,0.0000,5.7159,0.0000,300.0000,0.0000,200.0000,0.0000
10,73EnBYPL2023/11/12,BYPL,0.0000,0.0000,0.0000,0.0000,6.8220,0.0000,0.0000,0.0000,70.6807,0.0000,9.5508,42.5855,0.0000,0.0000,12.0525,0.0000,19.4767,65.2301,5.7734,0.0000,57.6000,0.0000,0.0000,0.0000,104.7400,0.0000,0.0000,0.0000,0.0000,0.0000,0.0000,0.0000,82.0769,0.0000,0.0000,5.2654,0.0000,30.0050,50.3832,330.9623,67.8377,5.2222,10.7671,6.7031,11.4859,24.9784,0.0000,0.0000,0.0000,0.0000,0.0000,0.0000,0.0000,0.0000,0.0000,0.0000,0.0000,0.0000,0.0000,13.0531,0.0000,10.9347,17.6530,22.5501,1.6815,2.3927,0.0000,0.0000,0.0000,0.0000,4.1859,0.0000,6.4922,1.3005,0.0000,0.0000,0.0000,0.0000,220.5000,0.0000,0.0000,0.0000,0.0000,0.0000,0.0000,0.0000,0.0000,0.0000,0.0000,0.0000,0.0000,10.9200,0.0000,0.0000,300.0000,0.0000,200.0000,0.0000,0.0000,0.0000,20.5000,0.0000,0.0000,0.0000,0.0000,5.7159,0.0000,300.0000,0.0000,200.0000,0.0000
11,73EnBYPL2023/11/12,BYPL,0.0000,0.0000,0.0000,0.0000,6.8220,0.0000,0.0000,0.0000,70.6807,0.0000,9.5508,42.5855,0.0000,0.0000,12.0525,0.0000,19.4767,65.2301,5.7734,0.0000,57.6000,0.0000,0.0000,0.0000,104.7400,0.0000,0.0000,0.0000,0.0000,0.0000,0.0000,0.0000,82.0769,0.0000,0.0000,5.2654,0.0000,30.0050,50.3832,330.9623,67.8377,5.2222,10.7671,6.7031,11.4859,24.9784,0.0000,0.0000,0.0000,0.0000,0.0000,0.0000,0.0000,0.0000,0.0000,0.0000,0.0000,0.0000,0.0000,13.0531,0.0000,10.9347,17.6530,22.5501,1.6815,2.3927,0.0000,0.0000,0.0000,0.0000,4.1859,0.0000,20.1625,3.0277,0.0000,0.0000,0.0000,0.0000,220.5000,0.0000,0.0000,0.0000,0.0000,0.0000,0.0000,0.0000,0.0000,0.0000,0.0000,0.0000,0.0000,10.9200,0.0000,0.0000,300.0000,0.0000,200.0000,0.0000,0.0000,0.0000,21.1500,0.0000,0.0000,0.0000,0.0000,5.7159,0.0000,300.0000,0.0000,200.0000,0.0000
12,73EnBYPL2023/11/12,BYPL,0.0000,0.0000,0.0000,0.0000,6.8220,0.0000,0.0000,0.0000,70.6807,0.0000,9.5508,42.5855,0.0000,0.0000,12.0525,0.0000,19.4767,65.2301,5.7734,0.0000,57.6000,0.0000,0.0000,0.0000,104.7400,0.0000,0.0000,0.0000,0.0000,0.0000,0.0000,0.0000,82.0769,0.0000,0.0000,5.2654,0.0000,30.0050,50.3832,330.9623,67.8377,5.2222,10.7671,6.7031,11.4859,24.9784,0.0000,0.0000,0.0000,0.0000,0.0000,0.0000,0.0000,0.0000,0.0000,0.0000,0.0000,0.0000,0.0000,13.0531,0.0000,10.9347,17.6530,22.5501,1.6815,2.3927,0.0000,0.0000,0.0000,0.0000,4.1859,0.0000,20.1625,3.0277,0.0000,0.0000,0.0000,0.0000,220.5000,0.0000,0.0000,0.0000,0.0000,0.0000,0.0000,0.0000,0.0000,0.0000,0.0000,0.0000,0.0000,11.0600,0.0000,0.0000,300.0000,0.0000,200.0000,0.0000,0.0000,0.0000,21.6600,0.0000,0.0000,0.0000,0.0000,5.7159,0.0000,300.0000,0.0000,200.0000,0.0000
13,73EnBYPL2023/11/12,BYPL,0.0000,0.0000,0.0000,0.0000,6.8220,0.0000,0.0000,0.0000,70.6807,0.0000,9.5508,42.5855,0.0000,0.0000,12.0525,0.0000,19.4767,65.2301,5.7734,0.0000,57.6000,0.0000,0.0000,0.0000,104.7400,0.0000,0.0000,0.0000,0.0000,0.0000,0.0000,0.0000,82.0769,0.0000,0.0000,5.2654,0.0000,30.0050,50.3832,330.9623,67.8377,5.2222,10.7671,6.7031,11.4859,24.9784,0.0000,0.0000,0.0000,0.0000,0.0000,0.0000,0.0000,0.0000,0.0000,0.0000,0.0000,0.0000,0.0000,13.0531,0.0000,10.9347,17.6530,22.5501,1.6815,2.3927,0.0000,0.0000,0.0000,0.0000,4.1859,0.0000,20.1625,1.3005,0.0000,0.0000,0.0000,0.0000,220.5000,0.0000,0.0000,0.0000,0.0000,0.0000,0.0000,0.0000,0.0000,0.0000,0.0000,0.0000,0.0000,11.1400,0.0000,0.0000,300.0000,0.0000,200.0000,0.0000,0.0000,0.0000,22.1300,0.0000,0.0000,0.0000,0.0000,5.7159,0.0000,300.0000,0.0000,200.0000,0.0000
14,73EnBYPL2023/11/12,BYPL,0.0000,0.0000,0.0000,0.0000,6.8220,0.0000,0.0000,0.0000,70.6807,0.0000,9.5508,42.5855,0.0000,0.0000,12.0525,0.0000,19.4767,65.2301,5.7734,0.0000,57.6000,0.0000,0.0000,0.0000,104.7400,0.0000,0.0000,0.0000,0.0000,0.0000,0.0000,0.0000,82.0769,0.0000,0.0000,5.2654,0.0000,30.0050,50.3832,330.9623,67.8377,5.2222,10.7671,6.7031,11.4859,24.9784,0.0000,0.0000,0.0000,0.0000,0.0000,0.0000,0.0000,0.0000,0.0000,0.0000,0.0000,0.0000,0.0000,13.0531,0.0000,10.9347,17.6530,22.5501,1.6815,2.3927,0.0000,0.0000,0.0000,0.0000,4.1859,0.0000,20.1625,1.3005,0.0000,0.0000,0.0000,0.0000,220.5000,0.0000,0.0000,0.0000,0.0000,0.0000,0.0000,0.0000,0.0000,0.0000,0.0000,0.0000,0.0000,11.2100,0.0000,0.0000,300.0000,0.0000,200.0000,0.0000,0.0000,0.0000,22.4300,0.0000,0.0000,0.0000,0.0000,5.7159,0.0000,300.0000,0.0000,200.0000,0.0000
15,73EnBYPL2023/11/12,BYPL,0.0000,0.0000,0.0000,0.0000,6.8220,0.0000,0.0000,0.0000,70.6807,0.0000,9.5508,42.5855,0.0000,0.0000,12.0525,0.0000,19.4767,65.2301,5.7734,0.0000,57.6000,0.0000,0.0000,0.0000,104.7400,0.0000,0.0000,0.0000,0.0000,0.0000,0.0000,0.0000,82.0769,0.0000,0.0000,5.2654,0.0000,30.0050,50.3832,330.9623,67.8377,5.2222,10.7671,6.7031,11.4859,24.9784,0.0000,0.0000,0.0000,0.0000,0.0000,0.0000,0.0000,0.0000,0.0000,0.0000,0.0000,0.0000,0.0000,13.0531,0.0000,10.9347,17.6530,22.5501,1.6815,2.3927,0.0000,0.0000,0.0000,0.0000,4.1859,0.0000,6.4922,1.3005,0.0000,0.0000,0.0000,0.0000,220.5000,0.0000,0.0000,0.0000,0.0000,0.0000,0.0000,0.0000,0.0000,0.0000,0.0000,0.0000,0.0000,11.2500,0.0000,0.0000,300.0000,0.0000,200.0000,0.0000,0.0000,0.0000,22.8500,0.0000,0.0000,0.0000,0.0000,5.7159,0.0000,300.0000,0.0000,200.0000,0.0000
16,73EnBYPL2023/11/12,BYPL,0.0000,0.0000,0.0000,0.0000,6.8220,0.0000,0.0000,0.0000,70.6807,0.0000,9.5508,42.5855,0.0000,0.0000,12.0525,0.0000,19.4767,65.2301,5.7734,0.0000,57.6000,0.0000,0.0000,0.0000,104.7400,0.0000,0.0000,0.0000,0.0000,0.0000,0.0000,0.0000,82.0769,0.0000,0.0000,5.2654,0.0000,30.0050,50.3832,330.9623,67.8377,5.2222,10.7671,6.7031,11.4859,24.9784,0.0000,0.0000,0.0000,0.0000,0.0000,0.0000,0.0000,0.0000,0.0000,0.0000,0.0000,0.0000,0.0000,13.0531,0.0000,10.9347,17.6530,22.5501,1.6815,2.3927,0.0000,0.0000,0.0000,0.0000,4.1859,0.0000,3.2461,1.3005,0.2794,0.0000,0.0000,0.0000,220.5000,0.0000,0.0000,0.0000,0.0000,0.0000,0.0000,0.0000,0.0000,0.0000,0.0000,0.0000,0.0000,11.4200,0.0000,0.0000,300.0000,0.0000,200.0000,0.0000,0.0000,0.0000,23.2500,0.0000,0.0000,0.0000,0.0000,5.7159,0.0000,300.0000,0.0000,200.0000,0.0000
17,73EnBYPL2023/11/12,BYPL,0.0000,0.0000,0.0000,0.0000,6.8220,0.0000,0.0000,0.0000,70.6807,0.0000,9.5508,42.5855,0.0000,0.0000,12.0525,0.0000,19.4767,65.2301,5.7734,0.0000,57.6000,0.0000,0.0000,0.0000,104.7400,0.0000,0.0000,0.0000,0.0000,0.0000,0.0000,0.0000,82.0769,0.0000,0.0000,5.2654,0.0000,30.0050,50.3832,330.9623,67.8377,5.2222,10.7671,6.7031,11.4859,24.9784,0.0000,0.0000,0.0000,0.0000,0.0000,0.0000,0.0000,0.0000,0.0000,0.0000,0.0000,0.0000,0.0000,13.0531,0.0000,10.9347,17.6530,22.5501,1.6815,2.3927,0.0000,0.0000,0.0000,0.0000,4.1859,0.0000,3.2461,1.3005,0.2794,0.0000,0.0000,0.0000,220.5000,0.0000,0.0000,0.0000,0.0000,0.0000,0.0000,0.0000,0.0000,0.0000,0.0000,0.0000,0.0000,11.5600,0.0000,0.0000,300.0000,0.0000,200.0000,0.0000,0.0000,0.0000,23.0800,0.0000,0.0000,0.0000,0.0000,5.7159,0.0000,300.0000,0.0000,200.0000,0.0000
18,73EnBYPL2023/11/12,BYPL,0.0000,0.0000,0.0000,0.0000,6.8220,0.0000,0.0000,0.0000,70.6807,0.0000,9.5508,42.5855,0.0000,0.0000,12.0525,0.0000,19.4767,65.2301,5.7734,0.0000,57.6000,0.0000,0.0000,0.0000,104.7400,0.0000,0.0000,0.0000,0.0000,0.0000,0.0000,0.0000,82.0769,0.0000,0.0000,5.2654,0.0000,30.0050,50.3832,330.9623,67.8377,5.2222,10.7671,6.7031,11.4859,24.9784,0.0000,0.0000,0.0000,0.0000,0.0000,0.0000,0.0000,0.0000,0.0000,0.0000,0.0000,0.0000,0.0000,13.0531,0.0000,10.9347,17.6530,22.5501,1.6815,2.3927,0.0000,0.0000,0.0000,0.0000,4.1859,0.0000,3.2461,1.3005,0.2794,0.0000,0.0000,0.0000,220.5000,0.0000,0.0000,0.0000,0.0000,0.0000,0.0000,0.0000,0.0000,0.0000,0.0000,0.0000,0.0000,7.5500,0.0000,0.0000,300.0000,0.0000,200.0000,0.0000,0.0000,0.0000,22.9100,0.0000,0.0000,0.0000,0.0000,5.7159,0.0000,300.0000,0.0000,200.0000,0.0000
19,73EnBYPL2023/11/12,BYPL,0.0000,0.0000,0.0000,0.0000,6.8220,0.0000,0.0000,0.0000,70.6807,0.0000,9.5508,42.5855,0.0000,0.0000,12.0525,0.0000,19.4767,65.2301,5.7734,0.0000,57.6000,0.0000,0.0000,0.0000,104.7400,0.0000,0.0000,0.0000,0.0000,0.0000,0.0000,0.0000,82.0769,0.0000,0.0000,5.2654,0.0000,30.0050,50.3832,330.9623,67.8377,5.2222,10.7671,6.7031,11.4859,24.9784,0.0000,0.0000,0.0000,0.0000,0.0000,0.0000,0.0000,0.0000,0.0000,0.0000,0.0000,0.0000,0.0000,13.0531,0.0000,10.9347,17.6530,22.5501,1.6815,2.3927,0.0000,0.0000,0.0000,0.0000,4.1859,0.0000,3.2461,1.3005,0.2794,0.0000,0.0000,0.0000,220.5000,0.0000,0.0000,0.0000,0.0000,0.0000,0.0000,0.0000,0.0000,0.0000,0.0000,0.0000,0.0000,7.7100,0.0000,0.0000,300.0000,0.0000,200.0000,0.0000,0.0000,0.0000,18.8300,0.0000,0.0000,0.0000,0.0000,5.7159,0.0000,300.0000,0.0000,200.0000,0.0000
20,73EnBYPL2023/11/12,BYPL,0.0000,0.0000,0.0000,0.0000,6.8220,0.0000,0.0000,0.0000,70.6807,0.0000,9.5508,42.5855,0.0000,0.0000,12.0525,0.0000,19.4767,65.2301,5.7734,0.0000,57.6000,0.0000,0.0000,0.0000,104.7400,0.0000,0.0000,0.0000,0.0000,0.0000,0.0000,0.0000,82.0769,0.0000,0.0000,5.2654,0.0000,30.0050,50.3832,330.9623,67.8377,5.2222,10.7671,6.7031,11.4859,24.9784,0.0000,0.0000,0.0000,0.0000,0.0000,0.0000,0.0000,0.0000,0.0000,0.0000,0.0000,0.0000,0.0000,13.0531,0.0000,10.9347,17.6530,22.5501,1.6815,2.3927,0.0000,0.0000,0.0000,0.0000,4.1859,0.0000,3.2461,1.3005,0.2794,0.0000,0.0000,0.0000,220.5000,0.0000,0.0000,0.0000,0.0000,0.0000,0.0000,0.0000,0.0000,0.0000,0.0000,0.0000,0.0000,8.0500,0.0000,0.0000,300.0000,0.0000,200.0000,0.0000,0.0000,0.0000,19.2100,0.0000,0.0000,0.0000,0.0000,5.7159,0.0000,300.0000,0.0000,200.0000,0.0000
21,73EnBYPL2023/11/12,BYPL,0.0000,0.0000,0.0000,0.0000,6.8220,0.0000,0.0000,0.0000,70.6807,0.0000,9.5508,42.5855,0.0000,0.0000,12.0525,0.0000,19.4767,65.2301,5.7734,0.0000,57.6000,0.0000,0.0000,0.0000,104.7400,0.0000,0.0000,0.0000,0.0000,0.0000,0.0000,0.0000,82.0769,0.0000,0.0000,5.2654,0.0000,30.0050,50.3832,330.9623,67.8377,5.2222,10.7671,6.7031,11.4859,24.9784,0.0000,0.0000,0.0000,0.0000,0.0000,0.0000,0.0000,0.0000,0.0000,0.0000,0.0000,0.0000,0.0000,13.0531,0.0000,10.9347,17.6530,22.5501,1.6815,2.3927,0.0000,0.0000,0.0000,0.3353,4.1859,0.0000,3.2461,1.3005,0.2794,0.0000,0.0000,0.0000,220.5000,0.0000,0.0000,0.0000,0.0000,0.0000,0.0000,0.0000,0.0000,0.0000,0.0000,0.0000,0.0000,8.3700,0.0000,0.0000,300.0000,0.0000,200.0000,0.0000,0.0000,0.0000,19.6500,0.0000,0.0000,0.0000,0.0000,5.7159,0.0000,300.0000,0.0000,200.0000,0.0000
22,73EnBYPL2023/11/12,BYPL,0.0000,0.0000,0.0000,0.0000,6.8220,0.0000,0.0000,0.0000,70.6807,0.0000,9.5508,42.5855,0.0000,0.0000,12.0525,0.0000,19.4767,65.2301,10.8255,0.0000,57.6000,0.0000,0.0000,0.0000,104.7400,0.0000,0.0000,0.0000,0.0000,0.0000,0.0000,0.0000,82.0769,0.0000,0.0000,5.2654,0.0000,30.0050,50.3832,330.9623,67.8377,5.2222,10.7671,6.7031,11.4859,24.9784,0.0000,0.0000,0.0000,0.0000,0.0000,0.0000,0.0000,0.0000,0.0000,0.0000,0.0000,0.0000,0.0000,13.0531,0.0000,10.9347,17.6530,22.5501,1.6815,2.3927,0.0000,3.3452,0.0000,1.7120,4.1859,0.0000,3.2461,1.3005,0.2794,0.0000,0.0000,0.0000,220.5000,0.0000,0.0000,0.0000,0.0000,0.0000,0.0000,0.0000,0.0000,0.0000,0.0000,0.0000,0.0000,8.3400,0.0000,0.0000,300.0000,0.0000,200.0000,0.0000,0.0000,0.0000,20.0000,0.0000,0.0000,0.0000,0.0000,5.7159,0.0000,300.0000,0.0000,200.0000,0.0000
23,73EnBYPL2023/11/12,BYPL,0.0000,0.0000,0.0000,0.0000,6.8220,0.0000,0.0000,0.0000,70.6807,0.0000,9.5508,42.5855,0.0000,0.0000,12.0525,0.0000,19.4767,65.2301,14.4323,0.0000,57.6000,0.0000,0.0000,0.0000,104.7400,0.0000,0.0000,0.0000,0.0000,0.0000,0.0000,0.0000,82.0769,0.0000,0.0000,5.2654,0.0000,30.0050,50.3832,330.9623,67.8377,5.2222,10.7671,6.7031,11.4859,24.9784,0.0000,0.0000,0.0000,0.0000,0.0000,0.0000,0.0000,0.0000,0.0000,0.0000,0.0000,0.0000,0.0000,13.0531,0.0000,10.9347,17.6530,22.5501,3.3655,2.3927,0.0000,3.3452,0.0000,2.3139,4.1859,0.0000,3.2461,1.3005,0.2794,0.0000,0.0000,0.0000,220.5000,0.0000,0.0000,0.0000,0.0000,0.0000,0.0000,0.0000,0.0000,0.0000,0.0000,0.0000,0.0000,8.3400,0.0000,0.0000,300.0000,0.0000,200.0000,0.0000,0.0000,0.0000,26.8400,0.0000,0.0000,0.0000,0.0000,5.7159,0.0000,300.0000,0.0000,200.0000,0.0000
24,73EnBYPL2023/11/12,BYPL,0.0000,0.0000,0.0000,0.0000,6.8220,0.0000,0.0000,0.0000,70.6807,0.0000,9.5508,42.5855,0.0000,0.0000,12.0525,0.0000,19.4767,65.2301,19.2430,0.0000,57.6000,0.0000,0.0000,0.0000,104.7400,0.0000,0.0000,0.0000,0.0000,0.0000,0.0000,0.0000,82.0769,0.0000,0.0000,5.2654,0.0000,30.0050,50.3832,330.9623,67.8377,5.2222,10.7671,6.7031,11.4859,24.9784,0.0000,0.0000,0.0000,0.0000,0.0000,0.0000,0.0000,1.3208,0.0000,0.0000,0.0000,0.0000,0.0000,13.0531,0.0000,10.9347,17.6530,22.5501,3.3655,2.3927,1.7856,3.3452,0.0000,4.6304,8.3718,0.9703,3.2461,1.3005,0.2794,0.0000,0.0000,0.0000,220.5000,0.0000,0.0000,0.0000,0.0000,0.0000,0.0000,0.0000,0.0000,0.0000,0.0000,0.0000,0.0000,8.3400,0.0000,0.0000,300.0000,0.0000,200.0000,0.0000,0.0000,0.0000,27.8400,0.0000,0.0000,0.0000,0.0000,5.7159,0.0000,300.0000,0.0000,200.0000,0.0000
25,73EnBYPL2023/11/12,BYPL,0.0000,0.0000,0.0000,0.0000,6.8220,0.0000,0.0000,0.0000,70.6807,0.0000,9.5508,42.5855,0.0000,0.0000,12.0525,0.0000,19.4767,65.2301,26.4592,0.0000,57.6000,0.0000,0.0000,0.0000,104.7400,0.0000,0.0000,0.0000,0.0000,0.0000,0.0000,0.0000,82.0769,0.0000,0.0000,5.2654,0.0000,30.0050,50.3832,330.9623,67.8377,5.2222,10.7671,6.7031,11.4859,24.9784,0.0000,0.0000,0.0000,0.0000,0.0000,0.0000,0.0000,2.6822,0.0000,0.0000,0.0000,0.0000,0.0000,13.0531,0.0000,10.9347,17.6530,22.5501,12.6187,3.4163,3.5712,6.6904,0.3226,6.9444,12.5578,4.1529,3.2461,1.3005,0.8382,0.0000,0.0000,0.0000,220.5000,0.0000,0.0000,0.0000,0.0000,0.0000,0.0000,0.0000,0.0000,0.0000,0.0000,0.0000,0.0000,8.3400,0.0000,0.0000,300.0000,0.0000,200.0000,0.0000,0.0000,0.0000,28.8400,0.0000,0.0000,0.0000,0.0000,5.7159,0.0000,300.0000,0.0000,200.0000,0.0000
26,73EnBYPL2023/11/12,BYPL,0.0000,0.0000,0.0000,0.0000,6.8220,0.0000,0.0000,0.0000,70.6807,0.0000,9.5508,42.5855,0.0000,0.0000,12.0525,0.0000,19.4767,65.2301,33.6753,0.0000,57.6000,0.0000,0.0000,0.0000,104.7400,0.0000,0.0000,0.0000,0.0000,0.0000,0.0000,0.0000,82.0769,0.0000,0.0000,5.2654,0.0000,30.0050,50.3832,330.9623,67.8377,5.2222,10.7671,6.7031,11.4859,24.9784,0.0000,0.0000,0.0000,0.0000,0.0000,0.0000,0.0000,4.0132,0.0000,0.0000,0.0000,0.0000,0.0000,13.0531,0.0000,10.9347,17.6530,22.5501,12.6187,3.4163,6.6218,10.0355,4.9200,9.2812,12.5578,4.1529,3.2461,1.3005,4.9682,0.0000,0.0000,0.0000,220.5000,0.0000,0.0000,0.0000,0.0000,0.0000,0.0000,0.0000,0.0000,0.0000,0.0000,0.0000,0.0000,8.3400,0.0000,0.0000,300.0000,0.0000,200.0000,0.0000,0.0000,0.0000,29.8400,0.0000,0.0000,0.0000,0.0000,5.7159,0.0000,300.0000,0.0000,200.0000,0.0000
27,73EnBYPL2023/11/12,BYPL,0.0000,0.0000,0.0000,0.0000,6.8220,0.0000,0.0000,0.0000,70.6807,0.0000,9.5508,42.5855,0.0000,0.0000,12.0525,0.0000,19.4767,65.2301,33.6753,0.0000,57.6000,0.0000,0.0000,0.0000,104.7400,0.0000,0.0100,0.0000,0.0000,0.0000,0.0000,0.0000,82.0769,0.0000,0.0000,5.2654,0.0000,30.0050,50.3832,330.9623,67.8377,5.2222,10.7671,6.7031,11.4859,24.9784,0.0000,0.0000,0.0000,0.0000,0.0000,0.0000,0.0000,4.0132,0.0000,0.0000,0.0000,0.0000,0.0000,13.0531,0.0000,10.8026,17.6530,22.5501,3.3655,3.4163,10.0330,10.0355,4.9200,9.2812,12.5578,4.1529,3.2461,1.3005,4.9682,0.0000,0.0000,0.0000,220.5000,0.0000,0.0000,0.0000,0.0000,0.0000,0.0000,0.0000,0.0000,0.0000,0.0000,0.0000,0.0000,8.3400,0.0000,0.0000,300.0000,0.0000,200.0000,0.0000,0.0000,0.0000,28.5100,0.0000,0.0000,0.0000,0.0000,5.7159,0.0000,300.0000,0.0000,200.0000,0.0000
28,73EnBYPL2023/11/12,BYPL,0.0000,0.0000,0.0000,0.0000,6.8220,0.0000,0.0000,0.0000,70.6807,0.0000,9.5508,42.5855,0.0000,0.0000,12.0525,0.0000,19.4767,65.2301,33.6753,0.0000,57.6000,0.0000,0.0000,0.0000,104.7400,0.0000,0.0200,0.0000,0.0000,0.0000,0.0000,0.0000,82.0769,0.0000,0.0000,5.2654,0.0000,30.0050,50.3832,330.9623,67.8377,5.2222,10.7671,6.7031,11.4859,24.9784,0.0000,0.0000,0.0000,0.0000,0.0000,0.0000,0.0000,4.0132,0.0000,0.0000,0.0000,0.0000,0.0000,13.0531,0.0000,10.8026,17.6530,22.5501,3.3655,3.4163,10.0330,10.0355,4.9200,9.2812,12.5578,4.1529,3.2461,1.3005,4.9682,0.0000,0.0000,0.0000,220.5000,0.0000,0.0000,0.0000,0.0000,0.0000,0.0000,0.0000,0.0000,0.0000,0.0000,0.0000,0.0000,8.3400,0.0000,0.0000,0.0100,0.0000,200.0000,0.0000,0.0000,0.0000,28.5100,0.0000,0.0000,0.0000,0.0000,5.7159,0.0000,1.5000,0.0000,200.0000,0.0000
29,73EnBYPL2023/11/12,BYPL,0.0000,0.0000,0.0000,0.0000,6.8220,0.0000,0.0000,0.0000,70.6807,0.0000,9.5508,42.5855,0.0000,0.0000,12.0525,0.0000,19.4767,65.2301,33.6753,0.0000,57.6000,0.0000,0.0000,0.0000,104.7400,0.0000,0.1700,0.0000,0.0000,0.0000,0.0000,0.0000,82.0769,0.0000,0.0000,5.2654,0.0000,30.0050,50.3832,330.9623,67.8377,5.2222,10.7671,6.7031,11.4859,24.9784,0.0000,0.0000,0.0000,0.0000,0.0000,0.0000,0.0000,4.0132,0.0000,0.0000,0.0000,0.0000,0.0000,13.0531,0.0000,10.8026,17.6530,22.5501,3.3655,3.4163,10.0330,10.0355,4.9200,9.2812,12.5578,4.1529,3.2461,1.3005,4.9682,0.0000,0.0000,0.0000,220.5000,0.0000,0.0000,0.0000,0.0000,0.0000,0.0000,0.0000,0.0000,0.0000,0.0000,0.0000,0.0000,8.3400,0.0000,0.0000,0.4000,0.0000,2.5500,0.0000,0.0000,0.0000,21.9000,0.0000,0.0000,0.0000,0.0000,5.7159,0.0000,3.0000,0.0000,2.5500,0.0000
30,73EnBYPL2023/11/12,BYPL,0.0000,0.0000,0.0000,0.0000,6.8220,0.0000,0.0000,0.0000,70.6807,0.0000,9.5508,42.5855,0.0000,0.0000,12.0525,0.0000,19.4767,65.2301,33.6753,0.0000,57.6000,0.0000,0.0000,0.0000,104.7400,0.0000,0.5333,0.0000,0.0000,0.0000,0.0000,0.0000,82.0769,0.0000,0.0000,5.2654,0.0000,30.0050,50.3832,330.9623,67.8377,5.2222,10.7671,6.7031,11.4859,24.9784,0.0000,0.0000,0.0000,0.0000,0.0000,0.0000,0.0000,4.0132,0.0000,0.0000,0.0000,0.0000,0.0000,13.0531,0.0000,10.8026,17.6530,22.5501,3.3655,3.4163,6.6218,10.0355,4.9200,4.6304,12.5578,4.1529,3.2461,1.3005,4.9682,0.0000,0.0000,0.0000,220.5000,0.0000,0.0000,0.0000,0.0000,0.0000,0.0000,0.0000,0.0000,0.0000,0.0000,0.0000,0.0000,8.3400,0.0000,0.0000,1.4900,0.0000,5.0000,0.0000,0.0000,0.0000,21.8600,0.0000,0.0000,0.0000,0.0000,5.7159,0.0000,4.0000,0.0000,5.0000,0.0000
31,73EnBYPL2023/11/12,BYPL,0.0000,0.0000,0.0000,0.0000,6.8220,0.0000,0.0000,0.0000,70.6807,0.0000,9.5508,42.5855,0.0000,0.0000,12.0525,0.0000,19.4767,65.2301,33.6753,0.0000,57.6000,0.0000,0.0000,0.0000,104.7400,0.0000,1.1667,0.0000,0.0000,0.0000,0.0000,0.0000,82.0769,0.0000,0.0000,5.2654,0.0000,30.0050,50.3832,330.9623,67.8377,5.2222,10.7671,6.7031,11.4859,24.9784,0.0000,0.0000,0.0000,0.0000,0.0000,0.0000,0.0000,4.0132,0.0000,0.0000,0.0000,0.0000,0.0000,13.0531,0.0000,10.8026,17.6530,22.5501,3.3655,3.4163,3.4112,10.0355,4.9200,2.3139,12.5578,0.9703,3.2461,1.3005,1.6561,0.0000,0.0000,0.0000,220.5000,0.0000,0.0000,0.0000,0.0000,0.0000,0.0000,0.0000,0.0000,0.0000,0.0000,0.0000,0.0000,8.3400,0.0000,0.0000,3.2000,0.0000,9.0000,0.0000,0.0000,0.0000,21.4700,0.0000,0.0000,0.0000,0.0000,5.7159,0.0000,6.0000,0.0000,9.0000,0.0000
32,73EnBYPL2023/11/12,BYPL,0.0000,0.0000,0.0000,0.0000,6.8220,0.0000,0.0000,0.0000,70.6807,0.0000,9.5508,42.5855,0.0000,0.0000,12.0525,0.0000,19.4767,65.2301,24.0538,0.0000,57.6000,0.0000,0.0000,0.0000,104.7400,0.0000,1.9966,0.0000,0.0000,0.0000,0.0000,0.0000,82.0769,0.0000,0.0000,5.2654,0.0000,30.0050,50.3832,330.9623,67.8377,5.2222,10.7671,6.7031,11.4859,24.9784,0.0000,0.0000,0.0000,0.0000,0.0000,0.0000,0.0000,2.6822,0.0000,0.0000,0.0000,0.0000,0.0000,13.0531,0.0000,10.8026,17.6530,22.5501,3.3655,3.4163,0.0000,6.6904,0.0000,0.0000,8.3718,0.0000,3.2461,1.3005,0.0000,0.0000,0.0000,0.0000,220.5000,0.0000,0.0000,0.0000,0.0000,0.0000,0.0000,0.0000,0.0000,0.0000,0.0000,0.0000,0.0000,8.3400,0.0000,0.0000,5.6000,0.0000,12.0000,0.0000,0.0000,0.0000,21.2500,0.0000,0.0000,0.0000,0.0000,5.7159,0.0000,10.0000,0.0000,12.0000,0.0000
33,73EnBYPL2023/11/12,BYPL,0.0000,0.0000,0.0000,0.0000,6.8220,0.0000,0.0000,0.0000,70.6807,0.0000,9.5508,42.5855,0.0000,0.0000,12.0525,0.0000,19.4767,65.2301,19.2430,0.0000,57.6000,0.0000,0.0000,0.0000,104.7400,0.0000,2.9066,0.0000,0.0000,0.0000,0.0000,0.0000,82.0769,0.0000,0.0000,5.2654,0.0000,30.0050,50.3832,330.9623,67.8377,5.2222,10.7671,6.7031,11.4859,24.9784,0.0000,0.0000,0.0000,0.0000,0.0000,0.0000,0.0000,1.3411,0.0000,0.0000,0.0000,0.0000,0.0000,13.0531,0.0000,10.6680,17.6530,22.5501,3.3655,8.1026,0.0000,6.6904,0.0000,0.0000,8.3718,0.0000,3.2461,1.3005,0.0000,0.0000,0.0000,0.0000,220.5000,0.0000,0.0000,0.0000,0.0000,0.0000,0.0000,0.0000,0.0000,0.0000,0.0000,0.0000,0.0000,7.3400,0.0000,0.0000,9.0400,0.0000,17.0000,0.0000,0.0000,0.0000,15.1400,0.0000,0.0000,0.0000,0.0000,5.7159,0.0000,12.0000,0.0000,17.0000,0.0000
34,73EnBYPL2023/11/12,BYPL,0.0000,0.0000,0.0000,0.0000,6.8220,0.0000,0.0000,0.0000,70.6807,0.0000,9.5508,42.5855,0.0000,0.0000,12.0525,0.0000,19.4767,65.2301,14.6736,0.0000,57.6000,0.0000,0.0000,0.0000,104.7400,0.0000,3.8233,0.0000,0.0000,0.0000,0.0000,0.0000,82.0769,0.0000,0.0000,5.2654,0.0000,30.0050,50.3832,330.9623,67.8377,5.2222,10.7671,6.7031,11.4859,24.9784,0.0000,0.0000,0.0000,0.0000,0.0000,0.0000,0.0000,0.0000,0.0000,0.0000,0.0000,0.0000,0.0000,13.0531,0.0000,10.6680,17.6530,22.5501,12.6187,8.1026,0.0000,3.3452,0.0000,0.0000,8.3718,0.0000,3.2461,1.3005,0.0000,0.0000,0.0000,0.0000,220.5000,0.0000,0.0000,0.0000,0.0000,0.0000,0.0000,0.0000,0.0000,0.0000,0.0000,0.0000,0.0000,7.3400,0.0000,0.0000,12.8000,0.0000,21.5000,0.0000,0.0000,0.0000,14.9000,0.0000,0.0000,0.0000,0.0000,5.7159,0.0000,18.0000,0.0000,21.5000,0.0000
35,73EnBYPL2023/11/12,BYPL,0.0000,0.0000,0.0000,0.0000,6.8220,0.0000,0.0000,0.0000,70.6807,0.0000,9.5508,42.5855,0.0000,0.0000,12.0525,0.0000,19.4767,65.2301,11.1862,0.0000,57.6000,0.0000,0.0000,0.0000,104.7400,0.0000,4.7900,0.0000,0.0000,0.0000,0.0000,0.0000,82.0769,0.0000,0.0000,5.2654,0.0000,30.0050,50.3832,330.9623,67.8377,5.2222,10.7671,6.7031,11.4859,24.9784,0.0000,0.0000,0.0000,0.0000,0.0000,0.0000,0.0000,0.0000,0.0000,0.0000,0.0000,0.0000,0.0000,13.0531,0.0000,10.6680,17.6530,22.5501,12.6187,8.1026,0.0000,3.3452,0.0000,0.0000,8.3718,0.0000,3.2461,1.3005,0.0000,0.0000,0.0000,0.0000,220.5000,0.0000,0.0000,0.0000,0.0000,0.0000,0.0000,0.0000,0.0000,0.0000,0.0000,0.0000,0.0000,7.3400,0.0000,0.0000,16.4400,0.0000,23.0000,0.0000,0.0000,0.0000,14.8200,0.0000,0.0000,0.0000,0.0000,5.7159,0.0000,25.5000,0.0000,23.0000,0.0000
36,73EnBYPL2023/11/12,BYPL,0.0000,0.0000,0.0000,0.0000,6.8220,0.0000,0.0000,0.0000,70.6807,0.0000,9.5508,42.5855,0.0000,0.0000,12.0525,0.0000,19.4767,65.2301,5.8928,0.0000,57.6000,0.0000,0.0000,0.0000,104.7400,0.0000,5.6566,0.0000,0.0000,0.0000,0.0000,0.0000,82.0769,0.0000,0.0000,5.2654,0.0000,30.0050,50.3832,330.9623,67.8377,5.2222,10.7671,6.7031,11.4859,24.9784,0.0000,0.0000,0.0000,0.0000,0.0000,0.0000,0.0000,0.0000,0.0000,0.0000,0.0000,0.0000,0.0000,13.0531,0.0000,10.6680,17.6530,22.5501,3.3655,6.2865,0.0000,3.3452,0.0000,0.0000,4.1859,0.0000,3.2461,1.3005,0.0000,0.0000,0.0000,0.0000,220.5000,0.0000,0.0000,0.0000,0.0000,0.0000,0.0000,0.0000,0.0000,0.0000,0.0000,0.0000,0.0000,7.3400,0.0000,0.0000,19.9200,0.0000,25.8000,0.0000,0.0000,0.0000,14.9200,0.0000,0.0000,0.0000,0.0000,5.7159,0.0000,33.0000,0.0000,25.8000,0.0000
37,73EnBYPL2023/11/12,BYPL,0.0000,0.0000,0.0000,0.0000,6.8220,0.0000,0.0000,0.0000,70.6807,0.0000,9.5508,42.5855,0.0000,0.0000,12.0525,0.0000,19.4767,65.2301,5.8928,0.0000,57.6000,0.0000,0.0000,0.0000,104.7400,0.0000,6.5366,0.0000,0.0000,0.0000,0.0000,0.0000,82.0769,0.0000,0.0000,5.2654,0.0000,30.0050,50.3832,330.9623,67.8377,5.2222,10.7671,6.7031,11.4859,24.9784,0.0000,0.0000,0.0000,0.0000,0.0000,0.0000,0.0000,0.0000,0.0000,0.0000,0.0000,0.0000,0.0000,13.0531,0.0000,10.6680,17.6530,22.5501,3.3655,2.7330,0.0000,3.3452,0.0000,0.0000,4.1859,0.0000,3.2461,0.9754,0.0000,0.0000,0.0000,0.0000,220.5000,0.0000,0.0000,0.0000,0.0000,0.0000,0.0000,0.0000,0.0000,0.0000,0.0000,0.0000,0.0000,7.3400,0.0000,0.0000,31.2000,0.0000,28.5000,0.0000,0.0000,0.0000,14.7100,0.0000,0.0000,0.0000,0.0000,5.7159,0.0000,34.5000,0.0000,28.5000,0.0000
38,73EnBYPL2023/11/12,BYPL,0.0000,0.0000,0.0000,0.0000,6.8220,0.0000,0.0000,0.0000,70.6807,0.0000,9.5508,42.5855,0.0000,0.0000,12.0525,0.0000,19.4767,65.2301,5.8928,0.0000,57.6000,0.0000,0.0000,0.0000,104.7400,0.0000,7.4299,0.0000,0.0000,0.0000,0.0000,0.0000,82.0769,0.0000,0.0000,5.2654,0.0000,30.0050,50.3832,330.9623,67.8377,5.2222,10.7671,6.7031,11.4859,24.9784,0.0000,0.0000,0.0000,0.0000,0.0000,0.0000,0.0000,0.0000,0.0000,0.0000,0.0000,0.0000,0.0000,13.0531,0.0000,10.6680,17.6530,22.5501,3.3655,2.5629,0.0000,3.3452,0.0000,0.0000,4.1859,0.0000,3.2461,0.9754,0.0000,0.0000,0.0000,0.0000,220.5000,0.0000,0.0000,0.0000,0.0000,0.0000,0.0000,0.0000,0.0000,0.0000,0.0000,0.0000,0.0000,7.3400,0.0000,0.0000,35.2100,0.0000,31.0000,0.0000,0.0000,0.0000,14.8400,0.0000,0.0000,0.0000,0.0000,5.7159,0.0000,40.5000,0.0000,31.0000,0.0000
39,73EnBYPL2023/11/12,BYPL,0.0000,0.0000,0.0000,0.0000,6.8220,0.0000,0.0000,0.0000,70.6807,0.0000,9.5508,42.5855,0.0000,0.0000,12.0525,0.0000,19.4767,65.2301,0.0000,0.0000,57.6000,0.0000,0.0000,0.0000,104.7400,0.0000,8.2399,0.0000,0.0000,0.0000,0.0000,0.0000,82.0769,0.0000,0.0000,5.2654,0.0000,30.0050,50.3832,330.9623,67.8377,5.2222,10.7671,6.7031,11.4859,24.9784,0.0000,0.0000,0.0000,0.0000,0.0000,0.0000,0.0000,0.0000,0.0000,0.0000,0.0000,0.0000,0.0000,13.0531,0.0000,10.6680,17.6530,22.5501,2.2428,2.3927,0.0000,0.0000,0.0000,0.0000,4.1859,0.0000,3.2461,0.9754,0.0000,0.0000,0.0000,0.0000,220.5000,0.0000,0.0000,0.0000,0.0000,0.0000,0.0000,0.0000,0.0000,0.0000,0.0000,0.0000,0.0000,7.3400,0.0000,0.0000,39.2400,0.0000,34.0000,0.0000,0.0000,0.0000,14.7800,0.0000,0.0000,0.0000,0.0000,5.7159,0.0000,54.3000,0.0000,34.0000,0.0000
40,73EnBYPL2023/11/12,BYPL,0.0000,0.0000,0.0000,0.0000,6.8220,0.0000,0.0000,0.0000,70.6807,0.0000,9.5508,42.5855,0.0000,0.0000,12.0525,0.0000,19.4767,65.2301,0.0000,0.0000,57.6000,0.0000,0.0000,0.0000,104.7400,0.0000,8.9766,0.0000,0.0000,0.0000,0.0000,0.0000,82.0769,0.0000,0.0000,5.2654,0.0000,30.0050,50.3832,330.9623,67.8377,5.2222,10.7671,6.7031,11.4859,24.9784,0.0000,0.0000,0.0000,0.0000,0.0000,0.0000,0.0000,0.0000,0.0000,0.0000,0.0000,0.0000,0.0000,13.0531,0.0000,10.6680,17.6530,22.5501,2.2428,2.3927,0.0000,0.0000,0.0000,0.0000,4.1859,0.0000,3.2461,0.9754,0.0000,0.0000,0.0000,0.0000,220.5000,0.0000,0.0000,0.0000,0.0000,0.0000,0.0000,0.0000,0.0000,0.0000,0.0000,0.0000,0.0000,7.3400,0.0000,0.0000,43.1800,0.0000,36.5000,0.0000,0.0000,0.0000,14.9000,0.0000,0.0000,0.0000,0.0000,5.7159,0.0000,59.1000,0.0000,36.5000,0.0000
41,73EnBYPL2023/11/12,BYPL,0.0000,0.0000,0.0000,0.0000,6.8220,0.0000,0.0000,0.0000,70.6807,0.0000,9.5508,42.5855,0.0000,0.0000,12.0525,0.0000,19.4767,65.2301,0.0000,0.0000,57.6000,0.0000,0.0000,0.0000,104.7400,0.0000,12.6399,0.0000,0.0000,0.0000,0.0000,0.0000,82.0769,0.0000,0.0000,5.2654,0.0000,30.0050,50.3832,330.9623,67.8377,5.2222,10.7671,6.7031,11.4859,24.9784,0.0000,0.0000,0.0000,0.0000,0.0000,0.0000,0.0000,0.0000,0.0000,0.0000,0.0000,0.0000,0.0000,13.0531,0.0000,10.6680,17.6530,22.5501,12.8981,6.2865,0.0000,0.0000,0.0000,0.0000,4.1859,0.0000,3.2461,0.9754,0.0000,0.0000,0.0000,0.0000,220.5000,0.0000,0.0000,0.0000,0.0000,0.0000,0.0000,0.0000,0.0000,0.0000,0.0000,0.0000,0.0000,7.3400,0.0000,0.0000,46.6700,0.0000,38.0000,0.0000,0.0000,0.0000,15.0000,0.0000,0.0000,0.0000,0.0000,5.7159,0.0000,67.5000,0.0000,38.0000,0.0000
42,73EnBYPL2023/11/12,BYPL,0.0000,0.0000,0.0000,0.0000,6.8220,0.0000,0.0000,0.0000,70.6807,0.0000,9.5508,42.5855,0.0000,0.0000,12.0525,0.0000,19.4767,65.2301,0.0000,0.0000,57.6000,0.0000,0.0000,0.0000,104.7400,0.0000,13.3799,0.0000,0.0000,0.0000,0.0000,0.0000,82.0769,0.0000,0.0000,5.2654,0.0000,30.0050,50.3832,330.9623,67.8377,5.2222,10.7671,6.7031,11.4859,24.9784,0.0000,0.0000,0.0000,0.0000,0.0000,0.0000,0.0000,0.0000,0.0000,0.0000,0.0000,0.0000,0.0000,13.0531,0.0000,10.6680,17.6530,22.5501,12.8981,6.2865,0.0000,0.0000,0.0000,0.0000,4.1859,0.0000,3.2461,0.9754,0.0000,0.0000,0.0000,0.0000,220.5000,0.0000,0.0000,0.0000,0.0000,0.0000,0.0000,0.0000,0.0000,0.0000,0.0000,0.0000,0.0000,7.3400,0.0000,0.0000,46.6700,0.0000,41.0000,0.0000,0.0000,0.0000,14.9300,0.0000,0.0000,0.0000,0.0000,5.7159,0.0000,72.9000,0.0000,41.0000,0.0000
43,73EnBYPL2023/11/12,BYPL,0.0000,0.0000,0.0000,0.0000,6.8220,0.0000,0.0000,0.0000,70.6807,0.0000,9.5508,42.5855,0.0000,0.0000,12.0525,0.0000,19.4767,65.2301,0.0000,0.0000,57.6000,0.0000,0.0000,0.0000,104.7400,0.0000,14.2399,0.0000,0.0000,0.0000,0.0000,0.0000,82.0769,0.0000,0.0000,5.2654,0.0000,30.0050,50.3832,330.9623,67.8377,5.2222,10.7671,6.7031,11.4859,24.9784,0.0000,0.0000,0.0000,0.0000,0.0000,0.0000,0.0000,0.0000,0.0000,0.0000,0.0000,0.0000,0.0000,13.0531,0.0000,10.6680,17.6530,22.5501,2.2428,6.2865,0.0000,0.0000,0.0000,0.0000,4.1859,0.0000,3.2461,0.9754,0.0000,0.0000,0.0000,0.0000,220.5000,0.0000,0.0000,0.0000,0.0000,0.0000,0.0000,0.0000,0.0000,0.0000,0.0000,0.0000,0.0000,7.3400,0.0000,0.0000,46.6700,0.0000,42.0000,0.0000,0.0000,0.0000,14.0000,0.0000,0.0000,0.0000,0.0000,5.7159,0.0000,79.5000,0.0000,42.0000,0.0000
44,73EnBYPL2023/11/12,BYPL,0.0000,0.0000,0.0000,0.0000,6.8220,0.0000,0.0000,0.0000,70.6807,0.0000,0.0000,42.5855,0.0000,0.0000,12.0525,0.0000,19.4767,65.2301,0.0000,0.0000,57.6000,0.0000,0.0000,0.0000,104.7400,0.0000,14.5399,0.0000,0.0000,0.0000,0.0000,0.0000,82.0769,0.0000,0.0000,5.2654,0.0000,30.0050,50.3832,330.9623,67.8377,5.2222,10.7671,6.7031,11.4859,24.9784,0.0000,0.0000,0.0000,0.0000,0.0000,0.0000,0.0000,0.0000,0.0000,0.0000,0.0000,0.0000,0.0000,13.0531,0.0000,10.6680,17.6530,22.5501,1.6815,6.2865,0.0000,0.0000,0.0000,0.0000,4.1859,0.0000,3.2461,0.9754,0.0000,0.0000,0.0000,0.0000,220.5000,0.0000,0.0000,0.0000,0.0000,0.0000,0.0000,0.0000,0.0000,0.0000,0.0000,0.0000,0.0000,7.3400,0.0000,0.0000,46.6700,0.0000,42.5000,0.0000,0.0000,0.0000,14.0000,0.0000,0.0000,0.0000,0.0000,5.7159,0.0000,81.0000,0.0000,42.5000,0.0000
45,73EnBYPL2023/11/12,BYPL,0.0000,0.0000,0.0000,0.0000,6.8220,0.0000,0.0000,0.0000,70.6807,0.0000,0.0000,42.5855,0.0000,0.0000,12.0525,0.0000,19.4767,65.2301,0.0000,0.0000,57.6000,0.0000,0.0000,0.0000,104.7400,0.0000,14.6632,0.0000,0.0000,0.0000,0.0000,0.0000,82.0769,0.0000,0.0000,5.2654,0.0000,30.0050,50.3832,330.9623,67.8377,5.2222,10.7671,6.7031,11.4859,24.9784,0.0000,0.0000,0.0000,0.0000,0.0000,0.0000,0.0000,0.0000,0.0000,0.0000,0.0000,0.0000,0.0000,13.0531,0.0000,10.5359,17.6530,22.5501,1.6815,2.3927,0.0000,0.0000,0.0000,0.0000,4.1859,0.0000,3.2461,0.9754,0.0000,0.0000,0.0000,0.0000,220.5000,0.0000,0.0000,0.0000,0.0000,0.0000,0.0000,0.0000,0.0000,0.0000,0.0000,0.0000,0.0000,7.3400,0.0000,0.0000,46.6700,0.0000,43.0000,0.0000,0.0000,0.0000,14.0000,0.0000,0.0000,0.0000,0.0000,5.7159,0.0000,82.5000,0.0000,43.0000,0.0000
46,73EnBYPL2023/11/12,BYPL,0.0000,0.0000,0.0000,0.0000,6.8220,0.0000,0.0000,0.0000,70.6807,0.0000,0.0000,42.5855,0.0000,0.0000,12.0525,0.0000,19.4767,65.2301,0.0000,0.0000,57.6000,0.0000,0.0000,0.0000,104.7400,0.0000,14.9632,0.0000,0.0000,0.0000,0.0000,0.0000,82.0769,0.0000,0.0000,5.2654,0.0000,30.0050,50.3832,330.9623,67.8377,5.2222,10.7671,6.7031,11.4859,24.9784,0.0000,0.0000,0.0000,0.0000,0.0000,0.0000,0.0000,0.0000,0.0000,0.0000,0.0000,0.0000,0.0000,13.0531,0.0000,10.5359,17.6530,22.5501,1.6815,2.3927,0.0000,0.0000,0.0000,0.0000,4.1859,0.0000,3.2461,0.9754,0.0000,0.0000,0.0000,0.0000,220.5000,0.0000,0.0000,0.0000,0.0000,0.0000,0.0000,0.0000,0.0000,0.0000,0.0000,0.0000,0.0000,7.3400,0.0000,0.0000,46.6700,0.0000,45.0000,0.0000,0.0000,0.0000,14.0000,0.0000,0.0000,0.0000,0.0000,5.7159,0.0000,82.5000,0.0000,45.0000,0.0000
47,73EnBYPL2023/11/12,BYPL,0.0000,0.0000,0.0000,0.0000,6.8220,0.0000,0.0000,0.0000,70.6807,0.0000,0.0000,42.5855,0.0000,0.0000,12.0525,0.0000,19.4767,65.2301,0.0000,0.0000,57.6000,0.0000,0.0000,0.0000,104.7400,0.0000,15.2732,0.0000,0.0000,0.0000,0.0000,0.0000,82.0769,0.0000,0.0000,5.2654,0.0000,30.0050,50.3832,330.9623,67.8377,5.2222,10.7671,6.7031,11.4859,24.9784,0.0000,0.0000,0.0000,0.0000,0.0000,0.0000,0.0000,0.0000,0.0000,0.0000,0.0000,0.0000,0.0000,13.0531,0.0000,10.5359,17.6530,22.5501,1.6815,2.3927,0.0000,0.0000,0.0000,0.0000,4.1859,0.0000,3.2461,0.9754,0.0000,0.0000,0.0000,0.0000,220.5000,0.0000,0.0000,0.0000,0.0000,0.0000,0.0000,0.0000,0.0000,0.0000,0.0000,0.0000,0.0000,7.3400,0.0000,0.0000,46.6700,0.0000,45.0000,0.0000,0.0000,0.0000,14.0000,0.0000,0.0000,0.0000,0.0000,5.7159,0.0000,82.5000,0.0000,45.0000,0.0000
48,73EnBYPL2023/11/12,BYPL,0.0000,0.0000,0.0000,0.0000,6.8220,0.0000,0.0000,0.0000,70.6807,0.0000,0.0000,42.5855,0.0000,0.0000,12.0525,0.0000,19.4767,65.2301,0.0000,0.0000,57.6000,0.0000,0.0000,0.0000,104.7400,0.0000,15.3265,0.0000,0.0000,0.0000,0.0000,0.0000,82.0769,0.0000,0.0000,5.2654,0.0000,30.0050,50.3832,330.9623,67.8377,5.2222,10.7671,6.7031,11.4859,24.9784,0.0000,0.0000,0.0000,0.0000,0.0000,0.0000,0.0000,0.0000,0.0000,0.0000,0.0000,0.0000,0.0000,13.0531,0.0000,10.5359,17.6530,22.5501,1.6815,2.3927,0.0000,0.0000,0.0000,0.0000,4.1859,0.0000,3.2461,0.9754,0.0000,0.0000,0.0000,0.0000,220.5000,0.0000,0.0000,0.0000,0.0000,0.0000,0.0000,0.0000,0.0000,0.0000,0.0000,0.0000,0.0000,7.3400,0.0000,0.0000,46.6700,0.0000,45.5000,0.0000,0.0000,0.0000,14.0000,0.0000,0.0000,0.0000,0.0000,5.7159,0.0000,82.5000,0.0000,45.5000,0.0000
49,73EnBYPL2023/11/12,BYPL,0.0000,0.0000,0.0000,0.0000,6.8220,0.0000,0.0000,0.0000,70.6807,0.0000,0.0000,42.5855,0.0000,0.0000,12.0525,0.0000,19.4767,65.2301,0.0000,0.0000,57.6000,0.0000,0.0000,0.0000,104.7400,0.0000,15.4065,0.0000,0.0000,0.0000,0.0000,0.0000,82.0769,0.0000,0.0000,5.2654,0.0000,30.0050,50.3832,330.9623,67.8377,5.2222,10.7671,6.7031,11.4859,24.9784,0.0000,0.0000,0.0000,0.0000,0.0000,0.0000,0.0000,0.0000,0.0000,0.0000,0.0000,0.0000,0.0000,13.0531,0.0000,10.5359,17.6530,22.5501,2.2428,2.3927,0.0000,0.0000,0.0000,0.0000,4.1859,0.0000,5.6083,0.9754,0.0000,0.0000,0.0000,0.0000,216.0000,0.0000,0.0000,0.0000,0.0000,0.0000,0.0000,0.0000,0.0000,0.0000,0.0000,0.0000,0.0000,7.3400,0.0000,0.0000,46.6700,0.0000,45.5000,0.0000,0.0000,0.0000,14.0000,0.0000,0.0000,0.0000,0.0000,5.7159,0.0000,85.5000,0.0000,45.5000,0.0000
50,73EnBYPL2023/11/12,BYPL,0.0000,0.0000,0.0000,0.0000,6.8220,0.0000,0.0000,0.0000,70.6807,0.0000,0.0000,42.5855,0.0000,0.0000,12.0525,0.0000,19.4767,65.2301,0.0000,0.0000,57.6000,0.0000,0.0000,0.0000,104.7400,0.0000,15.4665,0.0000,0.0000,0.0000,0.0000,0.0000,82.0769,0.0000,0.0000,5.2654,0.0000,30.0050,50.3832,330.9623,67.8377,5.2222,10.7671,6.7031,11.4859,24.9784,0.0000,0.0000,0.0000,0.0000,0.0000,0.0000,0.0000,0.0000,0.0000,0.0000,0.0000,0.0000,0.0000,13.0531,0.0000,10.5359,17.6530,22.5501,2.2428,2.3927,0.0000,0.0000,0.0000,0.0000,4.1859,0.0000,20.1625,0.9754,0.0000,0.0000,0.0000,0.0000,216.0000,0.0000,0.0000,0.0000,0.0000,0.0000,0.0000,0.0000,0.0000,0.0000,0.0000,0.0000,0.0000,7.3400,0.0000,0.0000,46.6700,0.0000,45.5000,0.0000,0.0000,0.0000,14.0000,0.0000,0.0000,0.0000,0.0000,5.7159,0.0000,85.5000,0.0000,45.5000,0.0000
51,73EnBYPL2023/11/12,BYPL,0.0000,0.0000,0.0000,0.0000,6.8220,0.0000,0.0000,0.0000,70.6807,0.0000,0.0000,42.5855,0.0000,0.0000,12.0525,0.0000,19.4767,65.2301,0.0000,0.0000,57.6000,0.0000,0.0000,0.0000,104.7400,0.0000,15.4065,0.0000,0.0000,0.0000,0.0000,0.0000,82.0769,0.0000,0.0000,5.2654,0.0000,30.0050,50.3832,330.9623,67.8377,5.2222,10.7671,6.7031,11.4859,24.9784,0.0000,0.0000,0.0000,0.0000,0.0000,0.0000,0.0000,0.0000,0.0000,0.0000,0.0000,0.0000,0.0000,13.0531,0.0000,10.5359,17.6530,22.5501,3.3655,2.3927,0.0000,0.0000,0.0000,0.0000,4.1859,0.0000,20.1625,0.9754,0.0000,0.0000,0.0000,0.0000,216.0000,0.0000,0.0000,0.0000,0.0000,0.0000,0.0000,0.0000,0.0000,0.0000,0.0000,0.0000,0.0000,7.3400,0.0000,0.0000,46.6700,0.0000,45.5000,0.0000,0.0000,0.0000,14.0000,0.0000,0.0000,0.0000,0.0000,5.7159,0.0000,85.5000,0.0000,45.5000,0.0000
52,73EnBYPL2023/11/12,BYPL,0.0000,0.0000,0.0000,0.0000,6.8220,0.0000,0.0000,0.0000,70.6807,0.0000,0.0000,42.5855,0.0000,0.0000,12.0525,0.0000,19.4767,65.2301,0.0000,0.0000,57.6000,0.0000,0.0000,0.0000,104.7400,0.0000,15.3665,0.0000,0.0000,0.0000,0.0000,0.0000,82.0769,0.0000,0.0000,5.2654,0.0000,30.0050,50.3832,330.9623,67.8377,5.2222,10.7671,6.7031,11.4859,24.9784,0.0000,0.0000,0.0000,0.0000,0.0000,0.0000,0.0000,0.0000,0.0000,0.0000,0.0000,0.0000,0.0000,13.0531,0.0000,10.5359,17.6530,22.5501,3.3655,2.3927,0.0000,0.0000,0.0000,0.0000,4.1859,0.0000,20.1625,0.9754,0.0000,0.0000,0.0000,0.0000,216.0000,0.0000,0.0000,0.0000,0.0000,0.0000,0.0000,0.0000,0.0000,0.0000,0.0000,0.0000,0.0000,7.3400,0.0000,0.0000,46.6700,0.0000,45.5000,0.0000,0.0000,0.0000,14.0000,0.0000,0.0000,0.0000,0.0000,5.7159,0.0000,85.5000,0.0000,45.5000,0.0000
53,73EnBYPL2023/11/12,BYPL,0.0000,0.0000,0.0000,0.0000,6.8220,0.0000,0.0000,0.0000,70.6807,0.0000,9.5508,42.5855,0.0000,0.0000,12.0525,0.0000,19.4767,65.2301,0.0000,0.0000,57.6000,0.0000,0.0000,0.0000,104.7400,0.0000,15.3865,0.0000,0.0000,0.0000,0.0000,0.0000,82.0769,0.0000,0.0000,5.2654,0.0000,30.0050,50.3832,330.9623,67.8377,5.2222,10.7671,6.7031,11.4859,24.9784,0.0000,0.0000,0.0000,0.0000,0.0000,0.0000,0.0000,0.0000,0.0000,0.0000,0.0000,0.0000,0.0000,13.0531,0.0000,10.5359,17.5158,22.5501,4.2062,2.3927,0.0000,0.0000,0.0000,0.0000,4.1859,0.0000,20.1625,0.9754,0.0000,0.0000,0.0000,0.0000,216.0000,0.0000,0.0000,0.0000,0.0000,0.0000,0.0000,0.0000,0.0000,0.0000,0.0000,0.0000,0.0000,7.3400,0.0000,0.0000,46.6700,0.0000,45.0000,0.0000,0.0000,0.0000,14.0000,0.0000,0.0000,0.0000,0.0000,5.7159,0.0000,84.0000,0.0000,45.0000,0.0000
54,73EnBYPL2023/11/12,BYPL,0.0000,0.0000,0.0000,0.0000,6.8220,0.0000,0.0000,0.0000,70.6807,0.0000,9.5508,42.5855,0.0000,0.0000,12.0525,0.0000,19.4767,65.2301,0.0000,0.0000,57.6000,0.0000,0.0000,0.0000,104.7400,0.0000,15.2565,0.0000,0.0000,0.0000,0.0000,0.0000,82.0769,0.0000,0.0000,5.2654,0.0000,30.0050,50.3832,330.9623,67.8377,5.2222,10.7671,6.7031,11.4859,24.9784,0.0000,0.0000,0.0000,0.0000,0.0000,0.0000,0.0000,0.0000,0.0000,0.0000,0.0000,0.0000,0.0000,13.0531,0.0000,10.5359,17.5158,22.5501,4.2062,2.3927,0.0000,0.0000,0.0000,0.0000,4.1859,0.0000,3.8379,0.9754,0.0000,0.0000,0.0000,0.0000,216.0000,0.0000,0.0000,0.0000,0.0000,0.0000,0.0000,0.0000,0.0000,0.0000,0.0000,0.0000,0.0000,7.3400,0.0000,0.0000,46.6700,0.0000,44.5000,0.0000,0.0000,0.0000,14.0000,0.0000,0.0000,0.0000,0.0000,5.7159,0.0000,83.1000,0.0000,44.5000,0.0000
55,73EnBYPL2023/11/12,BYPL,0.0000,0.0000,0.0000,0.0000,6.8220,0.0000,0.0000,0.0000,70.6807,0.0000,9.5508,42.5855,0.0000,0.0000,12.0525,0.0000,19.4767,65.2301,0.0000,0.0000,57.6000,0.0000,0.0000,0.0000,104.7400,0.0000,15.0865,0.0000,0.0000,0.0000,0.0000,0.0000,82.0769,0.0000,0.0000,5.2654,0.0000,30.0050,50.3832,330.9623,67.8377,5.2222,10.7671,6.7031,11.4859,24.9784,0.0000,0.0000,0.0000,0.0000,0.0000,0.0000,0.0000,0.0000,0.0000,0.0000,0.0000,0.0000,0.0000,13.0531,0.0000,10.5359,17.5158,22.5501,4.2062,2.3927,0.0000,0.0000,0.0000,0.0000,4.1859,0.0000,3.2461,3.0277,1.6561,0.0000,0.0000,0.0000,216.0000,0.0000,0.0000,0.0000,0.0000,0.0000,0.0000,0.0000,0.0000,0.0000,0.0000,0.0000,0.0000,7.3400,0.0000,0.0000,46.6700,0.0000,42.0000,0.0000,0.0000,0.0000,14.0000,0.0000,0.0000,0.0000,0.0000,5.7159,0.0000,82.5000,0.0000,42.0000,0.0000
56,73EnBYPL2023/11/12,BYPL,0.0000,0.0000,0.0000,0.0000,6.8220,0.0000,0.0000,0.0000,70.6807,0.0000,9.5508,42.5855,0.0000,0.0000,12.0525,0.0000,19.4767,65.2301,0.0000,0.0000,57.6000,0.0000,0.0000,0.0000,104.7400,0.0000,14.7832,0.0000,0.0000,0.0000,0.0000,0.0000,82.0769,0.0000,0.0000,5.2654,0.0000,30.0050,50.3832,330.9623,67.8377,5.2222,10.7671,6.7031,11.4859,24.9784,0.0000,0.0000,0.0000,0.0000,0.0000,0.0000,0.0000,0.0000,0.0000,0.0000,0.0000,0.0000,0.0000,13.0531,0.0000,10.5359,17.5158,22.5501,4.2062,2.3927,0.0000,0.0000,0.0000,0.0000,4.1859,0.0000,3.2461,3.0277,1.6561,0.0000,0.0000,0.0000,216.0000,0.0000,0.0000,0.0000,0.0000,0.0000,0.0000,0.0000,0.0000,0.0000,0.0000,0.0000,0.0000,7.3400,0.0000,0.0000,46.6700,0.0000,41.0000,0.0000,0.0000,0.0000,14.0000,0.0000,0.0000,0.0000,0.0000,5.7159,0.0000,80.1000,0.0000,41.0000,0.0000
57,73EnBYPL2023/11/12,BYPL,0.0000,0.0000,0.0000,0.0000,6.8220,0.0000,0.0000,0.0000,70.6807,0.0000,9.5508,42.5855,0.0000,0.0000,12.0525,0.0000,19.4767,65.2301,0.0000,0.0000,57.6000,0.0000,0.0000,0.0000,104.7400,0.0000,14.3565,0.0000,0.0000,0.0000,0.0000,0.0000,82.0769,0.0000,0.0000,5.2654,0.0000,30.0050,50.3832,330.9623,67.8377,5.2222,10.7671,6.7031,11.4859,24.9784,0.0000,0.0000,0.0000,0.0000,0.0000,0.0000,0.0000,0.0000,0.0000,0.0000,0.0000,0.0000,0.0000,13.0531,0.0000,10.4013,17.5158,22.5501,4.2062,2.3927,0.0000,0.0000,0.0000,0.0000,4.1859,0.0000,3.2461,3.0277,0.5588,0.0000,0.0000,0.0000,216.0000,0.0000,0.0000,0.0000,0.0000,0.0000,0.0000,0.0000,0.0000,0.0000,0.0000,0.0000,0.0000,7.3400,0.0000,0.0000,46.6700,0.0000,40.0000,0.0000,0.0000,0.0000,14.0000,0.0000,0.0000,0.0000,0.0000,5.7159,0.0000,76.8000,0.0000,40.0000,0.0000
58,73EnBYPL2023/11/12,BYPL,0.0000,0.0000,0.0000,0.0000,6.8220,0.0000,0.0000,0.0000,70.6807,0.0000,9.5508,42.5855,0.0000,0.0000,12.0525,0.0000,19.4767,65.2301,0.0000,0.0000,57.6000,0.0000,0.0000,0.0000,104.7400,0.0000,13.8365,0.0000,0.0000,0.0000,0.0000,0.0000,82.0769,0.0000,0.0000,5.2654,0.0000,30.0050,50.3832,330.9623,67.8377,5.2222,10.7671,6.7031,11.4859,24.9784,0.0000,0.0000,0.0000,0.0000,0.0000,0.0000,0.0000,0.0000,0.0000,0.0000,0.0000,0.0000,0.0000,13.0531,0.0000,10.4013,17.5158,22.5501,4.2062,2.3927,0.0000,0.0000,0.0000,0.0000,4.1859,0.0000,3.2461,3.0277,0.0000,0.0000,0.0000,0.0000,216.0000,0.0000,0.0000,0.0000,0.0000,0.0000,0.0000,0.0000,0.0000,0.0000,0.0000,0.0000,0.0000,7.3400,0.0000,0.0000,46.6700,0.0000,38.0000,0.0000,0.0000,0.0000,14.0000,0.0000,0.0000,0.0000,0.0000,5.7159,0.0000,72.6000,0.0000,38.0000,0.0000
59,73EnBYPL2023/11/12,BYPL,0.0000,0.0000,0.0000,0.0000,6.8220,0.0000,0.0000,0.0000,70.6807,0.0000,9.5508,42.5855,0.0000,0.0000,12.0525,0.0000,19.4767,65.2301,0.0000,0.0000,57.6000,0.0000,0.0000,0.0000,104.7400,0.0000,13.0299,0.0000,0.0000,0.0000,0.0000,0.0000,82.0769,0.0000,0.0000,5.2654,0.0000,30.0050,50.3832,330.9623,67.8377,5.2222,10.7671,6.7031,11.4859,24.9784,0.0000,0.0000,0.0000,0.0000,0.0000,0.0000,0.0000,0.0000,0.0000,0.0000,0.0000,0.0000,0.0000,13.0531,0.0000,10.4013,17.5158,22.5501,4.2062,2.3927,0.0000,0.0000,0.0000,0.0000,4.1859,0.0000,3.2461,0.8128,0.0000,0.0000,0.0000,0.0000,216.0000,0.0000,0.0000,0.0000,0.0000,0.0000,0.0000,0.0000,0.0000,0.0000,0.0000,0.0000,0.0000,7.3400,0.0000,0.0000,46.6700,0.0000,37.0000,0.0000,0.0000,0.0000,14.0000,0.0000,0.0000,0.0000,0.0000,5.7159,0.0000,68.7000,0.0000,37.0000,0.0000
60,73EnBYPL2023/11/12,BYPL,0.0000,0.0000,0.0000,0.0000,6.8220,0.0000,0.0000,0.0000,70.6807,0.0000,9.5508,42.5855,0.0000,0.0000,12.0525,0.0000,19.4767,65.2301,0.0000,0.0000,57.6000,0.0000,0.0000,0.0000,104.7400,0.0000,12.0599,0.0000,0.0000,0.0000,0.0000,0.0000,82.0769,0.0000,0.0000,5.2654,0.0000,30.0050,50.3832,330.9623,67.8377,5.2222,10.7671,6.7031,11.4859,24.9784,0.0000,0.0000,0.0000,0.0000,0.0000,0.0000,0.0000,0.0000,0.0000,0.0000,0.0000,0.0000,0.0000,13.0531,0.0000,10.4013,17.5158,22.5501,4.2062,2.3927,0.0000,0.0000,0.0000,0.0000,4.1859,0.0000,3.2461,0.8128,0.0000,0.0000,0.0000,0.0000,216.0000,0.0000,0.0000,0.0000,0.0000,0.0000,0.0000,0.0000,0.0000,0.0000,0.0000,0.0000,0.0000,7.3400,0.0000,0.0000,44.5200,0.0000,34.0000,0.0000,0.0000,0.0000,14.0000,0.0000,0.0000,0.0000,0.0000,5.7159,0.0000,64.2000,0.0000,34.0000,0.0000
61,73EnBYPL2023/11/12,BYPL,0.0000,0.0000,0.0000,0.0000,6.8220,0.0000,0.0000,0.0000,70.6807,0.0000,9.5508,42.5855,0.0000,0.0000,12.0525,0.0000,19.4767,65.2301,0.0000,0.0000,57.6000,0.0000,0.0000,0.0000,104.7400,0.0000,11.0099,0.0000,0.0000,0.0000,0.0000,0.0000,82.0769,0.0000,0.0000,5.2654,0.0000,30.0050,50.3832,330.9623,67.8377,5.2222,10.7671,6.7031,11.4859,24.9784,0.0000,0.0000,0.0000,0.0000,0.0000,0.0000,0.0000,0.0000,0.0000,0.0000,0.0000,0.0000,0.0000,13.0531,0.0000,10.4013,17.5158,22.5501,2.2428,2.7330,0.0000,0.0000,0.0000,0.0000,4.1859,0.0000,3.2461,0.8128,0.0000,0.0000,0.0000,0.0000,216.0000,0.0000,0.0000,0.0000,0.0000,0.0000,0.0000,0.0000,0.0000,0.0000,0.0000,0.0000,0.0000,7.3400,0.0000,0.0000,41.5900,0.0000,31.0000,0.0000,0.0000,0.0000,14.0000,0.0000,0.0000,0.0000,0.0000,5.7159,0.0000,58.2000,0.0000,31.0000,0.0000
62,73EnBYPL2023/11/12,BYPL,0.0000,0.0000,0.0000,0.0000,6.8220,0.0000,0.0000,0.0000,70.6807,0.0000,9.5508,42.5855,0.0000,0.0000,12.0525,0.0000,19.4767,65.2301,5.2908,0.0000,57.6000,0.0000,0.0000,0.0000,104.7400,0.0000,10.1232,0.0000,0.0000,0.0000,0.0000,0.0000,82.0769,0.0000,0.0000,5.2654,0.0000,30.0050,50.3832,330.9623,67.8377,5.2222,10.7671,6.7031,11.4859,24.9784,0.0000,0.0000,0.0000,0.0000,0.0000,0.0000,0.0000,0.0000,0.0000,0.0000,0.0000,0.0000,0.0000,13.0531,0.0000,10.4013,17.5158,22.5501,2.2428,2.7330,0.0000,0.0000,0.0000,0.0000,4.1859,0.0000,3.2461,3.0277,0.0000,0.0000,0.0000,0.0000,216.0000,0.0000,0.0000,0.0000,0.0000,0.0000,0.0000,0.0000,0.0000,0.0000,0.0000,0.0000,0.0000,7.3400,0.0000,0.0000,38.3500,0.0000,30.0000,0.0000,0.0000,0.0000,14.0000,0.0000,0.0000,0.0000,0.0000,5.7159,0.0000,53.7000,0.0000,30.0000,0.0000
63,73EnBYPL2023/11/12,BYPL,0.0000,0.0000,0.0000,0.0000,6.8220,0.0000,0.0000,0.0000,70.6807,0.0000,9.5508,42.5855,0.0000,0.0000,12.0525,0.0000,19.4767,65.2301,5.2908,0.0000,57.6000,0.0000,0.0000,0.0000,104.7400,0.0000,9.1066,0.0000,0.0000,0.0000,0.0000,0.0000,82.0769,0.0000,0.0000,5.2654,0.0000,30.0050,50.3832,330.9623,67.8377,5.2222,10.7671,6.7031,11.4859,24.9784,0.0000,0.0000,0.0000,0.0000,0.0000,0.0000,0.0000,0.0000,0.0000,0.0000,0.0000,0.0000,0.0000,13.0531,0.0000,10.4013,17.5158,22.5501,2.2428,2.7330,0.0000,0.0000,0.0000,0.0000,4.1859,0.0000,3.2461,3.0277,0.0000,0.0000,0.0000,0.0000,216.0000,0.0000,0.0000,0.0000,0.0000,0.0000,0.0000,0.0000,0.0000,0.0000,0.0000,0.0000,0.0000,7.3400,0.0000,0.0000,34.8600,0.0000,25.0000,0.0000,0.0000,0.0000,14.0000,0.0000,0.0000,0.0000,0.0000,5.7159,0.0000,47.1000,0.0000,25.0000,0.0000
64,73EnBYPL2023/11/12,BYPL,0.0000,0.0000,0.0000,0.0000,6.8220,0.0000,0.0000,0.0000,70.6807,0.0000,9.5508,42.5855,0.0000,0.0000,12.0525,0.0000,19.4767,65.2301,5.2908,0.0000,57.6000,0.0000,0.0000,0.0000,104.7400,0.0000,7.8833,0.0000,0.0000,0.0000,0.0000,0.0000,82.0769,0.0000,0.0000,5.2654,0.0000,30.0050,50.3832,330.9623,67.8377,5.2222,10.7671,6.7031,11.4859,24.9784,0.0000,0.0000,0.0000,0.0000,0.0000,0.0000,0.0000,0.0000,0.0000,0.0000,0.0000,0.0000,0.0000,13.0531,0.0000,10.4013,17.5158,22.5501,2.2428,2.7330,0.0000,0.0000,0.0000,0.0000,4.1859,0.0000,3.2461,0.9754,0.0000,0.0000,0.0000,0.0000,216.0000,0.0000,0.0000,0.0000,0.0000,0.0000,0.0000,0.0000,0.0000,0.0000,0.0000,0.0000,0.0000,7.3400,0.0000,0.0000,30.9900,0.0000,23.0000,0.0000,0.0000,0.0000,14.0000,0.0000,0.0000,0.0000,0.0000,5.7159,0.0000,40.2000,0.0000,23.0000,0.0000
65,73EnBYPL2023/11/12,BYPL,0.0000,0.0000,0.0000,0.0000,6.8220,0.0000,0.0000,0.0000,70.6807,0.0000,9.5508,42.5855,0.0000,0.0000,12.0525,0.0000,19.4767,65.2301,5.7734,0.0000,57.6000,0.0000,0.0000,0.0000,104.7400,0.0000,6.5033,0.0000,0.0000,0.0000,0.0000,0.0000,82.0769,0.0000,0.0000,5.2654,0.0000,30.0050,50.3832,330.9623,67.8377,5.2222,10.7671,6.7031,11.4859,24.9784,0.0000,0.0000,0.0000,0.0000,0.0000,0.0000,0.0000,0.0000,0.0000,0.0000,0.0000,0.0000,0.0000,13.0531,0.0000,10.4013,17.5158,22.5501,1.1227,2.7330,0.0000,0.0000,0.0000,0.0000,4.1859,0.0000,3.2461,1.3005,0.0000,0.0000,0.0000,0.0000,216.0000,0.0000,0.0000,0.0000,0.0000,0.0000,0.0000,0.0000,0.0000,0.0000,0.0000,0.0000,0.0000,7.3400,0.0000,0.0000,28.1800,0.0000,19.0000,0.0000,0.0000,0.0000,14.0000,0.0000,0.0000,0.0000,0.0000,5.7159,0.0000,33.9000,0.0000,19.0000,0.0000
66,73EnBYPL2023/11/12,BYPL,0.0000,0.0000,0.0000,0.0000,6.8220,0.0000,0.0000,0.0000,70.6807,0.0000,9.5508,42.5855,0.0000,0.0000,12.0525,0.0000,19.4767,65.2301,6.0147,0.0000,57.6000,0.0000,0.0000,0.0000,104.7400,0.0000,5.0633,0.0000,0.0000,0.0000,0.0000,0.0000,82.0769,0.0000,0.0000,5.2654,0.0000,30.0050,50.3832,330.9623,67.8377,5.2222,10.7671,6.7031,11.4859,24.9784,0.0000,0.0000,0.0000,0.0000,0.0000,0.0000,0.0000,0.0000,0.0000,0.0000,0.0000,0.0000,0.0000,13.0531,0.0000,10.4013,17.5158,22.5501,1.1227,2.7330,0.0000,0.0000,0.0000,0.0000,4.1859,0.0000,3.2461,1.3005,0.0000,0.0000,0.0000,0.0000,216.0000,0.0000,0.0000,0.0000,0.0000,0.0000,0.0000,0.0000,0.0000,0.0000,0.0000,0.0000,0.0000,7.3400,0.0000,0.0000,23.4300,0.0000,15.0000,0.0000,0.0000,0.0000,14.3300,0.0000,0.0000,0.0000,0.0000,5.7159,0.0000,26.4000,0.0000,15.0000,0.0000
67,73EnBYPL2023/11/12,BYPL,0.0000,0.0000,0.0000,0.0000,6.8220,0.0000,0.0000,0.0000,70.6807,0.0000,9.5508,42.5855,0.0000,0.0000,12.0525,0.0000,19.4767,65.2301,6.0147,0.0000,57.6000,0.0000,0.0000,0.0000,104.7400,0.0000,3.7633,0.0000,0.0000,0.0000,0.0000,0.0000,82.0769,0.0000,0.0000,5.2654,0.0000,30.0050,50.3832,330.9623,67.8377,5.2222,10.7671,6.7031,11.4859,24.9784,0.0000,0.0000,0.0000,0.0000,0.0000,0.0000,0.0000,0.0000,0.0000,0.0000,0.0000,0.0000,0.0000,13.0531,0.0000,10.4013,17.5158,22.5501,1.1227,2.7330,0.0000,0.0000,0.0000,0.0000,4.1859,0.0000,3.2461,1.3005,0.0000,0.0000,0.0000,0.0000,216.0000,0.0000,0.0000,0.0000,0.0000,0.0000,0.0000,0.0000,0.0000,0.0000,0.0000,0.0000,0.0000,7.3400,0.0000,0.0000,18.8200,0.0000,12.0000,0.0000,0.0000,0.0000,14.6700,0.0000,0.0000,0.0000,0.0000,5.7159,0.0000,19.5000,0.0000,12.0000,0.0000
68,73EnBYPL2023/11/12,BYPL,0.0000,0.0000,0.0000,0.0000,6.8220,0.0000,0.0000,0.0000,70.6807,0.0000,9.5508,42.5855,0.0000,0.0000,12.0525,0.0000,19.4767,65.2301,10.8255,0.0000,57.6000,0.0000,0.0000,0.0000,104.7400,0.0000,2.3700,0.0000,0.0000,0.0000,0.0000,0.0000,82.0769,0.0000,0.0000,5.2654,0.0000,30.0050,50.3832,330.9623,67.8377,5.2222,10.7671,6.7031,11.4859,24.9784,0.0000,0.0000,0.0000,0.0000,0.0000,0.0000,0.0000,0.0000,0.0000,0.0000,0.0000,0.0000,0.0000,13.0531,0.0000,10.4013,17.5158,22.5501,1.1227,2.7330,0.0000,0.0000,0.0000,0.0000,4.1859,0.0000,3.2461,1.3005,0.0000,0.0000,0.0000,0.0000,216.0000,0.0000,0.0000,0.0000,0.0000,0.0000,0.0000,0.0000,0.0000,0.0000,0.0000,0.0000,0.0000,7.3400,0.0000,0.0000,14.1900,0.0000,9.0000,0.0000,0.0000,0.0000,14.6700,0.0000,0.0000,0.0000,0.0000,5.7159,0.0000,12.9000,0.0000,9.0000,0.0000
69,73EnBYPL2023/11/12,BYPL,0.0000,0.0000,0.0000,0.0000,6.8220,0.0000,0.0000,0.0000,70.6807,0.0000,9.5508,42.5855,0.0000,0.0000,12.0525,0.0000,19.4767,65.2301,10.8255,0.0000,57.6000,0.0000,0.0000,0.0000,104.7400,0.0000,1.1500,0.0000,0.0000,0.0000,0.0000,0.0000,82.0769,0.0000,0.0000,5.2654,0.0000,30.0050,50.3832,330.9623,67.8377,5.2222,10.7671,6.7031,11.4859,24.9784,0.0000,0.0000,0.0000,0.0000,0.0000,0.0000,0.0000,0.0000,0.0000,0.0000,0.0000,0.0000,0.0000,13.0531,0.0000,10.4013,17.5158,22.5501,1.1227,2.7330,0.0000,0.0000,0.0000,0.3353,4.1859,0.0000,3.2461,1.3005,0.0000,0.0000,0.0000,0.0000,216.0000,0.0000,0.0000,0.0000,0.0000,0.0000,0.0000,0.0000,0.0000,0.0000,0.0000,0.0000,0.0000,7.3400,0.0000,0.0000,9.7400,0.0000,5.0000,0.0000,0.0000,0.0000,14.6700,0.0000,0.0000,0.0000,0.0000,5.7159,0.0000,7.5000,0.0000,5.0000,0.0000
70,73EnBYPL2023/11/12,BYPL,0.0000,0.0000,0.0000,0.0000,6.8220,0.0000,0.0000,0.0000,70.6807,0.0000,9.5508,42.5855,0.0000,0.0000,12.0525,0.0000,19.4767,65.2301,10.8255,0.0000,57.6000,0.0000,0.0000,0.0000,104.7400,0.0000,0.5033,0.0000,0.0000,0.0000,0.0000,0.0000,82.0769,0.0000,0.0000,5.2654,0.0000,30.0050,50.3832,330.9623,67.8377,5.2222,10.7671,6.7031,11.4859,24.9784,0.0000,0.0000,0.0000,0.0000,0.0000,0.0000,0.0000,0.0000,0.0000,0.0000,0.0000,0.0000,0.0000,13.0531,0.0000,10.4013,17.5158,22.5501,1.1227,2.7330,1.7856,0.0000,0.0000,2.3216,4.1859,0.8077,3.2461,1.3005,0.0000,0.0000,0.0000,0.0000,216.0000,0.0000,0.0000,0.0000,0.0000,0.0000,0.0000,0.0000,0.0000,0.0000,0.0000,0.0000,0.0000,7.3400,0.0000,0.0000,5.1100,0.0000,3.0000,0.0000,0.0000,0.0000,14.6700,0.0000,0.0000,0.0000,0.0000,5.7159,0.0000,6.0000,0.0000,3.0000,0.0000
71,73EnBYPL2023/11/12,BYPL,0.0000,0.0000,0.0000,0.0000,6.8220,0.0000,0.0000,0.0000,70.6807,0.0000,9.5508,42.5855,0.0000,0.0000,12.0525,0.0000,19.4767,65.2301,15.6362,0.0000,57.6000,0.0000,0.0000,0.0000,104.7400,0.0000,0.1000,0.0000,0.0000,0.0000,0.0000,0.0000,82.0769,0.0000,0.0000,5.2654,0.0000,30.0050,50.3832,330.9623,67.8377,5.2222,10.7671,6.7031,11.4859,24.9784,0.0000,0.0000,0.0000,0.0000,0.0000,0.0000,0.0000,0.0000,0.0000,0.0000,0.0000,0.0000,0.0000,13.0531,0.0000,10.4013,17.5158,22.5501,1.1227,2.7330,3.5509,3.3452,0.0000,4.6406,4.1859,1.6180,3.2461,1.3005,0.0000,0.0000,0.0000,0.0000,216.0000,0.0000,0.0000,0.0000,0.0000,0.0000,0.0000,0.0000,0.0000,0.0000,0.0000,0.0000,0.0000,7.3400,0.0000,0.0000,1.8800,0.0000,2.0000,0.0000,0.0000,0.0000,14.6700,0.0000,0.0000,0.0000,0.0000,5.7159,0.0000,3.0000,0.0000,2.0000,0.0000
72,73EnBYPL2023/11/12,BYPL,0.0000,0.0000,0.0000,0.0000,6.8220,0.0000,0.0000,0.0000,70.6807,0.0000,9.5508,42.5855,0.0000,0.0000,12.0525,0.0000,19.4767,65.2301,20.4470,0.0000,57.6000,0.0000,0.0000,0.0000,104.7400,0.0000,0.0000,0.0000,0.0000,0.0000,0.0000,0.0000,82.0769,0.0000,0.0000,5.2654,0.0000,30.0050,50.3832,330.9623,67.8377,5.2222,10.7671,6.7031,11.4859,24.9784,0.0000,0.0000,0.0000,0.0000,0.0000,0.0000,0.0000,0.0000,0.0000,0.0000,0.0000,0.0000,0.0000,13.0531,0.0000,10.4013,17.5158,22.5501,1.1227,2.7330,7.1247,3.3452,0.0000,6.9621,4.1859,8.3058,3.2461,1.3005,0.0000,0.0000,0.0000,0.0000,216.0000,0.0000,0.0000,0.0000,0.0000,0.0000,0.0000,0.0000,0.0000,0.0000,0.0000,0.0000,0.0000,7.3400,0.0000,0.0000,0.3500,0.0000,1.0000,0.0000,0.0000,0.0000,14.6700,0.0000,0.0000,0.0000,0.0000,5.7159,0.0000,1.5000,0.0000,1.0000,0.0000
73,73EnBYPL2023/11/12,BYPL,0.0000,0.0000,0.0000,0.0000,6.8220,0.0000,0.0000,0.0000,70.6807,0.0000,9.5508,42.5855,0.0000,0.0000,12.0525,0.0000,19.4767,65.2301,24.0538,0.0000,57.6000,0.0000,0.0000,0.0000,104.7400,0.0000,0.0000,0.0000,0.0000,0.0000,0.0000,0.0000,82.0769,0.0000,0.0000,5.2654,0.0000,30.0050,50.3832,330.9623,67.8377,5.2222,10.7671,6.7031,11.4859,24.9784,0.0000,0.0000,0.0000,0.0000,0.0000,0.0000,0.0000,1.2192,0.0000,0.0000,0.0000,0.0000,0.0000,13.0531,0.0000,10.4013,17.5158,22.5501,1.6815,2.7330,10.0330,6.6904,0.0000,6.9621,8.3718,8.3058,5.9030,1.3005,0.8382,0.0000,0.0000,0.0000,220.5000,0.0000,0.0000,0.0000,0.0000,0.0000,0.0000,0.0000,0.0000,0.0000,0.0000,0.0000,0.0000,7.3400,0.0000,0.0000,300.0000,0.0000,200.0000,0.0000,0.0000,0.0000,14.6700,0.0000,0.0000,0.0000,0.0000,5.7159,0.0000,300.0000,0.0000,200.0000,0.0000
74,73EnBYPL2023/11/12,BYPL,0.0000,0.0000,0.0000,0.0000,6.8220,0.0000,0.0000,0.0000,70.6807,0.0000,9.5508,42.5855,0.0000,0.0000,12.0525,0.0000,19.4767,65.2301,35.6489,0.0000,57.6000,0.0000,0.0000,0.0000,104.7400,0.0000,0.0000,0.0000,0.0000,0.0000,0.0000,0.0000,82.0769,0.0000,0.0000,5.2654,0.0000,30.0050,50.3832,330.9623,67.8377,5.2222,10.7671,6.7031,11.4859,24.9784,0.0000,0.0000,0.0000,0.0000,0.0000,0.0000,0.0000,2.3698,0.0000,0.0000,0.0000,0.0000,0.0000,13.0531,0.0000,10.4013,17.5158,22.5501,1.6815,2.7330,10.7061,10.0355,2.4587,6.9621,12.5578,8.3058,20.1625,1.3005,4.9682,0.0000,0.0000,0.0000,220.5000,0.0000,0.0000,0.0000,0.0000,0.0000,0.0000,0.0000,0.0000,0.0000,0.0000,0.0000,0.0000,7.3400,0.0000,0.0000,300.0000,0.0000,200.0000,0.0000,0.0000,0.0000,14.6700,0.0000,0.0000,0.0000,0.0000,5.7159,0.0000,300.0000,0.0000,200.0000,0.0000
75,73EnBYPL2023/11/12,BYPL,0.0000,0.0000,0.0000,0.0000,6.8220,0.0000,0.0000,0.0000,70.6807,0.0000,9.5508,42.5855,0.0000,0.0000,12.0525,0.0000,19.4767,65.2301,35.6489,0.0000,57.6000,0.0000,0.0000,0.0000,104.7400,0.0000,0.0000,0.0000,0.0000,0.0000,0.0000,0.0000,82.0769,0.0000,0.0000,5.2654,0.0000,30.0050,50.3832,330.9623,67.8377,5.2222,10.7671,6.7031,11.4859,24.9784,0.0000,0.0000,0.0000,0.0000,0.0000,0.0000,0.0000,4.0132,0.0000,0.0000,0.0000,0.0000,0.0000,13.0531,0.0000,10.4013,17.5158,22.5501,12.6187,2.7330,10.7061,10.0355,4.9200,6.9621,12.5578,8.3058,20.1625,0.9754,4.9682,0.0000,0.0000,0.0000,220.5000,0.0000,0.0000,0.0000,0.0000,0.0000,0.0000,0.0000,0.0000,0.0000,0.0000,0.0000,0.0000,7.3400,0.0000,0.0000,300.0000,0.0000,200.0000,0.0000,0.0000,0.0000,14.6700,0.0000,0.0000,0.0000,0.0000,5.7159,0.0000,300.0000,0.0000,200.0000,0.0000
76,73EnBYPL2023/11/12,BYPL,0.0000,0.0000,0.0000,0.0000,6.8220,0.0000,0.0000,0.0000,70.6807,0.0000,9.5508,42.5855,0.0000,0.0000,12.0525,0.0000,19.4767,65.2301,35.6489,0.0000,57.6000,0.0000,0.0000,0.0000,104.7400,0.0000,0.0000,0.0000,0.0000,0.0000,0.0000,0.0000,82.0769,0.0000,0.0000,5.2654,0.0000,30.0050,50.3832,330.9623,67.8377,5.2222,10.7671,6.7031,11.4859,24.9784,0.0000,0.0000,0.0000,0.0000,0.0000,0.0000,0.0000,4.0132,0.0000,0.0000,0.0000,0.0000,0.0000,13.0531,0.0000,10.4013,17.5158,22.5501,12.6187,2.7330,10.7061,10.0355,4.9200,6.9621,12.5578,8.3058,20.1625,0.9754,4.9682,0.0000,0.0000,0.0000,220.5000,0.0000,0.0000,0.0000,0.0000,0.0000,0.0000,0.0000,0.0000,0.0000,0.0000,0.0000,0.0000,7.3400,0.0000,0.0000,300.0000,0.0000,200.0000,0.0000,0.0000,0.0000,14.0000,0.0000,0.0000,0.0000,0.0000,5.7159,0.0000,300.0000,0.0000,200.0000,0.0000
77,73EnBYPL2023/11/12,BYPL,0.0000,0.0000,0.0000,0.0000,6.8220,0.0000,0.0000,0.0000,70.6807,0.0000,9.5508,42.5855,0.0000,0.0000,12.0525,0.0000,19.4767,65.2301,35.6489,0.0000,57.6000,0.0000,0.0000,0.0000,104.7400,0.0000,0.0000,0.0000,0.0000,0.0000,0.0000,0.0000,82.0769,0.0000,0.0000,5.2654,0.0000,30.0050,50.3832,330.9623,67.8377,5.2222,10.7671,6.7031,11.4859,24.9784,0.0000,0.0000,0.0000,0.0000,0.0000,0.0000,0.0000,4.0132,0.0000,0.0000,0.0000,0.0000,0.0000,13.0531,0.0000,10.4013,17.5158,22.5501,1.6815,2.7330,7.1247,10.0355,4.9200,6.9621,12.5578,8.3058,20.1625,0.9754,4.9682,0.0000,0.0000,0.0000,220.5000,0.0000,0.0000,0.0000,0.0000,0.0000,0.0000,0.0000,0.0000,0.0000,0.0000,0.0000,0.0000,7.3400,0.0000,0.0000,300.0000,0.0000,200.0000,0.0000,0.0000,0.0000,14.0000,0.0000,0.0000,0.0000,0.0000,5.7159,0.0000,300.0000,0.0000,200.0000,0.0000
78,73EnBYPL2023/11/12,BYPL,0.0000,0.0000,0.0000,0.0000,6.8220,0.0000,0.0000,0.0000,70.6807,0.0000,9.5508,42.5855,0.0000,0.0000,12.0525,0.0000,19.4767,65.2301,35.6489,0.0000,57.6000,0.0000,0.0000,0.0000,104.7400,0.0000,0.0000,0.0000,0.0000,0.0000,0.0000,0.0000,82.0769,0.0000,0.0000,5.2654,0.0000,30.0050,50.3832,330.9623,67.8377,5.2222,10.7671,6.7031,11.4859,24.9784,0.0000,0.0000,0.0000,0.0000,0.0000,0.0000,0.0000,4.0132,0.0000,0.0000,0.0000,0.0000,0.0000,13.0531,0.0000,10.4013,17.5158,22.5501,1.6815,2.7330,7.1247,10.0355,4.9200,6.9621,12.5578,0.9703,5.9030,0.9754,4.9682,0.0000,0.0000,0.0000,220.5000,0.0000,0.0000,0.0000,0.0000,0.0000,0.0000,0.0000,0.0000,0.0000,0.0000,0.0000,0.0000,7.3400,0.0000,0.0000,300.0000,0.0000,200.0000,0.0000,0.0000,0.0000,14.0000,0.0000,0.0000,0.0000,0.0000,5.7159,0.0000,300.0000,0.0000,200.0000,0.0000
79,73EnBYPL2023/11/12,BYPL,0.0000,0.0000,0.0000,0.0000,6.8220,0.0000,0.0000,0.0000,70.6807,0.0000,9.5508,42.5855,0.0000,0.0000,12.0525,0.0000,19.4767,65.2301,31.2699,0.0000,57.6000,0.0000,0.0000,0.0000,104.7400,0.0000,0.0000,0.0000,0.0000,0.0000,0.0000,0.0000,82.0769,0.0000,0.0000,5.2654,0.0000,30.0050,50.3832,330.9623,67.8377,5.2222,10.7671,6.7031,11.4859,24.9784,0.0000,0.0000,0.0000,0.0000,0.0000,0.0000,0.0000,2.6822,0.0000,0.0000,0.0000,0.0000,0.0000,13.0531,0.0000,10.4013,17.5158,22.5501,1.6815,3.7592,6.6218,10.0355,4.9200,6.9621,12.5578,0.0000,3.2461,0.9754,1.6561,0.0000,0.0000,0.0000,220.5000,0.0000,0.0000,0.0000,0.0000,0.0000,0.0000,0.0000,0.0000,0.0000,0.0000,0.0000,0.0000,7.0000,0.0000,0.0000,300.0000,0.0000,200.0000,0.0000,0.0000,0.0000,14.0000,0.0000,0.0000,0.0000,0.0000,5.7159,0.0000,300.0000,0.0000,200.0000,0.0000
80,73EnBYPL2023/11/12,BYPL,0.0000,0.0000,0.0000,0.0000,6.8220,0.0000,0.0000,0.0000,70.6807,0.0000,9.5508,42.5855,0.0000,0.0000,12.0525,0.0000,19.4767,65.2301,27.6631,0.0000,57.6000,0.0000,0.0000,0.0000,104.7400,0.0000,0.0000,0.0000,0.0000,0.0000,0.0000,0.0000,82.0769,0.0000,0.0000,5.2654,0.0000,30.0050,50.3832,330.9623,67.8377,5.2222,10.7671,6.7031,11.4859,24.9784,0.0000,0.0000,0.0000,0.0000,0.0000,0.0000,0.0000,2.4714,0.0000,0.0000,0.0000,0.0000,0.0000,13.0531,0.0000,10.4013,17.5158,22.5501,1.6815,3.7592,3.5509,10.0355,0.0000,6.9621,12.5578,0.0000,3.2461,0.9754,0.0000,0.0000,0.0000,0.0000,220.5000,0.0000,0.0000,0.0000,0.0000,0.0000,0.0000,0.0000,0.0000,0.0000,0.0000,0.0000,0.0000,7.0000,0.0000,0.0000,300.0000,0.0000,200.0000,0.0000,0.0000,0.0000,14.0000,0.0000,0.0000,0.0000,0.0000,5.7159,0.0000,300.0000,0.0000,200.0000,0.0000
81,73EnBYPL2023/11/12,BYPL,0.0000,0.0000,0.0000,0.0000,6.8220,0.0000,0.0000,0.0000,70.6807,0.0000,9.5508,42.5855,0.0000,0.0000,12.0525,0.0000,19.4767,65.2301,27.6631,0.0000,57.6000,0.0000,0.0000,0.0000,104.7400,0.0000,0.0000,0.0000,0.0000,0.0000,0.0000,0.0000,82.0769,0.0000,0.0000,5.2654,0.0000,30.0050,50.3832,330.9623,67.8377,5.2222,10.7671,6.7031,11.4859,24.9784,0.0000,0.0000,0.0000,0.0000,0.0000,0.0000,0.0000,1.3411,0.0000,0.0000,0.0000,0.0000,0.0000,13.0531,0.0000,10.4013,17.6530,22.5501,1.6815,3.7592,3.5509,8.4658,0.0000,6.9621,8.3718,0.0000,3.2461,0.9754,0.0000,0.0000,0.0000,0.0000,220.5000,0.0000,0.0000,0.0000,0.0000,0.0000,0.0000,0.0000,0.0000,0.0000,0.0000,0.0000,0.0000,7.0000,0.0000,0.0000,300.0000,0.0000,200.0000,0.0000,0.0000,0.0000,14.0000,0.0000,0.0000,0.0000,0.0000,5.7159,0.0000,300.0000,0.0000,200.0000,0.0000
82,73EnBYPL2023/11/12,BYPL,0.0000,0.0000,0.0000,0.0000,6.8220,0.0000,0.0000,0.0000,70.6807,0.0000,9.5508,42.5855,0.0000,0.0000,12.0525,0.0000,19.4767,65.2301,19.2430,0.0000,57.6000,0.0000,0.0000,0.0000,104.7400,0.0000,0.0000,0.0000,0.0000,0.0000,0.0000,0.0000,82.0769,0.0000,0.0000,5.2654,0.0000,30.0050,50.3832,330.9623,67.8377,5.2222,10.7671,6.7031,11.4859,24.9784,0.0000,0.0000,0.0000,0.0000,0.0000,0.0000,0.0000,1.3411,0.0000,0.0000,0.0000,0.0000,0.0000,13.0531,0.0000,10.4013,17.6530,22.5501,12.6187,3.7592,1.7856,3.3172,0.0000,6.9621,4.1859,0.0000,3.2461,0.9754,0.0000,0.0000,0.0000,0.0000,220.5000,0.0000,0.0000,0.0000,0.0000,0.0000,0.0000,0.0000,0.0000,0.0000,0.0000,0.0000,0.0000,7.0000,0.0000,0.0000,300.0000,0.0000,200.0000,0.0000,0.0000,0.0000,14.0000,0.0000,0.0000,0.0000,0.0000,5.7159,0.0000,300.0000,0.0000,200.0000,0.0000
83,73EnBYPL2023/11/12,BYPL,0.0000,0.0000,0.0000,0.0000,6.8220,0.0000,0.0000,0.0000,70.6807,0.0000,9.5508,42.5855,0.0000,0.0000,12.0525,0.0000,19.4767,65.2301,14.4323,0.0000,57.6000,0.0000,0.0000,0.0000,104.7400,0.0000,0.0000,0.0000,0.0000,0.0000,0.0000,0.0000,82.0769,0.0000,0.0000,5.2654,0.0000,30.0050,50.3832,330.9623,67.8377,5.2222,10.7671,6.7031,11.4859,24.9784,0.0000,0.0000,0.0000,0.0000,0.0000,0.0000,0.0000,1.3411,0.0000,0.0000,0.0000,0.0000,0.0000,13.0531,0.0000,10.4013,17.6530,22.5501,12.6187,3.7592,0.0000,0.0000,0.0000,6.9621,4.1859,0.0000,3.2461,0.9754,0.0000,0.0000,0.0000,0.0000,220.5000,0.0000,0.0000,0.0000,0.0000,0.0000,0.0000,0.0000,0.0000,0.0000,0.0000,0.0000,0.0000,7.0000,0.0000,0.0000,300.0000,0.0000,200.0000,0.0000,0.0000,0.0000,14.0000,0.0000,0.0000,0.0000,0.0000,5.7159,0.0000,300.0000,0.0000,200.0000,0.0000
84,73EnBYPL2023/11/12,BYPL,0.0000,0.0000,0.0000,0.0000,6.8220,0.0000,0.0000,0.0000,70.6807,0.0000,9.5508,42.5855,0.0000,0.0000,12.0525,0.0000,19.4767,65.2301,4.8108,0.0000,57.6000,0.0000,0.0000,0.0000,104.7400,0.0000,0.0000,0.0000,0.0000,0.0000,0.0000,0.0000,82.0769,0.0000,0.0000,5.2654,0.0000,30.0050,50.3832,330.9623,67.8377,5.2222,10.7671,6.7031,11.4859,24.9784,0.0000,0.0000,0.0000,0.0000,0.0000,0.0000,0.0000,0.0000,0.0000,0.0000,0.0000,0.0000,0.0000,13.0531,0.0000,10.4013,17.6530,22.5501,2.8042,3.7592,0.0000,0.0000,0.0000,6.9621,4.1859,0.0000,3.2461,0.9754,0.0000,0.0000,0.0000,0.0000,220.5000,0.0000,0.0000,0.0000,0.0000,0.0000,0.0000,0.0000,0.0000,0.0000,0.0000,0.0000,0.0000,7.0000,0.0000,0.0000,300.0000,0.0000,200.0000,0.0000,0.0000,0.0000,14.0000,0.0000,0.0000,0.0000,0.0000,5.7159,0.0000,300.0000,0.0000,200.0000,0.0000
85,73EnBYPL2023/11/12,BYPL,0.0000,0.0000,0.0000,0.0000,6.8220,0.0000,0.0000,0.0000,70.6807,0.0000,9.5508,42.5855,0.0000,0.0000,12.0525,0.0000,19.4767,65.2301,4.8108,0.0000,57.6000,0.0000,0.0000,0.0000,104.7400,0.0000,0.0000,0.0000,0.0000,0.0000,0.0000,0.0000,82.0769,0.0000,0.0000,5.2654,0.0000,30.0050,50.3832,330.9623,67.8377,5.2222,10.7671,6.7031,11.4859,24.9784,0.0000,0.0000,0.0000,0.0000,0.0000,0.0000,0.0000,0.0000,0.0000,0.0000,0.0000,0.0000,0.0000,13.0531,0.0000,10.5359,17.6530,22.5501,2.8042,3.7592,0.0000,0.0000,0.0000,4.6304,4.1859,0.0000,3.2461,0.7798,0.0000,0.0000,0.0000,0.0000,220.5000,0.0000,0.0000,0.0000,0.0000,0.0000,0.0000,0.0000,0.0000,0.0000,0.0000,0.0000,0.0000,7.0000,0.0000,0.0000,300.0000,0.0000,200.0000,0.0000,0.0000,0.0000,21.8700,0.0000,0.0000,0.0000,0.0000,5.7159,0.0000,300.0000,0.0000,200.0000,0.0000
86,73EnBYPL2023/11/12,BYPL,0.0000,0.0000,0.0000,0.0000,6.8220,0.0000,0.0000,0.0000,70.6807,0.0000,9.5508,42.5855,0.0000,0.0000,12.0525,0.0000,19.4767,65.2301,4.8108,0.0000,57.6000,0.0000,0.0000,0.0000,104.7400,0.0000,0.0000,0.0000,0.0000,0.0000,0.0000,0.0000,82.0769,0.0000,0.0000,5.2654,0.0000,30.0050,50.3832,330.9623,67.8377,5.2222,10.7671,6.7031,11.4859,24.9784,0.0000,0.0000,0.0000,0.0000,0.0000,0.0000,0.0000,0.0000,0.0000,0.0000,0.0000,0.0000,0.0000,13.0531,0.0000,10.5359,17.6530,22.5501,2.8042,3.7592,0.0000,0.0000,0.0000,2.0142,4.1859,0.0000,3.2461,0.7798,0.0000,0.0000,0.0000,0.0000,220.5000,0.0000,0.0000,0.0000,0.0000,0.0000,0.0000,0.0000,0.0000,0.0000,0.0000,0.0000,0.0000,7.0000,0.0000,0.0000,300.0000,0.0000,200.0000,0.0000,0.0000,0.0000,21.6500,0.0000,0.0000,0.0000,0.0000,5.7159,0.0000,300.0000,0.0000,200.0000,0.0000
87,73EnBYPL2023/11/12,BYPL,0.0000,0.0000,0.0000,0.0000,6.8220,0.0000,0.0000,0.0000,70.6807,0.0000,9.5508,42.5855,0.0000,0.0000,12.0525,0.0000,19.4767,65.2301,4.8108,0.0000,57.6000,0.0000,0.0000,0.0000,104.7400,0.0000,0.0000,0.0000,0.0000,0.0000,0.0000,0.0000,82.0769,0.0000,0.0000,5.2654,0.0000,30.0050,50.3832,330.9623,67.8377,5.2222,10.7671,6.7031,11.4859,24.9784,0.0000,0.0000,0.0000,0.0000,0.0000,0.0000,0.0000,0.0000,0.0000,0.0000,0.0000,0.0000,0.0000,13.0531,0.0000,10.5359,17.6530,22.5501,2.8042,2.7330,0.0000,0.0000,0.0000,2.0142,4.1859,0.0000,3.2461,0.7798,0.0000,0.0000,0.0000,0.0000,220.5000,0.0000,0.0000,0.0000,0.0000,0.0000,0.0000,0.0000,0.0000,0.0000,0.0000,0.0000,0.0000,7.0000,0.0000,0.0000,300.0000,0.0000,200.0000,0.0000,0.0000,0.0000,20.7800,0.0000,0.0000,0.0000,0.0000,5.7159,0.0000,300.0000,0.0000,200.0000,0.0000
88,73EnBYPL2023/11/12,BYPL,0.0000,0.0000,0.0000,0.0000,6.8220,0.0000,0.0000,0.0000,70.6807,0.0000,9.5508,42.5855,0.0000,0.0000,12.0525,0.0000,19.4767,65.2301,4.8108,0.0000,57.6000,0.0000,0.0000,0.0000,104.7400,0.0000,0.0000,0.0000,0.0000,0.0000,0.0000,0.0000,82.0769,0.0000,0.0000,5.2654,0.0000,30.0050,50.3832,330.9623,67.8377,5.2222,10.7671,6.7031,11.4859,24.9784,0.0000,0.0000,0.0000,0.0000,0.0000,0.0000,0.0000,0.0000,0.0000,0.0000,0.0000,0.0000,0.0000,13.0531,0.0000,10.5359,17.6530,22.5501,2.8042,2.7330,0.0000,0.0000,0.0000,2.0142,4.1859,0.0000,3.2461,0.7798,0.0000,0.0000,0.0000,0.0000,220.5000,0.0000,0.0000,0.0000,0.0000,0.0000,0.0000,0.0000,0.0000,0.0000,0.0000,0.0000,0.0000,7.0000,0.0000,0.0000,300.0000,0.0000,200.0000,0.0000,0.0000,0.0000,20.1100,0.0000,0.0000,0.0000,0.0000,5.7159,0.0000,300.0000,0.0000,200.0000,0.0000
89,73EnBYPL2023/11/12,BYPL,0.0000,0.0000,0.0000,0.0000,6.8220,0.0000,0.0000,0.0000,70.6807,0.0000,9.5508,42.5855,0.0000,0.0000,12.0525,0.0000,19.4767,65.2301,4.8108,0.0000,57.6000,0.0000,0.0000,0.0000,104.7400,0.0000,0.0000,0.0000,0.0000,0.0000,0.0000,0.0000,82.0769,0.0000,0.0000,5.2654,0.0000,30.0050,50.3832,330.9623,67.8377,5.2222,10.7671,6.7031,11.4859,24.9784,0.0000,0.0000,0.0000,0.0000,0.0000,0.0000,0.0000,0.0000,0.0000,0.0000,0.0000,0.0000,0.0000,13.0531,0.0000,10.5359,17.6530,22.5501,2.8042,2.7330,0.0000,0.0000,0.0000,0.0000,4.1859,0.0000,3.2461,0.7798,0.0000,0.0000,0.0000,0.0000,220.5000,0.0000,0.0000,0.0000,0.0000,0.0000,0.0000,0.0000,0.0000,0.0000,0.0000,0.0000,0.0000,7.0000,0.0000,0.0000,300.0000,0.0000,200.0000,0.0000,0.0000,0.0000,19.6500,0.0000,0.0000,0.0000,0.0000,5.7159,0.0000,300.0000,0.0000,200.0000,0.0000
90,73EnBYPL2023/11/12,BYPL,0.0000,0.0000,0.0000,0.0000,6.8220,0.0000,0.0000,0.0000,70.6807,0.0000,9.5508,42.5855,0.0000,0.0000,12.0525,0.0000,19.4767,65.2301,4.8108,0.0000,57.6000,0.0000,0.0000,0.0000,104.7400,0.0000,0.0000,0.0000,0.0000,0.0000,0.0000,0.0000,82.0769,0.0000,0.0000,5.2654,0.0000,30.0050,50.3832,320.0796,67.8377,5.2222,10.7671,6.7031,11.4859,24.9784,0.0000,0.0000,0.0000,0.0000,0.0000,0.0000,0.0000,0.0000,0.0000,0.0000,0.0000,0.0000,0.0000,13.0531,0.0000,10.5359,17.6530,22.5501,2.8042,2.7330,0.0000,0.0000,0.0000,0.0000,4.1859,0.0000,3.2461,0.7798,0.0000,0.0000,0.0000,0.0000,220.5000,0.0000,0.0000,0.0000,0.0000,0.0000,0.0000,0.0000,0.0000,0.0000,0.0000,0.0000,0.0000,7.0000,0.0000,0.0000,300.0000,0.0000,200.0000,0.0000,0.0000,0.0000,17.7400,0.0000,0.0000,0.0000,0.0000,5.7159,0.0000,300.0000,0.0000,200.0000,0.0000
91,73EnBYPL2023/11/12,BYPL,0.0000,0.0000,0.0000,0.0000,6.8220,0.0000,0.0000,0.0000,70.6807,0.0000,9.5508,42.5855,0.0000,0.0000,12.0525,0.0000,19.4767,65.2301,4.8108,0.0000,57.6000,0.0000,0.0000,0.0000,104.7400,0.0000,0.0000,0.0000,0.0000,0.0000,0.0000,0.0000,82.0769,0.0000,0.0000,5.2654,0.0000,30.0050,50.3832,306.7469,67.8377,5.2222,10.7671,6.7031,11.4859,24.9784,0.0000,0.0000,0.0000,0.0000,0.0000,0.0000,0.0000,0.0000,0.0000,0.0000,0.0000,0.0000,0.0000,13.0531,0.0000,10.5359,17.6530,22.5501,2.8042,2.7330,0.0000,0.0000,0.0000,0.0000,4.1859,0.0000,3.2461,0.7798,0.0000,0.0000,0.0000,0.0000,220.5000,0.0000,0.0000,0.0000,0.0000,0.0000,0.0000,0.0000,0.0000,0.0000,0.0000,0.0000,0.0000,7.0000,0.0000,0.0000,300.0000,0.0000,200.0000,0.0000,0.0000,0.0000,17.3300,0.0000,0.0000,0.0000,0.0000,5.7159,0.0000,300.0000,0.0000,200.0000,0.0000
92,73EnBYPL2023/11/12,BYPL,0.0000,0.0000,0.0000,0.0000,6.8220,0.0000,0.0000,0.0000,70.6807,0.0000,9.5508,42.5855,0.0000,0.0000,12.0525,0.0000,19.4767,65.2301,4.8108,0.0000,57.6000,0.0000,0.0000,0.0000,104.7400,0.0000,0.0000,0.0000,0.0000,0.0000,0.0000,0.0000,82.0769,0.0000,0.0000,5.2654,0.0000,30.0050,50.3832,293.4063,67.8377,5.2222,10.7671,6.7031,11.4859,24.9784,0.0000,0.0000,0.0000,0.0000,0.0000,0.0000,0.0000,0.0000,0.0000,0.0000,0.0000,0.0000,0.0000,13.0531,0.0000,10.5359,17.6530,22.5501,2.8042,2.7330,0.0000,0.0000,0.0000,0.0000,4.1859,0.0000,3.2461,0.7798,0.0000,0.0000,0.0000,0.0000,220.5000,0.0000,0.0000,0.0000,0.0000,0.0000,0.0000,0.0000,0.0000,0.0000,0.0000,0.0000,0.0000,7.0000,0.0000,0.0000,300.0000,0.0000,200.0000,0.0000,0.0000,0.0000,14.0000,0.0000,0.0000,0.0000,0.0000,5.7159,0.0000,300.0000,0.0000,200.0000,0.0000
93,73EnBYPL2023/11/12,BYPL,0.0000,0.0000,0.0000,0.0000,6.8220,0.0000,0.0000,0.0000,70.6807,0.0000,9.5508,42.5855,0.0000,0.0000,12.0525,0.0000,19.4767,65.2301,4.8108,0.0000,57.6000,0.0000,0.0000,0.0000,104.7400,0.0000,0.0000,0.0000,0.0000,0.0000,0.0000,0.0000,82.0769,0.0000,0.0000,5.2654,0.0000,30.0050,50.3832,275.8059,67.8377,5.2222,10.7671,6.7031,11.4859,24.9784,0.0000,0.0000,0.0000,0.0000,0.0000,0.0000,0.0000,0.0000,0.0000,0.0000,0.0000,0.0000,0.0000,13.0531,0.0000,10.6680,17.6530,22.5501,4.2062,2.7330,0.0000,0.0000,0.0000,0.0000,4.1859,0.0000,3.2461,0.7798,0.0000,0.0000,0.0000,0.0000,220.5000,0.0000,0.0000,0.0000,0.0000,0.0000,0.0000,0.0000,0.0000,0.0000,0.0000,0.0000,0.0000,7.0000,0.0000,0.0000,300.0000,0.0000,200.0000,0.0000,0.0000,0.0000,14.0000,0.0000,0.0000,0.0000,0.0000,5.7159,0.0000,300.0000,0.0000,200.0000,0.0000
94,73EnBYPL2023/11/12,BYPL,0.0000,0.0000,0.0000,0.0000,6.8220,0.0000,0.0000,0.0000,70.6807,0.0000,9.5508,42.5855,0.0000,0.0000,12.0525,0.0000,19.4767,65.2301,4.8108,0.0000,57.6000,0.0000,0.0000,0.0000,104.7400,0.0000,0.0000,0.0000,0.0000,0.0000,0.0000,0.0000,82.0769,0.0000,0.0000,5.2654,0.0000,30.0050,50.3832,275.8059,67.8377,5.2222,10.7671,6.7031,11.4859,24.9784,0.0000,0.0000,0.0000,0.0000,0.0000,0.0000,0.0000,0.0000,0.0000,0.0000,0.0000,0.0000,0.0000,13.0531,0.0000,10.6680,17.6530,22.5501,4.2062,2.7330,0.0000,0.0000,0.0000,0.0000,4.1859,0.0000,3.2461,0.7798,0.0000,0.0000,0.0000,0.0000,220.5000,0.0000,0.0000,0.0000,0.0000,0.0000,0.0000,0.0000,0.0000,0.0000,0.0000,0.0000,0.0000,7.0000,0.0000,0.0000,300.0000,0.0000,200.0000,0.0000,0.0000,0.0000,14.0000,0.0000,0.0000,0.0000,0.0000,5.7159,0.0000,300.0000,0.0000,200.0000,0.0000
95,73EnBYPL2023/11/12,BYPL,0.0000,0.0000,0.0000,0.0000,6.8220,0.0000,0.0000,0.0000,70.6807,0.0000,9.5508,42.5855,0.0000,0.0000,12.0525,0.0000,19.4767,65.2301,4.8108,0.0000,57.6000,0.0000,0.0000,0.0000,104.7400,0.0000,0.0000,0.0000,0.0000,0.0000,0.0000,0.0000,82.0769,0.0000,0.0000,5.2654,0.0000,30.0050,50.3832,275.8059,67.8377,5.2222,10.7671,6.7031,11.4859,24.9784,0.0000,0.0000,0.0000,0.0000,0.0000,0.0000,0.0000,0.0000,0.0000,0.0000,0.0000,0.0000,0.0000,13.0531,0.0000,10.6680,17.6530,22.5501,4.2062,2.7330,0.0000,0.0000,0.0000,0.0000,4.1859,0.0000,3.2461,1.3005,0.0000,0.0000,0.0000,0.0000,220.5000,0.0000,0.0000,0.0000,0.0000,0.0000,0.0000,0.0000,0.0000,0.0000,0.0000,0.0000,0.0000,7.0000,0.0000,0.0000,300.0000,0.0000,200.0000,0.0000,0.0000,0.0000,14.0000,0.0000,0.0000,0.0000,0.0000,5.7159,0.0000,300.0000,0.0000,200.0000,0.0000
96,73EnBYPL2023/11/12,BYPL,0.0000,0.0000,0.0000,0.0000,6.8220,0.0000,0.0000,0.0000,70.6807,0.0000,9.5508,42.5855,0.0000,0.0000,12.0525,0.0000,19.4767,65.2301,4.8108,0.0000,57.6000,0.0000,0.0000,0.0000,104.7400,0.0000,0.0000,0.0000,0.0000,0.0000,0.0000,0.0000,82.0769,0.0000,0.0000,5.2654,0.0000,30.0050,50.3832,275.8059,67.8377,5.2222,10.7671,6.7031,11.4859,24.9784,0.0000,0.0000,0.0000,0.0000,0.0000,0.0000,0.0000,0.0000,0.0000,0.0000,0.0000,0.0000,0.0000,13.0531,0.0000,10.6680,17.6530,22.5501,4.2062,2.7330,0.0000,0.0000,0.0000,0.0000,4.1859,0.0000,3.2461,1.3005,0.0000,0.0000,0.0000,0.0000,220.5000,0.0000,0.0000,0.0000,0.0000,0.0000,0.0000,0.0000,0.0000,0.0000,0.0000,0.0000,0.0000,7.0000,0.0000,0.0000,300.0000,0.0000,200.0000,0.0000,0.0000,0.0000,14.0000,0.0000,0.0000,0.0000,0.0000,5.7159,0.0000,300.0000,0.0000,200.0000,0.0000
