timeslot,discomcode,revisionno,BTPS,PRAGATI,RPH,DADRI_T,GT_OC,CSGS,GT_RLNG,PRG_RLNG,DVC,GT_LF,GT_CC,PRG_G_CC,GT_RLG_C,GT_LF_CC,PG_RLG_C,REGULATE,MTPS6,JHAJJAR,NJPC,CCGT_OC,CCGT_CC,CCGT_RCC,CCGT_ROC,CLPJHAJR,MEJIA7,MAITHON,SECI,RITHL_CC,RITHL_OC,RITHL_RC,RITHL_RO,NHPC,DADRI_T2,ANTA_GF,AURY_GF,FARAKKA,RIHAND1,RIHAND2,RIHAND3,SASAN,SNGRAULI,UNCHHAR1,UNCHHAR2,UNCHHAR3,KAHLGAN1,KAHLGAN2,DADRI_GF,ANTA_RF,AURY_RF,DADRI_RF,KOLDAM,TH_HPP,KTWR_HEP,SEWA2,DMSWSL,NAPP,RAPPB,MUNDRA,RAMPUR,RAPPC,TALA,ANTA_LF,AURY_LF,DADRI_LF,URI,URI2,CHAMERA1,CHAMERA2,CHAMERA3,DHAULIGNGA,DULHASTI,PARBATI3,SALAL,TANAKPUR,BSIUL,UNCHAHAR4,PRG_CCLF,PRG_OCLF,CCGTCCSPOT,CCGTOCSPOT,SNG_HYDRO,SHEP,GIREL,RUMS_DMRC,SEIPL,THPPL,NHPPL,ANTA_CRF,AURY_CRF,DADR_CRF,ALFANR_I,ALFANR_II,ALFANR_III,ERCPL_FTG,ERPCL_FTG2,AP41PL_BHDL,ASE4PL,SBSRBYPL,SBSRTPDDL,RSTOSU7,RSTPS1TO6,TALST2,SIMHST2,KUDGI,NLCEXP,NLCIIST1,NLCIIST2,NLCTS2EXP,NNTPP,NTPL,MAPS,KGSU1AND2,KGSU3AND4,KKNP,VALLURNTECL,SRIJAN_M,SITAC_BRPL,SITAC_BYPL,TANDA2,KSHNGNGA,VSTPS_I,VSTPS_II,VSTPS_III,VSTPS_IV,VSTPS_V,LARA_I,SIPAT_I,SIPAT_II,KSTPS_I_II,MOUDA,MOUDA_II,SOLAPUR,GAN_NAPM,KAWASCMGAS,GAN_COMGAS,GAN_RLNG,KHARGONE_I,KSTPS7,KAWAS_RLNG,GADARWAR_I,KAWAS_ZLIQ,TAPS_II,KAWAS_APM,GAN_APM,KAPS,MEJA,TWEPL,Total_EXPP,OpenAccess,InterDiscomTransfer,Losses,idtexbil,Total
1,BYPL,48DSBYPL2023/02/19,0.0000,0.0000,0.0000,0.0000,0.0000,0.0000,0.0000,0.0000,33.9400,0.0000,8.5379,29.0000,0.0000,0.0000,0.0000,0.0000,19.5100,41.8300,0.0000,0.0000,55.0000,0.0000,0.0000,0.0000,74.7100,0.0000,0.0000,0.0000,0.0000,0.0000,0.0000,0.0000,158.1500,0.0000,0.0000,5.0600,0.0000,28.4500,23.8700,264.8900,58.0400,5.2600,6.7200,4.4900,8.4300,35.9900,0.0000,0.0000,0.0000,0.0000,0.0000,0.0000,0.0000,3.9300,0.0000,0.0000,0.0000,0.0000,0.0000,6.4000,0.0000,0.0000,0.0000,0.0000,9.4800,8.0400,0.0000,0.0000,0.0000,0.0000,0.0000,0.0000,3.1200,0.5600,3.2200,0.0000,0.0000,0.0000,0.0000,0.0000,0.0000,0.0000,0.0000,0.0000,0.0000,0.0000,0.0000,0.0000,0.0000,0.0000,0.0000,3.9400,0.0000,0.0000,0.0000,0.0000,0.0000,0.0000,0.0000,0.0000,0.0000,0.0000,0.0000,0.0000,0.0000,0.0000,0.0000,0.0000,0.0000,0.0000,0.0000,0.0000,0.0000,0.0000,0.0000,0.0000,0.0000,14.4000,0.0000,0.0000,0.0000,0.0000,0.0000,0.0000,0.0000,0.0000,0.0000,0.0000,0.0000,0.0000,0.0000,0.0000,0.0000,0.0000,0.0000,0.0000,0.0000,0.0000,0.0000,0.0000,0.0000,0.0000,0.0000,0.0000,0.0000,0.0000,4.8993,919.8672,-528.53,0.00,13.2368,0.00,378.1004
2,BYPL,48DSBYPL2023/02/19,0.0000,0.0000,0.0000,0.0000,0.0000,0.0000,0.0000,0.0000,33.9400,0.0000,8.5379,29.0000,0.0000,0.0000,0.0000,0.0000,19.5100,41.8300,0.0000,0.0000,55.0000,0.0000,0.0000,0.0000,74.7100,0.0000,0.0000,0.0000,0.0000,0.0000,0.0000,0.0000,158.1500,0.0000,0.0000,5.0600,0.0000,28.4500,23.8700,264.8900,58.0400,5.2600,6.7200,4.4900,8.4300,35.9900,0.0000,0.0000,0.0000,0.0000,0.0000,0.0000,0.0000,3.9300,0.0000,0.0000,0.0000,0.0000,0.0000,6.4000,0.0000,0.0000,0.0000,0.0000,9.4800,8.0400,0.0000,0.0000,0.0000,0.0000,0.0000,0.0000,3.1200,0.5600,3.2200,0.0000,0.0000,0.0000,0.0000,0.0000,0.0000,0.0000,0.0000,0.0000,0.0000,0.0000,0.0000,0.0000,0.0000,0.0000,0.0000,3.8900,0.0000,0.0000,0.0000,0.0000,0.0000,0.0000,0.0000,0.0000,0.0000,0.0000,0.0000,0.0000,0.0000,0.0000,0.0000,0.0000,0.0000,0.0000,0.0000,0.0000,0.0000,0.0000,0.0000,0.0000,0.0000,13.8100,0.0000,0.0000,0.0000,0.0000,0.0000,0.0000,0.0000,0.0000,0.0000,0.0000,0.0000,0.0000,0.0000,0.0000,0.0000,0.0000,0.0000,0.0000,0.0000,0.0000,0.0000,0.0000,0.0000,0.0000,0.0000,0.0000,0.0000,0.0000,4.8993,919.2272,-540.45,0.00,13.3022,0.00,365.4750
3,BYPL,48DSBYPL2023/02/19,0.0000,0.0000,0.0000,0.0000,0.0000,0.0000,0.0000,0.0000,33.9400,0.0000,8.5379,29.0000,0.0000,0.0000,0.0000,0.0000,19.5100,41.8300,0.0000,0.0000,55.0000,0.0000,0.0000,0.0000,74.7100,0.0000,0.0000,0.0000,0.0000,0.0000,0.0000,0.0000,158.1500,0.0000,0.0000,5.0600,0.0000,28.4500,23.8700,264.8900,58.0400,5.2600,6.7200,4.4900,8.4300,35.9900,0.0000,0.0000,0.0000,0.0000,0.0000,0.0000,0.0000,3.9300,0.0000,0.0000,0.0000,0.0000,0.0000,6.4000,0.0000,0.0000,0.0000,0.0000,9.4800,8.0400,0.0000,0.0000,0.0000,0.0000,0.0000,0.0000,3.1200,0.5600,3.2200,0.0000,0.0000,0.0000,0.0000,0.0000,0.0000,0.0000,0.0000,0.0000,0.0000,0.0000,0.0000,0.0000,0.0000,0.0000,0.0000,3.8000,0.0000,0.0000,0.0000,0.0000,0.0000,0.0000,0.0000,0.0000,0.0000,0.0000,0.0000,0.0000,0.0000,0.0000,0.0000,0.0000,0.0000,0.0000,0.0000,0.0000,0.0000,0.0000,0.0000,0.0000,0.0000,12.8400,0.0000,0.0000,0.0000,0.0000,0.0000,0.0000,0.0000,0.0000,0.0000,0.0000,0.0000,0.0000,0.0000,0.0000,0.0000,0.0000,0.0000,0.0000,0.0000,0.0000,0.0000,0.0000,0.0000,0.0000,0.0000,0.0000,0.0000,0.0000,4.8993,918.1672,-558.33,0.00,13.3996,0.00,346.4376
4,BYPL,48DSBYPL2023/02/19,0.0000,0.0000,0.0000,0.0000,0.0000,0.0000,0.0000,0.0000,33.9400,0.0000,8.5379,29.0000,0.0000,0.0000,0.0000,0.0000,19.5100,41.8300,0.0000,0.0000,55.0000,0.0000,0.0000,0.0000,74.7100,0.0000,0.0000,0.0000,0.0000,0.0000,0.0000,0.0000,158.1500,0.0000,0.0000,5.0600,0.0000,28.4500,23.8700,264.8900,58.0400,5.2600,6.7200,4.4900,8.4300,35.9900,0.0000,0.0000,0.0000,0.0000,0.0000,0.0000,0.0000,3.9300,0.0000,0.0000,0.0000,0.0000,0.0000,6.4000,0.0000,0.0000,0.0000,0.0000,9.4800,8.0400,0.0000,0.0000,0.0000,0.0000,0.0000,0.0000,3.1200,0.5600,3.2200,0.0000,0.0000,0.0000,0.0000,0.0000,0.0000,0.0000,0.0000,0.0000,0.0000,0.0000,0.0000,0.0000,0.0000,0.0000,0.0000,3.7000,0.0000,0.0000,0.0000,0.0000,0.0000,0.0000,0.0000,0.0000,0.0000,0.0000,0.0000,0.0000,0.0000,0.0000,0.0000,0.0000,0.0000,0.0000,0.0000,0.0000,0.0000,0.0000,0.0000,0.0000,0.0000,11.9800,0.0000,0.0000,0.0000,0.0000,0.0000,0.0000,0.0000,0.0000,0.0000,0.0000,0.0000,0.0000,0.0000,0.0000,0.0000,0.0000,0.0000,0.0000,0.0000,0.0000,0.0000,0.0000,0.0000,0.0000,0.0000,0.0000,0.0000,0.0000,4.8993,917.2072,-568.33,0.00,13.4791,0.00,335.3981
5,BYPL,48DSBYPL2023/02/19,0.0000,0.0000,0.0000,0.0000,0.0000,0.0000,0.0000,0.0000,33.9400,0.0000,8.5379,29.0000,0.0000,0.0000,0.0000,0.0000,19.5100,41.8300,0.0000,0.0000,55.0000,0.0000,0.0000,0.0000,74.7100,0.0000,0.0000,0.0000,0.0000,0.0000,0.0000,0.0000,158.1500,0.0000,0.0000,5.0600,0.0000,28.4500,23.8700,264.8900,58.0400,5.2600,6.7200,4.6500,8.4300,35.9900,0.0000,0.0000,0.0000,0.0000,0.0000,0.0000,0.0000,3.9300,0.0000,0.0000,0.0000,0.0000,0.0000,6.4000,0.0000,0.0000,0.0000,0.0000,7.8100,8.0400,0.0000,0.0000,0.0000,0.0000,0.0000,0.0000,3.1200,0.6100,3.2200,0.0000,0.0000,0.0000,0.0000,0.0000,0.0000,0.0000,0.0000,0.0000,0.0000,0.0000,0.0000,0.0000,0.0000,0.0000,0.0000,2.3400,0.0000,0.0000,0.0000,0.0000,0.0000,0.0000,0.0000,0.0000,0.0000,0.0000,0.0000,0.0000,0.0000,0.0000,0.0000,0.0000,0.0000,0.0000,0.0000,0.0000,0.0000,0.0000,0.0000,0.0000,0.0000,11.8500,0.0000,0.0000,0.0000,0.0000,0.0000,0.0000,0.0000,0.0000,0.0000,0.0000,0.0000,0.0000,0.0000,0.0000,0.0000,0.0000,0.0000,0.0000,0.0000,0.0000,0.0000,0.0000,0.0000,0.0000,0.0000,0.0000,0.0000,0.0000,4.8993,914.2572,-576.41,0.00,13.5580,0.00,324.2892
6,BYPL,48DSBYPL2023/02/19,0.0000,0.0000,0.0000,0.0000,0.0000,0.0000,0.0000,0.0000,33.9400,0.0000,8.5379,29.0000,0.0000,0.0000,0.0000,0.0000,19.5100,41.8300,0.0000,0.0000,55.0000,0.0000,0.0000,0.0000,74.7100,0.0000,0.0000,0.0000,0.0000,0.0000,0.0000,0.0000,158.1500,0.0000,0.0000,5.0600,0.0000,28.4500,23.8700,264.8900,58.0400,5.4000,6.7200,4.6500,8.4300,35.9900,0.0000,0.0000,0.0000,0.0000,0.0000,0.0000,0.0000,3.9300,0.0000,0.0000,0.0000,0.0000,0.0000,6.4000,0.0000,0.0000,0.0000,0.0000,7.8100,8.0400,0.0000,0.0000,0.0000,0.0000,0.0000,0.0000,3.1200,0.6100,3.2200,0.0000,0.0000,0.0000,0.0000,0.0000,0.0000,0.0000,0.0000,0.0000,0.0000,0.0000,0.0000,0.0000,0.0000,0.0000,0.0000,2.3600,0.0000,0.0000,0.0000,0.0000,0.0000,0.0000,0.0000,0.0000,0.0000,0.0000,0.0000,0.0000,0.0000,0.0000,0.0000,0.0000,0.0000,0.0000,0.0000,0.0000,0.0000,0.0000,0.0000,0.0000,0.0000,11.6800,0.0000,0.0000,0.0000,0.0000,0.0000,0.0000,0.0000,0.0000,0.0000,0.0000,0.0000,0.0000,0.0000,0.0000,0.0000,0.0000,0.0000,0.0000,0.0000,0.0000,0.0000,0.0000,0.0000,0.0000,0.0000,0.0000,0.0000,0.0000,4.8993,914.2472,-583.33,0.00,13.5851,0.00,317.3321
7,BYPL,48DSBYPL2023/02/19,0.0000,0.0000,0.0000,0.0000,0.0000,0.0000,0.0000,0.0000,33.9400,0.0000,8.5379,29.0000,0.0000,0.0000,0.0000,0.0000,19.5100,41.8300,0.0000,0.0000,47.3944,0.0000,0.0000,0.0000,74.7100,0.0000,0.0000,0.0000,0.0000,0.0000,0.0000,0.0000,158.1500,0.0000,0.0000,5.0600,0.0000,28.4500,23.8700,264.8900,58.0400,5.2600,6.7200,4.4900,8.4900,35.9900,0.0000,0.0000,0.0000,0.0000,0.0000,0.0000,0.0000,3.9300,0.0000,0.0000,0.0000,0.0000,0.0000,6.4000,0.0000,0.0000,0.0000,0.0000,8.8800,5.9100,0.0000,0.0000,0.0000,0.0000,0.0000,0.0000,3.1200,0.6100,3.2200,0.0000,0.0000,0.0000,0.0000,0.0000,0.0000,0.0000,0.0000,0.0000,0.0000,0.0000,0.0000,0.0000,0.0000,0.0000,0.0000,2.4500,0.0000,0.0000,0.0000,0.0000,0.0000,0.0000,0.0000,0.0000,0.0000,0.0000,0.0000,0.0000,0.0000,0.0000,0.0000,0.0000,0.0000,0.0000,0.0000,0.0000,0.0000,0.0000,0.0000,0.0000,0.0000,11.6600,0.0000,0.0000,0.0000,0.0000,0.0000,0.0000,0.0000,0.0000,0.0000,0.0000,0.0000,0.0000,0.0000,0.0000,0.0000,0.0000,0.0000,0.0000,0.0000,0.0000,0.0000,0.0000,0.0000,0.0000,0.0000,0.0000,0.0000,0.0000,4.8993,905.4116,-587.00,0.00,13.8270,0.00,304.5846
8,BYPL,48DSBYPL2023/02/19,0.0000,0.0000,0.0000,0.0000,0.0000,0.0000,0.0000,0.0000,33.9400,0.0000,8.5379,29.0000,0.0000,0.0000,0.0000,0.0000,19.5100,41.8300,0.0000,0.0000,47.3944,0.0000,0.0000,0.0000,74.7100,0.0000,0.0000,0.0000,0.0000,0.0000,0.0000,0.0000,158.1500,0.0000,0.0000,5.0600,0.0000,28.4500,23.8700,264.8900,58.0400,5.2600,6.7200,4.4900,8.4900,35.9900,0.0000,0.0000,0.0000,0.0000,0.0000,0.0000,0.0000,3.9300,0.0000,0.0000,0.0000,0.0000,0.0000,6.4000,0.0000,0.0000,0.0000,0.0000,8.8800,5.9100,0.0000,0.0000,0.0000,0.0000,0.0000,0.0000,3.1200,0.6100,3.2200,0.0000,0.0000,0.0000,0.0000,0.0000,0.0000,0.0000,0.0000,0.0000,0.0000,0.0000,0.0000,0.0000,0.0000,0.0000,0.0000,2.5000,0.0000,0.0000,0.0000,0.0000,0.0000,0.0000,0.0000,0.0000,0.0000,0.0000,0.0000,0.0000,0.0000,0.0000,0.0000,0.0000,0.0000,0.0000,0.0000,0.0000,0.0000,0.0000,0.0000,0.0000,0.0000,11.6000,0.0000,0.0000,0.0000,0.0000,0.0000,0.0000,0.0000,0.0000,0.0000,0.0000,0.0000,0.0000,0.0000,0.0000,0.0000,0.0000,0.0000,0.0000,0.0000,0.0000,0.0000,0.0000,0.0000,0.0000,0.0000,0.0000,0.0000,0.0000,4.8993,905.4016,-591.42,0.00,13.1896,0.00,300.7920
9,BYPL,48DSBYPL2023/02/19,0.0000,0.0000,0.0000,0.0000,0.0000,0.0000,0.0000,0.0000,33.9400,0.0000,8.5379,29.0000,0.0000,0.0000,0.0000,0.0000,19.5100,41.8300,0.0000,0.0000,47.3944,0.0000,0.0000,0.0000,74.7100,0.0000,0.0000,0.0000,0.0000,0.0000,0.0000,0.0000,158.1500,0.0000,0.0000,5.0600,0.0000,28.4500,23.8700,264.8900,58.0400,5.4000,6.7200,4.6500,8.4900,35.9900,0.0000,0.0000,0.0000,0.0000,0.0000,0.0000,0.0000,3.9300,0.0000,0.0000,0.0000,0.0000,0.0000,6.4000,0.0000,0.0000,0.0000,0.0000,8.3300,5.9100,0.0000,0.0000,0.0000,0.0000,0.0000,0.0000,3.1200,0.6100,3.2200,0.0000,0.0000,0.0000,0.0000,0.0000,0.0000,0.0000,0.0000,0.0000,0.0000,0.0000,0.0000,0.0000,0.0000,0.0000,0.0000,2.3700,0.0000,0.0000,0.0000,0.0000,0.0000,0.0000,0.0000,0.0000,0.0000,0.0000,0.0000,0.0000,0.0000,0.0000,0.0000,0.0000,0.0000,0.0000,0.0000,0.0000,0.0000,0.0000,0.0000,0.0000,0.0000,11.4900,0.0000,0.0000,0.0000,0.0000,0.0000,0.0000,0.0000,0.0000,0.0000,0.0000,0.0000,0.0000,0.0000,0.0000,0.0000,0.0000,0.0000,0.0000,0.0000,0.0000,0.0000,0.0000,0.0000,0.0000,0.0000,0.0000,0.0000,0.0000,4.8993,904.9116,-589.42,0.00,13.1677,0.00,302.3239
10,BYPL,48DSBYPL2023/02/19,0.0000,0.0000,0.0000,0.0000,0.0000,0.0000,0.0000,0.0000,33.9400,0.0000,8.5379,29.0000,0.0000,0.0000,0.0000,0.0000,19.5100,41.8300,0.0000,0.0000,47.3944,0.0000,0.0000,0.0000,74.7100,0.0000,0.0000,0.0000,0.0000,0.0000,0.0000,0.0000,158.1500,0.0000,0.0000,5.0600,0.0000,28.4500,23.8700,264.8900,58.0400,5.4000,6.7200,4.6500,8.4900,35.9900,0.0000,0.0000,0.0000,0.0000,0.0000,0.0000,0.0000,3.9300,0.0000,0.0000,0.0000,0.0000,0.0000,6.4000,0.0000,0.0000,0.0000,0.0000,8.3300,5.9100,0.0000,0.0000,0.0000,0.0000,0.0000,0.0000,3.1200,0.6100,3.2200,0.0000,0.0000,0.0000,0.0000,0.0000,0.0000,0.0000,0.0000,0.0000,0.0000,0.0000,0.0000,0.0000,0.0000,0.0000,0.0000,2.4800,0.0000,0.0000,0.0000,0.0000,0.0000,0.0000,0.0000,0.0000,0.0000,0.0000,0.0000,0.0000,0.0000,0.0000,0.0000,0.0000,0.0000,0.0000,0.0000,0.0000,0.0000,0.0000,0.0000,0.0000,0.0000,11.4100,0.0000,0.0000,0.0000,0.0000,0.0000,0.0000,0.0000,0.0000,0.0000,0.0000,0.0000,0.0000,0.0000,0.0000,0.0000,0.0000,0.0000,0.0000,0.0000,0.0000,0.0000,0.0000,0.0000,0.0000,0.0000,0.0000,0.0000,0.0000,4.8993,904.9416,-595.42,0.00,13.2208,0.00,296.3008
11,BYPL,48DSBYPL2023/02/19,0.0000,0.0000,0.0000,0.0000,0.0000,0.0000,0.0000,0.0000,33.9400,0.0000,8.5709,29.0000,0.0000,0.0000,0.0000,0.0000,19.5100,41.8300,0.0000,0.0000,47.3944,0.0000,0.0000,0.0000,74.7100,0.0000,0.0000,0.0000,0.0000,0.0000,0.0000,0.0000,158.1500,0.0000,0.0000,5.0600,0.0000,28.4500,23.8700,264.8900,58.0400,5.4000,6.7200,4.6500,8.4900,35.9900,0.0000,0.0000,0.0000,0.0000,0.0000,0.0000,0.0000,3.9300,0.0000,0.0000,0.0000,0.0000,0.0000,6.4000,0.0000,0.0000,0.0000,0.0000,8.3300,5.9100,0.0000,0.0000,0.0000,0.0000,0.0000,0.0000,3.1200,0.6100,3.2200,0.0000,0.0000,0.0000,0.0000,0.0000,0.0000,0.0000,0.0000,0.0000,0.0000,0.0000,0.0000,0.0000,0.0000,0.0000,0.0000,2.4600,0.0000,0.0000,0.0000,0.0000,0.0000,0.0000,0.0000,0.0000,0.0000,0.0000,0.0000,0.0000,0.0000,0.0000,0.0000,0.0000,0.0000,0.0000,0.0000,0.0000,0.0000,0.0000,0.0000,0.0000,0.0000,11.3300,0.0000,0.0000,0.0000,0.0000,0.0000,0.0000,0.0000,0.0000,0.0000,0.0000,0.0000,0.0000,0.0000,0.0000,0.0000,0.0000,0.0000,0.0000,0.0000,0.0000,0.0000,0.0000,0.0000,0.0000,0.0000,0.0000,0.0000,0.0000,4.8993,904.8746,-600.42,0.00,13.2642,0.00,291.1904
12,BYPL,48DSBYPL2023/02/19,0.0000,0.0000,0.0000,0.0000,0.0000,0.0000,0.0000,0.0000,33.9400,0.0000,8.5709,29.0000,0.0000,0.0000,0.0000,0.0000,19.5100,41.8300,0.0000,0.0000,47.3944,0.0000,0.0000,0.0000,74.7100,0.0000,0.0000,0.0000,0.0000,0.0000,0.0000,0.0000,158.1500,0.0000,0.0000,5.0600,0.0000,28.4500,23.8700,264.8900,58.0400,5.4000,6.7200,4.6500,8.4900,35.9900,0.0000,0.0000,0.0000,0.0000,0.0000,0.0000,0.0000,3.9300,0.0000,0.0000,0.0000,0.0000,0.0000,6.4000,0.0000,0.0000,0.0000,0.0000,8.3300,5.9100,0.0000,0.0000,0.0000,0.0000,0.0000,0.0000,3.1200,0.6100,3.2200,0.0000,0.0000,0.0000,0.0000,0.0000,0.0000,0.0000,0.0000,0.0000,0.0000,0.0000,0.0000,0.0000,0.0000,0.0000,0.0000,2.3600,0.0000,0.0000,0.0000,0.0000,0.0000,0.0000,0.0000,0.0000,0.0000,0.0000,0.0000,0.0000,0.0000,0.0000,0.0000,0.0000,0.0000,0.0000,0.0000,0.0000,0.0000,0.0000,0.0000,0.0000,0.0000,11.2100,0.0000,0.0000,0.0000,0.0000,0.0000,0.0000,0.0000,0.0000,0.0000,0.0000,0.0000,0.0000,0.0000,0.0000,0.0000,0.0000,0.0000,0.0000,0.0000,0.0000,0.0000,0.0000,0.0000,0.0000,0.0000,0.0000,0.0000,0.0000,4.8993,904.6546,-604.42,0.00,13.2975,0.00,286.9371
13,BYPL,48DSBYPL2023/02/19,0.0000,0.0000,0.0000,0.0000,0.0000,0.0000,0.0000,0.0000,33.9400,0.0000,8.5379,29.0000,0.0000,0.0000,0.0000,0.0000,19.5100,41.8300,0.0000,0.0000,47.3944,0.0000,0.0000,0.0000,74.7100,0.0000,0.0000,0.0000,0.0000,0.0000,0.0000,0.0000,158.1500,0.0000,0.0000,5.0600,0.0000,28.4500,23.8700,264.8900,58.0400,5.4000,6.7200,4.6500,8.4900,35.9900,0.0000,0.0000,0.0000,0.0000,0.0000,0.0000,0.0000,3.9300,0.0000,0.0000,0.0000,0.0000,0.0000,6.4000,0.0000,0.0000,0.0000,0.0000,8.8800,7.5900,0.0000,0.0000,0.0000,0.0000,0.0000,0.0000,5.9600,0.6100,3.2200,0.0000,0.0000,0.0000,0.0000,0.0000,0.0000,0.0000,0.0000,0.0000,0.0000,0.0000,0.0000,0.0000,0.0000,0.0000,0.0000,2.4900,0.0000,0.0000,0.0000,0.0000,0.0000,0.0000,0.0000,0.0000,0.0000,0.0000,0.0000,0.0000,0.0000,0.0000,0.0000,0.0000,0.0000,0.0000,0.0000,0.0000,0.0000,0.0000,0.0000,0.0000,0.0000,11.1900,0.0000,0.0000,0.0000,0.0000,0.0000,0.0000,0.0000,0.0000,0.0000,0.0000,0.0000,0.0000,0.0000,0.0000,0.0000,0.0000,0.0000,0.0000,0.0000,0.0000,0.0000,0.0000,0.0000,0.0000,0.0000,0.0000,0.0000,0.0000,4.8993,909.8016,-610.42,0.00,13.3956,0.00,285.9860
14,BYPL,48DSBYPL2023/02/19,0.0000,0.0000,0.0000,0.0000,0.0000,0.0000,0.0000,0.0000,33.9400,0.0000,8.5379,29.0000,0.0000,0.0000,0.0000,0.0000,19.5100,41.8300,0.0000,0.0000,47.3944,0.0000,0.0000,0.0000,74.7100,0.0000,0.0000,0.0000,0.0000,0.0000,0.0000,0.0000,158.1500,0.0000,0.0000,5.0600,0.0000,28.4500,23.8700,264.8900,58.0400,5.4000,6.7200,4.6500,8.4900,35.9900,0.0000,0.0000,0.0000,0.0000,0.0000,0.0000,0.0000,3.9300,0.0000,0.0000,0.0000,0.0000,0.0000,6.4000,0.0000,0.0000,0.0000,0.0000,8.8800,7.5900,0.0000,0.0000,0.0000,0.0000,0.0000,0.0000,14.3200,0.6100,3.2200,0.0000,0.0000,0.0000,0.0000,0.0000,0.0000,0.0000,0.0000,0.0000,0.0000,0.0000,0.0000,0.0000,0.0000,0.0000,0.0000,2.4100,0.0000,0.0000,0.0000,0.0000,0.0000,0.0000,0.0000,0.0000,0.0000,0.0000,0.0000,0.0000,0.0000,0.0000,0.0000,0.0000,0.0000,0.0000,0.0000,0.0000,0.0000,0.0000,0.0000,0.0000,0.0000,11.3400,0.0000,0.0000,0.0000,0.0000,0.0000,0.0000,0.0000,0.0000,0.0000,0.0000,0.0000,0.0000,0.0000,0.0000,0.0000,0.0000,0.0000,0.0000,0.0000,0.0000,0.0000,0.0000,0.0000,0.0000,0.0000,0.0000,0.0000,0.0000,4.8993,918.2316,-611.42,0.00,13.4785,0.00,293.3331
15,BYPL,48DSBYPL2023/02/19,0.0000,0.0000,0.0000,0.0000,0.0000,0.0000,0.0000,0.0000,33.9400,0.0000,8.5379,29.0000,0.0000,0.0000,0.0000,0.0000,19.5100,41.8300,0.0000,0.0000,47.3944,0.0000,0.0000,0.0000,74.7100,0.0000,0.0000,0.0000,0.0000,0.0000,0.0000,0.0000,158.1500,0.0000,0.0000,5.0600,0.0000,28.4500,23.8700,264.8900,58.0400,5.2600,6.7200,4.4900,8.4900,35.9900,0.0000,0.0000,0.0000,0.0000,0.0000,0.0000,0.0000,3.9300,0.0000,0.0000,0.0000,0.0000,0.0000,6.4000,0.0000,0.0000,0.0000,0.0000,8.8800,7.5900,0.0000,0.0000,0.0000,0.0000,0.0000,0.0000,14.3200,0.6100,3.2200,0.0000,0.0000,0.0000,0.0000,0.0000,0.0000,0.0000,0.0000,0.0000,0.0000,0.0000,0.0000,0.0000,0.0000,0.0000,0.0000,2.4900,0.0000,0.0000,0.0000,0.0000,0.0000,0.0000,0.0000,0.0000,0.0000,0.0000,0.0000,0.0000,0.0000,0.0000,0.0000,0.0000,0.0000,0.0000,0.0000,0.0000,0.0000,0.0000,0.0000,0.0000,0.0000,11.3300,0.0000,0.0000,0.0000,0.0000,0.0000,0.0000,0.0000,0.0000,0.0000,0.0000,0.0000,0.0000,0.0000,0.0000,0.0000,0.0000,0.0000,0.0000,0.0000,0.0000,0.0000,0.0000,0.0000,0.0000,0.0000,0.0000,0.0000,0.0000,4.8993,918.0016,-625.42,0.00,13.5997,0.00,278.9819
16,BYPL,48DSBYPL2023/02/19,0.0000,0.0000,0.0000,0.0000,0.0000,0.0000,0.0000,0.0000,33.9400,0.0000,8.5379,29.0000,0.0000,0.0000,0.0000,0.0000,19.5100,41.8300,0.0000,0.0000,47.3944,0.0000,0.0000,0.0000,74.7100,0.0000,0.0000,0.0000,0.0000,0.0000,0.0000,0.0000,158.1500,0.0000,0.0000,5.0600,0.0000,28.4500,23.8700,264.8900,58.0400,5.2600,6.7200,4.4900,8.4900,35.9900,0.0000,0.0000,0.0000,0.0000,0.0000,0.0000,0.0000,3.9300,0.0000,0.0000,0.0000,0.0000,0.0000,6.4000,0.0000,0.0000,0.0000,0.0000,8.8800,7.5900,0.0000,0.0000,0.0000,0.0000,0.0000,0.0000,14.3200,0.6100,3.2200,0.0000,0.0000,0.0000,0.0000,0.0000,0.0000,0.0000,0.0000,0.0000,0.0000,0.0000,0.0000,0.0000,0.0000,0.0000,0.0000,2.4800,0.0000,0.0000,0.0000,0.0000,0.0000,0.0000,0.0000,0.0000,0.0000,0.0000,0.0000,0.0000,0.0000,0.0000,0.0000,0.0000,0.0000,0.0000,0.0000,0.0000,0.0000,0.0000,0.0000,0.0000,0.0000,11.3400,0.0000,0.0000,0.0000,0.0000,0.0000,0.0000,0.0000,0.0000,0.0000,0.0000,0.0000,0.0000,0.0000,0.0000,0.0000,0.0000,0.0000,0.0000,0.0000,0.0000,0.0000,0.0000,0.0000,0.0000,0.0000,0.0000,0.0000,0.0000,4.8993,918.0016,-626.42,0.00,13.6085,0.00,277.9731
17,BYPL,48DSBYPL2023/02/19,0.0000,0.0000,0.0000,0.0000,0.0000,0.0000,0.0000,0.0000,33.9400,0.0000,8.5379,29.0000,0.0000,0.0000,0.0000,0.0000,19.5100,35.5400,0.0000,0.0000,47.3944,0.0000,0.0000,0.0000,74.7100,0.0000,0.0000,0.0000,0.0000,0.0000,0.0000,0.0000,158.1500,0.0000,0.0000,5.0600,0.0000,28.4500,23.8700,264.8900,58.0400,5.2600,6.7200,4.4900,8.4900,35.9900,0.0000,0.0000,0.0000,0.0000,0.0000,0.0000,0.0000,3.9300,0.0000,0.0000,0.0000,0.0000,0.0000,6.4000,0.0000,0.0000,0.0000,0.0000,8.8800,7.5900,0.0000,0.0000,0.0000,0.0000,0.0000,0.0000,14.3200,0.6100,2.9100,0.0000,0.0000,0.0000,0.0000,0.0000,0.0000,0.0000,0.0000,0.0000,0.0000,0.0000,0.0000,0.0000,0.0000,0.0000,0.0000,2.4100,0.0000,0.0000,0.0000,0.0000,0.0000,0.0000,0.0000,0.0000,0.0000,0.0000,0.0000,0.0000,0.0000,0.0000,0.0000,0.0000,0.0000,0.0000,0.0000,0.0000,0.0000,0.0000,0.0000,0.0000,0.0000,14.2500,0.0000,0.0000,0.0000,0.0000,0.0000,0.0000,0.0000,0.0000,0.0000,0.0000,0.0000,0.0000,0.0000,0.0000,0.0000,0.0000,0.0000,0.0000,0.0000,0.0000,0.0000,0.0000,0.0000,0.0000,0.0000,0.0000,0.0000,0.0000,4.8993,914.2416,-617.96,0.00,14.1603,0.00,282.1213
18,BYPL,48DSBYPL2023/02/19,0.0000,0.0000,0.0000,0.0000,0.0000,0.0000,0.0000,0.0000,33.9400,0.0000,8.5379,29.0000,0.0000,0.0000,0.0000,0.0000,19.5100,35.9400,4.7700,0.0000,47.3944,0.0000,0.0000,0.0000,74.7100,0.0000,0.0000,0.0000,0.0000,0.0000,0.0000,0.0000,158.1500,0.0000,0.0000,5.0600,0.0000,28.4500,23.8700,264.8900,58.0400,5.2600,6.7200,4.4900,8.4900,35.9900,0.0000,0.0000,0.0000,0.0000,0.0000,0.0000,0.0000,3.9300,0.0000,0.0000,0.0000,0.0000,0.0000,6.4000,0.0000,0.0000,0.0000,0.0000,8.8800,7.5900,0.0000,0.0000,0.0000,0.0000,0.0000,0.0000,5.9600,0.6100,2.9100,0.0000,0.0000,0.0000,0.0000,0.0000,0.0000,0.0000,0.0000,0.0000,0.0000,0.0000,0.0000,0.0000,0.0000,0.0000,0.0000,2.4800,0.0000,0.0000,0.0000,0.0000,0.0000,0.0000,0.0000,0.0000,0.0000,0.0000,0.0000,0.0000,0.0000,0.0000,0.0000,0.0000,0.0000,0.0000,0.0000,0.0000,0.0000,0.0000,0.0000,0.0000,0.0000,13.7600,0.0000,0.0000,0.0000,0.0000,0.0000,0.0000,0.0000,0.0000,0.0000,0.0000,0.0000,0.0000,0.0000,0.0000,0.0000,0.0000,0.0000,0.0000,0.0000,0.0000,0.0000,0.0000,0.0000,0.0000,0.0000,0.0000,0.0000,0.0000,4.8993,910.6316,-606.44,0.00,14.2299,0.00,289.9617
19,BYPL,48DSBYPL2023/02/19,0.0000,0.0000,0.0000,0.0000,0.0000,0.0000,0.0000,0.0000,33.9400,0.0000,8.5379,29.0000,0.0000,0.0000,0.0000,0.0000,19.5100,41.8300,5.3700,0.0000,55.0000,0.0000,0.0000,0.0000,74.7100,0.0000,0.0000,0.0000,0.0000,0.0000,0.0000,0.0000,158.1500,0.0000,0.0000,5.0600,0.0000,28.4500,23.8700,264.8900,58.0400,5.2600,6.7200,4.4900,8.4900,35.9900,0.0000,0.0000,0.0000,0.0000,0.0000,0.0000,0.0000,3.9300,0.0000,0.0000,0.0000,0.0000,0.0000,6.4000,0.0000,0.0000,0.0000,0.0000,8.8800,6.6300,0.0000,0.0000,0.0000,0.0000,0.0000,0.0000,5.9600,0.6100,1.5900,0.0000,0.0000,0.0000,0.0000,0.0000,0.0000,0.0000,0.0000,0.0000,0.0000,0.0000,0.0000,0.0000,0.0000,0.0000,0.0000,2.3700,0.0000,0.0000,0.0000,0.0000,0.0000,0.0000,0.0000,0.0000,0.0000,0.0000,0.0000,0.0000,0.0000,0.0000,0.0000,0.0000,0.0000,0.0000,0.0000,0.0000,0.0000,0.0000,0.0000,0.0000,0.0000,13.2400,0.0000,0.0000,0.0000,0.0000,0.0000,0.0000,0.0000,0.0000,0.0000,0.0000,0.0000,0.0000,0.0000,0.0000,0.0000,0.0000,0.0000,0.0000,0.0000,0.0000,0.0000,0.0000,0.0000,0.0000,0.0000,0.0000,0.0000,0.0000,4.8993,921.8172,-604.12,0.00,14.1727,0.00,303.5245
20,BYPL,48DSBYPL2023/02/19,0.0000,0.0000,0.0000,0.0000,0.0000,0.0000,0.0000,0.0000,33.9400,0.0000,8.5379,29.0000,0.0000,0.0000,0.0000,0.0000,19.5100,41.8300,5.3700,0.0000,55.0000,0.0000,0.0000,0.0000,74.7100,0.0000,0.0000,0.0000,0.0000,0.0000,0.0000,0.0000,158.1500,0.0000,0.0000,5.0600,0.0000,28.4500,23.8700,264.8900,58.0400,5.2600,6.7200,4.4900,8.4900,35.9900,0.0000,0.0000,0.0000,0.0000,0.0000,0.0000,0.0000,3.9300,0.0000,0.0000,0.0000,0.0000,0.0000,6.4000,0.0000,0.0000,0.0000,0.0000,8.8800,6.6300,0.0000,0.0000,0.0000,0.0000,0.0000,0.0000,5.9600,0.6100,1.5900,0.0000,0.0000,0.0000,0.0000,0.0000,0.0000,0.0000,0.0000,0.0000,0.0000,0.0000,0.0000,0.0000,0.0000,0.0000,0.0000,2.3400,0.0000,0.0000,0.0000,0.0000,0.0000,0.0000,0.0000,0.0000,0.0000,0.0000,0.0000,0.0000,0.0000,0.0000,0.0000,0.0000,0.0000,0.0000,0.0000,0.0000,0.0000,0.0000,0.0000,0.0000,0.0000,12.7300,0.0000,0.0000,0.0000,0.0000,0.0000,0.0000,0.0000,0.0000,0.0000,0.0000,0.0000,0.0000,0.0000,0.0000,0.0000,0.0000,0.0000,0.0000,0.0000,0.0000,0.0000,0.0000,0.0000,0.0000,0.0000,0.0000,0.0000,0.0000,4.8993,921.2772,-591.04,0.00,14.0191,0.00,316.2181
21,BYPL,48DSBYPL2023/02/19,0.0000,0.0000,0.0000,0.0000,0.0000,0.0000,0.0000,0.0000,33.9400,0.0000,8.5379,62.6866,0.0000,0.0000,0.0000,0.0000,19.5100,41.8300,5.3700,0.0000,55.0000,0.0000,0.0000,0.0000,74.7100,0.0000,0.0000,0.0000,0.0000,0.0000,0.0000,0.0000,158.1500,0.0000,0.0000,5.0600,0.0000,28.4500,23.8700,264.8900,58.0400,5.2600,6.7200,4.4800,8.4900,35.9900,0.0000,0.0000,0.0000,0.0000,0.0000,0.0000,0.0000,3.9300,0.0000,0.0000,0.0000,0.0000,0.0000,6.4000,0.0000,0.0000,0.0000,0.0000,9.0300,6.6300,0.0000,0.0000,0.0000,0.0000,0.0000,0.0000,5.9600,0.6100,1.5900,0.0000,0.0000,0.0000,0.0000,0.0000,0.0000,0.0000,0.0000,0.0000,0.0000,0.0000,0.0000,0.0000,0.0000,0.0000,0.0000,2.3600,0.0000,0.0000,0.0000,0.0000,0.0000,0.0000,0.0000,0.0000,0.0000,0.0000,0.0000,0.0000,0.0000,0.0000,0.0000,0.0000,0.0000,0.0000,0.0000,0.0000,0.0000,0.0000,0.0000,0.0000,0.0000,11.9500,0.0000,0.0000,0.0000,0.0000,0.0000,0.0000,0.0000,0.0000,0.0000,0.0000,0.0000,0.0000,0.0000,0.0000,0.0000,0.0000,0.0000,0.0000,0.0000,0.0000,0.0000,0.0000,0.0000,0.0000,0.0000,0.0000,0.0000,0.0000,4.8993,954.3438,-605.81,0.00,13.9161,0.00,334.6177
22,BYPL,48DSBYPL2023/02/19,0.0000,0.0000,0.0000,0.0000,0.0000,0.0000,0.0000,0.0000,33.9400,0.0000,8.5379,62.6866,0.0000,0.0000,0.0000,0.0000,19.5100,41.8300,5.3700,0.0000,55.0000,0.0000,0.0000,0.0000,74.7100,0.0000,0.0000,0.0000,0.0000,0.0000,0.0000,0.0000,158.1500,0.0000,0.0000,5.0600,0.0000,28.4500,23.8700,264.8900,58.0400,5.2600,6.7200,4.4800,8.4900,35.9900,0.0000,0.0000,0.0000,0.0000,0.0000,0.0000,0.0000,3.9300,0.0000,0.0000,0.0000,0.0000,0.0000,6.4000,0.0000,0.0000,0.0000,0.0000,9.0300,6.6300,0.9200,0.0000,2.3900,0.0000,0.0000,0.0000,5.9600,0.6100,1.5900,0.0000,0.0000,0.0000,0.0000,0.0000,0.0000,0.0000,0.0000,0.0000,0.0000,0.0000,0.0000,0.0000,0.0000,0.0000,0.0000,2.4500,0.0000,0.0000,0.0000,0.0000,0.0000,0.0000,0.0000,0.0000,0.0000,0.0000,0.0000,0.0000,0.0000,0.0000,0.0000,0.0000,0.0000,0.0000,0.0000,0.0000,0.0000,0.0000,0.0000,0.0000,0.0000,11.2000,0.0000,0.0000,0.0000,0.0000,0.0000,0.0000,0.0000,0.0000,0.0000,0.0000,0.0000,0.0000,0.0000,0.0000,0.0000,0.0000,0.0000,0.0000,0.0000,0.0000,0.0000,0.0000,0.0000,0.0000,0.0000,0.0000,0.0000,0.0000,4.8993,956.9938,-589.85,0.00,13.8159,0.00,353.3279
23,BYPL,48DSBYPL2023/02/19,0.0000,0.0000,0.0000,0.0000,0.0000,0.0000,0.0000,0.0000,33.9400,0.0000,8.5379,62.6866,0.0000,0.0000,0.0000,0.0000,19.5100,41.8300,10.5000,0.0000,55.0000,0.0000,0.0000,0.0000,74.7100,0.0000,0.0000,0.0000,0.0000,0.0000,0.0000,0.0000,158.1500,0.0000,0.0000,5.0600,0.0000,28.4500,23.8700,264.8900,58.0400,5.2600,6.7200,4.4900,8.4900,35.9900,0.0000,0.0000,0.0000,0.0000,0.0000,0.0000,0.0000,3.9300,0.0000,0.0000,0.0000,0.0000,0.0000,6.4000,0.0000,0.0000,0.0000,0.0000,9.0300,6.6300,3.4100,0.8300,2.3900,0.0000,0.0000,0.0000,5.9600,1.8700,1.5900,0.0000,0.0000,0.0000,0.0000,0.0000,0.0000,0.0000,0.0000,0.0000,0.0000,0.0000,0.0000,0.0000,0.0000,0.0000,0.0000,2.5000,0.0000,0.0000,0.0000,0.0000,0.0000,0.0000,0.0000,0.0000,0.0000,0.0000,0.0000,0.0000,0.0000,0.0000,0.0000,0.0000,0.0000,0.0000,0.0000,0.0000,0.0000,0.0000,0.0000,0.0000,0.0000,10.4700,0.0000,0.0000,0.0000,0.0000,0.0000,0.0000,0.0000,0.0000,0.0000,0.0000,0.0000,0.0000,0.0000,0.0000,0.0000,0.0000,0.0000,0.0000,0.0000,0.0000,0.0000,0.0000,0.0000,0.0000,0.0000,0.0000,0.0000,0.0000,4.8993,966.0338,-575.42,0.00,13.5824,0.00,377.0314
24,BYPL,48DSBYPL2023/02/19,0.0000,0.0000,0.0000,0.0000,0.0000,0.0000,0.0000,0.0000,33.9400,0.0000,8.5379,62.6866,0.0000,0.0000,0.0000,0.0000,19.5100,41.8400,16.3400,0.0000,55.0000,0.0000,0.0000,0.0000,74.7100,0.0000,0.0000,0.0000,0.0000,0.0000,0.0000,0.0000,156.7900,0.0000,0.0000,5.0600,0.0000,28.4500,23.8700,264.8900,58.0400,5.1200,6.7200,4.4800,8.4900,35.9900,0.0000,0.0000,0.0000,0.0000,0.0000,0.0000,0.0000,3.9300,0.0000,0.0000,0.0000,0.0000,0.0000,6.4000,0.0000,0.0000,0.0000,0.0000,9.0300,6.6300,3.8100,3.2600,2.3900,0.0000,0.0000,0.0000,5.9600,1.8700,1.5900,0.0000,0.0000,0.0000,0.0000,0.0000,0.0000,0.0000,0.0000,0.0000,0.0000,0.0000,0.0000,0.0000,0.0000,0.0000,0.0000,2.3700,0.0000,0.0000,0.0000,0.0000,0.0000,0.0000,0.0000,0.0000,0.0000,0.0000,0.0000,0.0000,0.0000,0.0000,0.0000,0.0000,0.0000,0.0000,0.0000,0.0000,0.0000,0.0000,0.0000,0.0000,0.0000,9.7300,0.0000,0.0000,0.0000,0.0000,0.0000,0.0000,0.0000,0.0000,0.0000,0.0000,0.0000,0.0000,0.0000,0.0000,0.0000,0.0000,0.0000,0.0000,0.0000,0.0000,0.0000,0.0000,0.0000,0.0000,0.0000,0.0000,0.0000,0.0000,4.8993,972.3338,-555.42,0.00,13.4618,0.00,403.4520
25,BYPL,48DSBYPL2023/02/19,0.0000,0.0000,0.0000,0.0000,0.0000,0.0000,0.0000,0.0000,33.9400,0.0000,8.5379,62.6866,0.0000,0.0000,0.0000,0.0000,19.5100,41.8400,17.3000,0.0000,55.0000,0.0000,0.0000,0.0000,74.7100,0.0000,0.0000,0.0000,0.0000,0.0000,0.0000,0.0000,158.1500,0.0000,0.0000,5.0600,0.0000,28.4500,23.8700,264.8900,58.0400,5.2600,6.7200,4.4800,8.2900,35.9900,0.0000,0.0000,0.0000,0.0000,0.0000,0.0000,0.0000,3.9300,0.0000,0.0000,0.0000,0.0000,0.0000,6.4000,0.0000,0.0000,0.0000,0.0000,8.8800,7.5500,4.3400,3.3100,2.3900,0.0000,0.0000,0.0000,5.9600,0.6900,1.5900,0.0000,0.0000,0.0000,0.0000,0.0000,0.0000,0.0000,0.0000,0.0000,0.0000,0.0000,0.0000,0.0000,0.0000,0.0000,0.0000,2.4800,0.0000,0.0000,0.0000,0.0000,0.0000,0.0000,0.0000,0.0000,0.0000,0.0000,0.0000,0.0000,0.0000,0.0000,0.0000,0.0000,0.0000,0.0000,0.0000,0.0000,0.0000,0.0000,0.0000,0.0000,0.0000,8.8000,0.0000,0.0000,0.0000,0.0000,0.0000,0.0000,0.0000,0.0000,0.0000,0.0000,0.0000,0.0000,0.0000,0.0000,0.0000,0.0000,0.0000,0.0000,0.0000,0.0000,0.0000,0.0000,0.0000,0.0000,0.0000,0.0000,0.0000,0.0000,4.8993,973.9438,-534.15,0.00,13.2888,0.00,426.5050
26,BYPL,48DSBYPL2023/02/19,0.0000,0.0000,0.0000,0.0000,0.0000,0.0000,0.0000,0.0000,33.9400,0.0000,8.5379,62.6866,0.0000,0.0000,0.0000,0.0000,19.5100,41.8400,21.4600,0.0000,55.0000,0.0000,0.0000,0.0000,74.7100,0.0000,0.0000,0.0000,0.0000,0.0000,0.0000,0.0000,158.1500,0.0000,0.0000,5.0600,0.0000,28.4500,23.8700,264.8900,58.0400,5.2600,6.7200,4.4800,8.2900,35.9900,0.0000,0.0000,0.0000,0.0000,0.0000,0.0000,0.0000,3.9300,0.0000,0.0000,0.0000,0.0000,0.0000,6.4000,0.0000,0.0000,0.0000,0.0000,8.8800,7.5500,7.1400,3.3100,4.7800,0.0000,0.0000,0.0000,5.9600,0.6900,1.5900,0.0000,0.0000,0.0000,0.0000,0.0000,0.0000,0.0000,0.0000,0.0000,0.0000,0.0000,0.0000,0.0000,0.0000,0.0000,0.0000,2.4600,0.0000,0.0000,0.0000,0.0000,0.0000,0.0000,0.0000,0.0000,0.0000,0.0000,0.0000,0.0000,0.0000,0.0000,0.0000,0.0000,0.0000,0.0000,0.0000,0.0000,0.0000,0.0000,0.0000,0.0000,0.0000,8.1200,0.0000,0.0000,0.0000,0.0000,0.0000,0.0000,0.0000,0.0000,0.0000,0.0000,0.0000,0.0000,0.0000,0.0000,0.0000,0.0000,0.0000,0.0000,0.0000,0.0000,0.0000,0.0000,0.0000,0.0000,0.0000,0.0000,0.0000,0.0000,4.8993,982.5938,-514.15,0.00,13.1889,0.00,455.2549
27,BYPL,48DSBYPL2023/02/19,0.0000,0.0000,0.0000,0.0000,0.0000,0.0000,0.0000,0.0000,33.9400,0.0000,8.5379,62.6866,0.0000,0.0000,0.0000,0.0000,19.5100,41.8400,23.0600,0.0000,55.0000,0.0000,0.0000,0.0000,74.7100,0.0000,0.0000,0.0000,0.0000,0.0000,0.0000,0.0000,158.1500,0.0000,0.0000,5.0600,0.0000,28.4500,23.8700,264.8900,58.0400,5.2600,6.7200,4.4800,8.2900,35.9900,0.0000,0.0000,0.0000,0.0000,0.0000,0.0000,0.0000,3.9300,0.0000,0.0000,0.0000,0.0000,0.0000,6.4000,0.0000,0.0000,0.0000,0.0000,8.8800,7.5500,7.1400,6.7600,4.7800,0.0000,0.0000,0.0000,5.9600,0.6900,3.2200,0.0000,0.0000,0.0000,0.0000,0.0000,0.0000,0.0000,0.0000,0.0000,0.0000,0.0000,0.0000,0.0000,0.0000,0.0000,0.0000,2.3600,0.0000,0.0000,0.0000,0.0000,0.0000,0.0000,0.0000,0.0000,0.0000,0.0000,0.0000,0.0000,0.0000,0.0000,0.0000,0.0000,0.0000,0.0000,0.0000,0.0000,0.0000,0.0000,0.0000,0.0000,0.0000,7.9700,0.0000,0.0000,0.0000,0.0000,0.0000,0.0000,0.0000,0.0000,0.0000,0.0000,0.0000,0.0000,0.0000,0.0000,0.0000,0.0000,0.0000,0.0000,0.0000,0.0000,0.0000,0.0000,0.0000,0.0000,0.0000,0.0000,0.0000,0.0000,4.8993,989.0238,-489.15,0.00,13.0255,0.00,486.8483
28,BYPL,48DSBYPL2023/02/19,0.0000,0.0000,0.0000,0.0000,0.0000,0.0000,0.0000,0.0000,33.9400,0.0000,8.5379,62.6866,0.0000,0.0000,0.0000,0.0000,19.5100,41.8400,25.6000,0.0000,55.0000,0.0000,0.0000,0.0000,74.7100,0.0000,0.0000,0.0000,0.0000,0.0000,0.0000,0.0000,158.1500,0.0000,0.0000,5.0600,0.0000,28.4500,23.8700,264.8900,58.0400,5.2600,6.7200,4.4800,8.2900,35.9900,0.0000,0.0000,0.0000,0.0000,0.0000,0.0000,0.0000,3.9300,0.0000,0.0000,0.0000,0.0000,0.0000,6.4000,0.0000,0.0000,0.0000,0.0000,8.8800,7.5500,7.1400,6.7600,4.7800,0.0000,0.0000,0.0000,5.9600,0.6900,4.9900,0.0000,0.0000,0.0000,0.0000,0.0000,0.0000,0.0000,0.0000,0.0000,0.0000,0.0000,0.0000,0.0000,0.0000,0.0000,0.0000,2.4900,0.0000,0.0000,0.0000,0.0000,0.0000,0.0000,0.0000,0.0000,0.0000,0.0000,0.0000,0.0000,0.0000,0.0000,0.0000,0.0000,0.0000,0.0000,0.0000,0.0000,0.0000,0.0000,0.0000,0.0000,0.0000,7.8600,0.0000,0.0000,0.0000,0.0000,0.0000,0.0000,0.0000,0.0000,0.0000,0.0000,0.0000,0.0000,0.0000,0.0000,0.0000,0.0000,0.0000,0.0000,0.0000,0.0000,0.0000,0.0000,0.0000,0.0000,0.0000,0.0000,0.0000,0.0000,4.8993,993.3538,-459.15,0.00,12.7996,0.00,521.4042
29,BYPL,48DSBYPL2023/02/19,0.0000,0.0000,0.0000,0.0000,0.0000,0.0000,0.0000,0.0000,33.9400,0.0000,8.5379,62.6866,0.0000,0.0000,0.0000,0.0000,19.5100,41.8400,25.6000,0.0000,55.0000,0.0000,0.0000,0.0000,74.7100,0.0000,0.0000,0.0000,0.0000,0.0000,0.0000,0.0000,158.1500,0.0000,0.0000,5.0600,0.0000,28.4500,23.8700,264.8900,58.0400,5.2600,6.7200,4.4800,8.2900,35.9900,0.0000,0.0000,0.0000,0.0000,0.0000,0.0000,0.0000,3.9300,0.0000,0.0000,0.0000,0.0000,0.0000,6.4000,0.0000,0.0000,0.0000,0.0000,8.8800,6.6300,7.1400,6.7800,4.7800,0.0000,0.0000,0.9400,5.9600,0.6900,4.9900,0.0000,0.0000,0.0000,0.0000,0.0000,0.0000,0.0000,0.0000,0.0000,0.0000,0.0000,0.0000,0.0000,0.0000,0.0000,0.0000,2.4100,0.0000,0.0000,0.0000,0.0000,0.0000,0.0000,0.0000,0.0000,0.0000,0.0000,0.0000,0.0000,0.0000,0.0000,0.0000,0.0000,0.0000,0.0000,0.0000,0.0000,0.0000,0.0000,0.0000,0.0000,0.0000,7.8000,0.0000,0.0000,0.0000,0.0000,0.0000,0.0000,0.0000,0.0000,0.0000,0.0000,0.0000,0.0000,0.0000,0.0000,0.0000,0.0000,0.0000,0.0000,0.0000,0.0000,0.0000,0.0000,0.0000,0.0000,0.0000,0.0000,0.0000,0.0000,4.8993,993.2538,-419.15,0.00,12.4468,0.00,561.6570
30,BYPL,48DSBYPL2023/02/19,0.0000,0.0000,0.0000,0.0000,0.0000,0.0000,0.0000,0.0000,33.9400,0.0000,8.5379,62.6866,0.0000,0.0000,0.0000,0.0000,19.5100,41.8400,25.6000,0.0000,55.0000,0.0000,0.0000,0.0000,74.7100,0.0000,0.0000,0.0000,0.0000,0.0000,0.0000,0.0000,158.1500,0.0000,0.0000,5.0600,0.0000,28.4500,23.8700,264.8900,58.0400,5.2600,6.7200,4.4800,8.2900,35.9900,0.0000,0.0000,0.0000,0.0000,0.0000,0.0000,0.0000,3.9300,0.0000,0.0000,0.0000,0.0000,0.0000,6.4000,0.0000,0.0000,0.0000,0.0000,8.8800,6.6300,7.1400,6.7800,4.7800,0.0000,0.0000,4.0800,5.9600,0.6900,4.9900,0.0000,0.0000,0.0000,0.0000,0.0000,0.0000,0.0000,0.0000,15.0002,0.0000,0.0000,0.0000,0.0000,0.0000,0.0000,0.0000,2.4900,0.0000,0.0000,0.3500,0.0000,0.6100,1.6700,0.0000,0.0000,0.0000,0.0000,0.0000,0.0000,0.0000,0.0000,0.0000,0.0000,0.0000,0.0000,0.0000,0.0000,0.0000,0.0000,0.0000,0.0000,0.0000,7.7600,0.0000,0.0000,0.0000,0.0000,0.0000,0.0000,0.0000,0.0000,0.0000,0.0000,0.0000,0.0000,0.0000,0.0000,0.0000,0.0000,0.0000,0.0000,0.0000,0.0000,0.0000,0.0000,0.0000,0.0000,0.0000,0.0000,0.0000,0.0000,2.3330,1011.4977,-393.53,0.00,12.2608,0.00,605.7069
31,BYPL,48DSBYPL2023/02/19,0.0000,0.0000,0.0000,0.0000,0.0000,0.0000,0.0000,0.0000,33.9400,0.0000,8.5379,62.6866,0.0000,0.0000,0.0000,0.0000,19.5100,41.8400,23.1600,0.0000,55.0000,0.0000,0.0000,0.0000,74.7100,0.0000,0.0800,0.0000,0.0000,0.0000,0.0000,0.0000,158.1500,0.0000,0.0000,5.0600,0.0000,28.4500,23.8700,264.8900,58.0400,5.2600,6.7200,4.4800,8.2900,35.9900,0.0000,0.0000,0.0000,0.0000,0.0000,0.0000,0.0000,3.9300,0.0000,0.0000,0.0000,0.0000,0.0000,6.4000,0.0000,0.0000,0.0000,0.0000,8.8800,5.9100,7.1400,6.7800,4.7800,0.0000,0.0000,4.2500,5.9600,0.6900,4.9900,0.0000,0.0000,0.0000,0.0000,0.0000,0.0000,0.0000,0.0000,15.0002,0.0000,0.0000,0.0000,0.0000,0.0000,0.0000,0.0000,2.4800,0.0000,0.0000,1.8600,0.0000,3.2700,6.3300,0.0000,0.0000,0.0000,0.0000,0.0000,0.0000,0.0000,0.0000,0.0000,0.0000,0.0000,0.0000,0.0000,0.0000,0.0000,0.0000,0.0000,0.0000,0.0000,7.7500,0.0000,0.0000,0.0000,0.0000,0.0000,0.0000,0.0000,0.0000,0.0000,0.0000,0.0000,0.0000,0.0000,0.0000,0.0000,0.0000,0.0000,0.0000,0.0000,0.0000,0.0000,0.0000,0.0000,0.0000,0.0000,0.0000,0.0000,0.0000,0.0000,1015.0647,-360.90,0.00,12.0154,0.00,642.1493
32,BYPL,48DSBYPL2023/02/19,0.0000,0.0000,0.0000,0.0000,0.0000,0.0000,0.0000,0.0000,33.9400,0.0000,8.5379,62.6866,0.0000,0.0000,0.0000,0.0000,19.5100,41.8400,23.0600,0.0000,55.0000,0.0000,0.0000,0.0000,74.7100,0.0000,0.3800,0.0000,0.0000,0.0000,0.0000,0.0000,158.1500,0.0000,0.0000,5.0600,0.0000,28.4500,23.8700,264.8900,58.0400,5.2600,6.7200,4.4800,8.2900,35.9900,0.0000,0.0000,0.0000,0.0000,0.0000,0.0000,0.0000,3.9300,0.0000,0.0000,0.0000,0.0000,0.0000,6.4000,0.0000,0.0000,0.0000,0.0000,8.8800,5.9100,7.1400,6.7800,4.7800,0.0000,0.0000,4.2500,5.9600,0.6900,4.9900,0.0000,0.0000,0.0000,0.0000,0.0000,0.0000,0.0000,0.0000,15.0000,0.0000,0.0000,0.0000,0.0000,0.0000,0.0000,0.0000,2.4100,0.0000,0.0000,4.9900,0.0000,7.4000,9.3300,0.0000,0.0000,0.0000,0.0000,0.0000,0.0000,0.0000,0.0000,0.0000,0.0000,0.0000,0.0000,0.0000,0.0000,0.0000,0.0000,0.0000,0.0000,0.0000,7.7400,0.0000,0.0000,0.0000,0.0000,0.0000,0.0000,0.0000,0.0000,0.0000,0.0000,0.0000,0.0000,0.0000,0.0000,0.0000,0.0000,0.0000,0.0000,0.0000,0.0000,0.0000,0.0000,0.0000,0.0000,0.0000,0.0000,0.0000,0.0000,0.0000,1025.4445,-343.55,0.00,11.9928,0.00,669.9017
33,BYPL,48DSBYPL2023/02/19,0.0000,0.0000,0.0000,0.0000,0.0000,0.0000,0.0000,0.0000,33.9400,0.0000,8.5379,29.0000,0.0000,0.0000,0.0000,0.0000,19.5100,41.8400,23.0600,0.0000,55.0000,0.0000,0.0000,0.0000,74.7100,0.0000,1.4900,0.0000,0.0000,0.0000,0.0000,0.0000,158.1500,0.0000,0.0000,5.0600,0.0000,28.4500,23.8700,264.8900,58.0400,5.2600,6.7200,4.4800,8.4700,35.9900,0.0000,0.0000,0.0000,0.0000,0.0000,0.0000,0.0000,3.9300,0.0000,0.0000,0.0000,0.0000,0.0000,6.4000,0.0000,0.0000,0.0000,0.0000,8.8800,5.9100,7.1400,6.7800,4.7800,0.0000,0.0000,4.2500,3.1200,0.3700,4.9900,0.0000,0.0000,0.0000,0.0000,0.0000,0.0000,0.0000,0.0000,16.8502,0.0000,0.0000,0.0000,0.0000,0.0000,0.0000,0.0000,2.4800,0.0000,0.0000,9.1200,0.0000,12.0600,14.6700,0.0000,0.0000,0.0000,0.0000,0.0000,0.0000,0.0000,0.0000,0.0000,0.0000,0.0000,0.0000,0.0000,0.0000,0.0000,0.0000,0.0000,0.0000,0.0000,7.7600,0.0000,0.0000,0.0000,0.0000,0.0000,0.0000,0.0000,0.0000,0.0000,0.0000,0.0000,0.0000,0.0000,0.0000,0.0000,0.0000,0.0000,0.0000,0.0000,0.0000,0.0000,0.0000,0.0000,0.0000,0.0000,0.0000,0.0000,0.0000,0.0000,1005.9581,-302.17,0.00,11.7194,0.00,692.0687
34,BYPL,48DSBYPL2023/02/19,0.0000,0.0000,0.0000,0.0000,0.0000,0.0000,0.0000,0.0000,33.9400,0.0000,8.5379,29.0000,0.0000,0.0000,0.0000,0.0000,19.5100,41.8400,23.0600,0.0000,55.0000,0.0000,0.0000,0.0000,74.7100,0.0000,3.0200,0.0000,0.0000,0.0000,0.0000,0.0000,158.1500,0.0000,0.0000,5.0600,0.0000,28.4500,23.8700,264.8900,58.0400,5.2600,6.7200,4.4800,8.4900,35.9900,0.0000,0.0000,0.0000,0.0000,0.0000,0.0000,0.0000,3.9300,0.0000,0.0000,0.0000,0.0000,0.0000,6.4000,0.0000,0.0000,0.0000,0.0000,8.8800,5.9100,7.1400,6.7800,4.7800,0.0000,0.0000,4.2500,3.1200,0.3700,3.2100,0.0000,0.0000,0.0000,0.0000,0.0000,0.0000,0.0000,0.0000,16.8502,0.0000,0.0000,0.0000,0.0000,0.0000,0.0000,0.0000,2.3700,0.0000,0.0000,13.6200,0.0000,17.1300,20.6600,0.0000,0.0000,0.0000,0.0000,0.0000,0.0000,0.0000,0.0000,0.0000,0.0000,0.0000,0.0000,0.0000,0.0000,0.0000,0.0000,0.0000,0.0000,0.0000,7.7800,0.0000,0.0000,0.0000,0.0000,0.0000,0.0000,0.0000,0.0000,0.0000,0.0000,0.0000,0.0000,0.0000,0.0000,0.0000,0.0000,0.0000,0.0000,0.0000,0.0000,0.0000,0.0000,0.0000,0.0000,0.0000,0.0000,0.0000,0.0000,0.0000,1021.1981,-307.47,0.00,11.9694,0.00,701.7587
35,BYPL,48DSBYPL2023/02/19,0.0000,0.0000,0.0000,0.0000,0.0000,0.0000,0.0000,0.0000,33.9400,0.0000,8.5379,29.0000,0.0000,0.0000,0.0000,0.0000,19.5100,41.8400,23.0600,0.0000,55.0000,0.0000,0.0000,0.0000,74.7100,0.0000,4.7900,0.0000,0.0000,0.0000,0.0000,0.0000,158.1500,0.0000,0.0000,5.0600,0.0000,28.4500,23.8700,264.8900,58.0400,5.2600,6.7200,4.4800,8.4900,35.9900,0.0000,0.0000,0.0000,0.0000,0.0000,0.0000,0.0000,3.9300,0.0000,0.0000,0.0000,0.0000,0.0000,6.4000,0.0000,0.0000,0.0000,0.0000,8.8800,5.9100,7.1400,6.7800,4.7800,0.0000,0.0000,4.2500,3.1200,0.3700,2.8900,0.0000,0.0000,0.0000,0.0000,0.0000,0.0000,0.0000,0.0000,16.8502,0.0000,0.0000,0.0000,0.0000,0.0000,0.0000,0.0000,2.4900,0.0000,0.0000,18.3400,0.0000,21.6000,26.0000,0.0000,0.0000,0.0000,0.0000,0.0000,0.0000,0.0000,0.0000,0.0000,0.0000,0.0000,0.0000,0.0000,0.0000,0.0000,0.0000,0.0000,0.0000,0.0000,7.8700,0.0000,0.0000,0.0000,0.0000,0.0000,0.0000,0.0000,0.0000,0.0000,0.0000,0.0000,0.0000,0.0000,0.0000,0.0000,0.0000,0.0000,0.0000,0.0000,0.0000,0.0000,0.0000,0.0000,0.0000,0.0000,0.0000,0.0000,0.0000,0.0000,1037.3881,-316.15,0.00,12.1959,0.00,709.0422
36,BYPL,48DSBYPL2023/02/19,0.0000,0.0000,0.0000,0.0000,0.0000,0.0000,0.0000,0.0000,33.9400,0.0000,8.5379,29.0000,0.0000,0.0000,0.0000,0.0000,19.5100,41.8400,17.3000,0.0000,55.0000,0.0000,0.0000,0.0000,74.7100,0.0000,6.8300,0.0000,0.0000,0.0000,0.0000,0.0000,158.1500,0.0000,0.0000,5.0600,0.0000,28.4500,23.8700,264.8900,58.0400,5.2600,6.7200,4.4800,8.4900,35.9900,0.0000,0.0000,0.0000,0.0000,0.0000,0.0000,0.0000,3.9300,0.0000,0.0000,0.0000,0.0000,0.0000,6.4000,0.0000,0.0000,0.0000,0.0000,8.8800,5.9100,7.1400,6.7800,4.7800,0.0000,0.0000,0.9800,5.9600,0.3700,2.8900,0.0000,0.0000,0.0000,0.0000,0.0000,0.0000,0.0000,0.0000,16.8502,0.0000,0.0000,0.0000,0.0000,0.0000,0.0000,0.0000,2.4100,0.0000,0.0000,22.9000,0.0000,25.9500,32.0000,0.0000,0.0000,0.0000,0.0000,0.0000,0.0000,0.0000,0.0000,0.0000,0.0000,0.0000,0.0000,0.0000,0.0000,0.0000,0.0000,0.0000,0.0000,0.0000,7.7400,0.0000,0.0000,0.0000,0.0000,0.0000,0.0000,0.0000,0.0000,0.0000,0.0000,0.0000,0.0000,0.0000,0.0000,0.0000,0.0000,0.0000,0.0000,0.0000,0.0000,0.0000,0.0000,0.0000,0.0000,0.0000,0.0000,0.0000,0.0000,2.7996,1050.7377,-315.27,0.00,12.3912,0.00,723.0765
37,BYPL,48DSBYPL2023/02/19,0.0000,0.0000,0.0000,0.0000,0.0000,0.0000,0.0000,0.0000,33.9400,0.0000,8.5379,29.0000,0.0000,0.0000,0.0000,0.0000,19.5100,41.8400,17.3000,0.0000,55.0000,0.0000,0.0000,0.0000,74.7100,0.0000,8.3000,0.0000,0.0000,0.0000,0.0000,0.0000,158.1500,0.0000,0.0000,5.0600,0.0000,28.4500,23.8700,264.8900,58.0400,5.2600,6.7200,4.4800,8.4900,35.9900,0.0000,0.0000,0.0000,0.0000,0.0000,0.0000,0.0000,3.9300,0.0000,0.0000,0.0000,0.0000,0.0000,6.4000,0.0000,0.0000,0.0000,0.0000,8.8800,5.9100,7.1400,6.7800,4.7800,0.0000,0.0000,0.0000,14.3200,0.3700,2.8900,0.0000,0.0000,0.0000,0.0000,0.0000,0.0000,0.0000,0.0000,16.8502,0.0000,0.0000,0.0000,0.0000,0.0000,0.0000,0.0000,2.4900,0.0000,0.0000,27.5100,0.0000,29.9400,36.3300,0.0000,0.0000,0.0000,0.0000,0.0000,0.0000,0.0000,0.0000,0.0000,0.0000,0.0000,0.0000,0.0000,0.0000,0.0000,0.0000,0.0000,0.0000,0.0000,7.7700,0.0000,0.0000,0.0000,0.0000,0.0000,0.0000,0.0000,0.0000,0.0000,0.0000,0.0000,0.0000,0.0000,0.0000,0.0000,0.0000,0.0000,0.0000,0.0000,0.0000,0.0000,0.0000,0.0000,0.0000,0.0000,0.0000,0.0000,0.0000,2.7996,1072.6277,-322.27,0.00,12.6853,0.00,737.6724
38,BYPL,48DSBYPL2023/02/19,0.0000,0.0000,0.0000,0.0000,0.0000,0.0000,0.0000,0.0000,33.9400,0.0000,8.5379,29.0000,0.0000,0.0000,0.0000,0.0000,19.5100,41.8400,10.6400,0.0000,55.0000,0.0000,0.0000,0.0000,74.7100,0.0000,9.7800,0.0000,0.0000,0.0000,0.0000,0.0000,158.1500,0.0000,0.0000,5.0600,0.0000,28.4500,23.8700,264.8900,58.0400,5.2600,6.7200,4.4800,8.4900,35.9900,0.0000,0.0000,0.0000,0.0000,0.0000,0.0000,0.0000,3.9300,0.0000,0.0000,0.0000,0.0000,0.0000,6.4000,0.0000,0.0000,0.0000,0.0000,8.8800,5.9100,7.1400,6.7800,4.7700,0.0000,0.0000,0.0000,14.3200,0.3700,2.8900,0.0000,0.0000,0.0000,0.0000,0.0000,0.0000,0.0000,0.0000,16.8502,0.0000,0.0000,0.0000,0.0000,0.0000,0.0000,0.0000,2.4800,0.0000,0.0000,31.7200,0.0000,33.5500,39.3300,0.0000,0.0000,0.0000,0.0000,0.0000,0.0000,0.0000,0.0000,0.0000,0.0000,0.0000,0.0000,0.0000,0.0000,0.0000,0.0000,0.0000,0.0000,0.0000,7.9100,0.0000,0.0000,0.0000,0.0000,0.0000,0.0000,0.0000,0.0000,0.0000,0.0000,0.0000,0.0000,0.0000,0.0000,0.0000,0.0000,0.0000,0.0000,0.0000,0.0000,0.0000,0.0000,0.0000,0.0000,0.0000,0.0000,0.0000,0.0000,2.7996,1078.3877,-311.87,0.00,12.7265,0.00,753.7912
39,BYPL,48DSBYPL2023/02/19,0.0000,0.0000,0.0000,0.0000,0.0000,0.0000,0.0000,0.0000,33.9400,0.0000,8.5379,29.0000,0.0000,0.0000,0.0000,0.0000,19.5100,41.8400,5.7600,0.0000,55.0000,0.0000,0.0000,0.0000,74.7100,0.0000,11.0300,0.0000,0.0000,0.0000,0.0000,0.0000,158.1500,0.0000,0.0000,5.0600,0.0000,28.4500,23.8700,264.8900,58.0400,5.2600,6.7200,4.4800,8.4900,35.9900,0.0000,0.0000,0.0000,0.0000,0.0000,0.0000,0.0000,3.9300,0.0000,0.0000,0.0000,0.0000,0.0000,6.4000,0.0000,0.0000,0.0000,0.0000,8.8800,6.0600,6.8400,6.5200,2.3900,0.0000,0.0000,0.0000,14.3200,0.3700,2.9100,0.0000,0.0000,0.0000,0.0000,0.0000,0.0000,0.0000,0.0000,16.8502,0.0000,0.0000,0.0000,0.0000,0.0000,0.0000,0.0000,1.7900,0.0000,0.0000,35.5500,0.0000,35.3300,42.0000,0.0000,0.0000,0.0000,0.0000,0.0000,0.0000,0.0000,0.0000,0.0000,0.0000,0.0000,0.0000,0.0000,0.0000,0.0000,0.0000,0.0000,0.0000,0.0000,7.7100,0.0000,0.0000,0.0000,0.0000,0.0000,0.0000,0.0000,0.0000,0.0000,0.0000,0.0000,0.0000,0.0000,0.0000,0.0000,0.0000,0.0000,0.0000,0.0000,0.0000,0.0000,0.0000,0.0000,0.0000,0.0000,0.0000,0.0000,0.0000,4.8993,1081.4774,-308.07,0.00,12.6881,0.00,760.7193
40,BYPL,48DSBYPL2023/02/19,0.0000,0.0000,0.0000,0.0000,0.0000,0.0000,0.0000,0.0000,33.9400,0.0000,8.5379,29.0000,0.0000,0.0000,0.0000,0.0000,19.5100,41.8400,5.7600,0.0000,55.0000,0.0000,0.0000,0.0000,74.7100,0.0000,12.2200,0.0000,0.0000,0.0000,0.0000,0.0000,158.1500,0.0000,0.0000,5.0600,0.0000,28.4500,23.8700,264.8900,58.0400,5.2600,6.7200,4.4800,8.4900,35.9900,0.0000,0.0000,0.0000,0.0000,0.0000,0.0000,0.0000,3.9300,0.0000,0.0000,0.0000,0.0000,0.0000,6.4000,0.0000,0.0000,0.0000,0.0000,8.8800,6.0600,3.0000,6.5100,2.3900,0.0000,0.0000,0.0000,14.3200,0.3700,2.9100,0.0000,0.0000,0.0000,0.0000,0.0000,0.0000,0.0000,0.0000,16.8502,0.0000,0.0000,0.0000,0.0000,0.0000,0.0000,0.0000,1.7600,0.0000,0.0000,39.0100,0.0000,38.1200,45.0000,0.0000,0.0000,0.0000,0.0000,0.0000,0.0000,0.0000,0.0000,0.0000,0.0000,0.0000,0.0000,0.0000,0.0000,0.0000,0.0000,0.0000,0.0000,0.0000,7.6900,0.0000,0.0000,0.0000,0.0000,0.0000,0.0000,0.0000,0.0000,0.0000,0.0000,0.0000,0.0000,0.0000,0.0000,0.0000,0.0000,0.0000,0.0000,0.0000,0.0000,0.0000,0.0000,0.0000,0.0000,0.0000,0.0000,0.0000,0.0000,4.8993,1088.0174,-296.47,0.00,12.7492,0.00,778.7982
41,BYPL,48DSBYPL2023/02/19,0.0000,0.0000,0.0000,0.0000,0.0000,0.0000,0.0000,0.0000,33.9400,0.0000,8.5379,29.0000,0.0000,0.0000,0.0000,0.0000,19.5100,41.8400,5.1200,0.0000,55.0000,0.0000,0.0000,0.0000,74.7100,0.0000,13.2000,0.0000,0.0000,0.0000,0.0000,0.0000,158.1500,0.0000,0.0000,5.0600,0.0000,28.4500,23.8700,264.8900,58.0400,5.2600,6.7200,4.4800,8.4900,35.9900,0.0000,0.0000,0.0000,0.0000,0.0000,0.0000,0.0000,3.9300,0.0000,0.0000,0.0000,0.0000,0.0000,6.4000,0.0000,0.0000,0.0000,0.0000,8.8800,6.5600,3.0000,3.3100,2.3900,0.0000,0.0000,0.0000,7.7300,0.3700,2.9100,0.0000,0.0000,0.0000,0.0000,0.0000,0.0000,0.0000,0.0000,16.8502,0.0000,0.0000,0.0000,0.0000,0.0000,0.0000,0.0000,1.8300,0.0000,0.0000,42.2700,0.0000,40.4200,47.0000,0.0000,0.0000,0.0000,0.0000,0.0000,0.0000,0.0000,0.0000,0.0000,0.0000,0.0000,0.0000,0.0000,0.0000,0.0000,0.0000,0.0000,0.0000,0.0000,7.7300,0.0000,0.0000,0.0000,0.0000,0.0000,0.0000,0.0000,0.0000,0.0000,0.0000,0.0000,0.0000,0.0000,0.0000,0.0000,0.0000,0.0000,0.0000,0.0000,0.0000,0.0000,0.0000,0.0000,0.0000,0.0000,0.0000,0.0000,0.0000,4.8993,1086.7374,-285.47,0.00,12.7382,0.00,788.5292
42,BYPL,48DSBYPL2023/02/19,0.0000,0.0000,0.0000,0.0000,0.0000,0.0000,0.0000,0.0000,33.9400,0.0000,8.5379,29.0000,0.0000,0.0000,0.0000,0.0000,19.5100,41.8400,5.1200,0.0000,55.0000,0.0000,0.0000,0.0000,74.7100,0.0000,14.0000,0.0000,0.0000,0.0000,0.0000,0.0000,158.1500,0.0000,0.0000,5.0600,0.0000,28.4500,23.8700,264.8900,58.0400,5.2600,6.7200,4.4800,8.4900,35.9900,0.0000,0.0000,0.0000,0.0000,0.0000,0.0000,0.0000,3.9300,0.0000,0.0000,0.0000,0.0000,0.0000,6.4000,0.0000,0.0000,0.0000,0.0000,8.8800,6.5600,3.0000,3.0900,0.0000,0.0000,0.0000,0.0000,5.9600,0.3700,2.9100,0.0000,0.0000,0.0000,0.0000,0.0000,0.0000,0.0000,0.0000,16.8502,0.0000,0.0000,0.0000,0.0000,0.0000,0.0000,0.0000,1.7700,0.0000,0.0000,45.3800,0.0000,42.3200,49.0000,0.0000,0.0000,0.0000,0.0000,0.0000,0.0000,0.0000,0.0000,0.0000,0.0000,0.0000,0.0000,0.0000,0.0000,0.0000,0.0000,0.0000,0.0000,0.0000,7.7400,0.0000,0.0000,0.0000,0.0000,0.0000,0.0000,0.0000,0.0000,0.0000,0.0000,0.0000,0.0000,0.0000,0.0000,0.0000,0.0000,0.0000,0.0000,0.0000,0.0000,0.0000,0.0000,0.0000,0.0000,0.0000,0.0000,0.0000,0.0000,2.7996,1088.0177,-271.87,-2.96,12.6861,0.00,800.5016
43,BYPL,48DSBYPL2023/02/19,0.0000,0.0000,0.0000,0.0000,0.0000,0.0000,0.0000,0.0000,33.9400,0.0000,8.5379,29.0000,0.0000,0.0000,0.0000,0.0000,19.5100,41.8400,5.1200,0.0000,45.0000,0.0000,0.0000,0.0000,74.7100,0.0000,14.8700,0.0000,0.0000,0.0000,0.0000,0.0000,158.1500,0.0000,0.0000,5.0600,0.0000,28.4500,23.8700,264.8900,58.0400,5.2600,6.7200,4.4800,8.4900,35.9900,0.0000,0.0000,0.0000,0.0000,0.0000,0.0000,0.0000,3.9300,0.0000,0.0000,0.0000,0.0000,0.0000,6.4000,0.0000,0.0000,0.0000,0.0000,8.8800,6.5600,3.0000,3.0900,0.0000,1.9700,0.0000,0.0000,0.0000,0.3700,2.9100,0.0000,0.0000,0.0000,0.0000,0.0000,0.0000,0.0000,0.0000,16.8502,0.0000,0.0000,0.0000,0.0000,0.0000,0.0000,0.0000,1.2300,0.0000,0.0000,48.1400,0.0000,44.0500,50.0000,0.0000,0.0000,0.0000,0.0000,0.0000,0.0000,0.0000,0.0000,0.0000,0.0000,0.0000,0.0000,0.0000,0.0000,0.0000,0.0000,0.0000,0.0000,0.0000,4.3000,0.0000,0.0000,0.0000,0.0000,0.0000,0.0000,0.0000,0.0000,0.0000,0.0000,0.0000,0.0000,0.0000,0.0000,0.0000,0.0000,0.0000,0.0000,0.0000,0.0000,0.0000,0.0000,0.0000,0.0000,0.0000,0.0000,0.0000,0.0000,2.7996,1076.4077,-262.47,0.00,12.7470,0.00,801.1907
44,BYPL,48DSBYPL2023/02/19,0.0000,0.0000,0.0000,0.0000,0.0000,0.0000,0.0000,0.0000,33.9400,0.0000,8.5379,29.0000,0.0000,0.0000,0.0000,0.0000,19.5100,41.8400,5.1200,0.0000,45.0000,0.0000,0.0000,0.0000,74.7100,0.0000,15.6000,0.0000,0.0000,0.0000,0.0000,0.0000,158.1500,0.0000,0.0000,5.0600,0.0000,28.4500,23.8700,264.8900,58.0400,5.2600,6.7200,4.4800,8.4900,35.9900,0.0000,0.0000,0.0000,0.0000,0.0000,0.0000,0.0000,3.9300,0.0000,0.0000,0.0000,0.0000,0.0000,6.4000,0.0000,0.0000,0.0000,0.0000,8.8800,6.5600,3.0000,3.0900,0.0000,1.9700,0.0000,0.0000,0.0000,0.3700,2.9100,0.0000,0.0000,0.0000,0.0000,0.0000,0.0000,0.0000,0.0000,16.8502,0.0000,0.0000,0.0000,0.0000,0.0000,0.0000,0.0000,1.1800,0.0000,0.0000,49.8600,0.0000,45.5700,50.0000,0.0000,0.0000,0.0000,0.0000,0.0000,0.0000,0.0000,0.0000,0.0000,0.0000,0.0000,0.0000,0.0000,0.0000,0.0000,0.0000,0.0000,0.0000,0.0000,4.1600,0.0000,0.0000,0.0000,0.0000,0.0000,0.0000,0.0000,0.0000,0.0000,0.0000,0.0000,0.0000,0.0000,0.0000,0.0000,0.0000,0.0000,0.0000,0.0000,0.0000,0.0000,0.0000,0.0000,0.0000,0.0000,0.0000,0.0000,0.0000,2.7996,1080.1877,-261.27,0.00,12.7844,0.00,806.1333
45,BYPL,48DSBYPL2023/02/19,0.0000,0.0000,0.0000,0.0000,0.0000,0.0000,0.0000,0.0000,33.9400,0.0000,8.6412,29.0000,0.0000,0.0000,0.0000,0.0000,19.5100,41.8400,5.1200,0.0000,45.0000,0.0000,0.0000,0.0000,74.7100,0.0000,16.3100,0.0000,0.0000,0.0000,0.0000,0.0000,158.1500,0.0000,0.0000,5.0600,0.0000,28.4500,23.8700,264.8900,58.0400,5.2600,6.7200,4.4800,8.4900,35.9900,0.0000,0.0000,0.0000,0.0000,0.0000,0.0000,0.0000,3.9300,0.0000,0.0000,0.0000,0.0000,0.0000,6.4000,0.0000,0.0000,0.0000,0.0000,8.2700,6.5600,0.0000,3.0900,0.0000,1.9700,0.0000,0.0000,0.0000,0.3700,2.9100,0.0000,0.0000,0.0000,0.0000,0.0000,0.0000,0.0000,0.0000,16.8502,0.0000,0.0000,0.0000,0.0000,0.0000,0.0000,0.0000,1.2200,0.0000,0.0000,50.0000,0.0000,47.4600,49.3300,0.0000,0.0000,0.0000,0.0000,0.0000,0.0000,0.0000,0.0000,0.0000,0.0000,0.0000,0.0000,0.0000,0.0000,0.0000,0.0000,0.0000,0.0000,0.0000,4.0000,0.0000,0.0000,0.0000,0.0000,0.0000,0.0000,0.0000,0.0000,0.0000,0.0000,0.0000,0.0000,0.0000,0.0000,0.0000,0.0000,0.0000,0.0000,0.0000,0.0000,0.0000,0.0000,0.0000,0.0000,0.0000,0.0000,0.0000,0.0000,2.7996,1078.6310,-264.26,0.00,13.2661,0.00,801.1049
46,BYPL,48DSBYPL2023/02/19,0.0000,0.0000,0.0000,0.0000,0.0000,0.0000,0.0000,0.0000,33.9400,0.0000,8.6412,29.0000,0.0000,0.0000,0.0000,0.0000,19.5100,41.8400,5.1200,0.0000,45.0000,0.0000,0.0000,0.0000,74.7100,0.0000,17.0200,0.0000,0.0000,0.0000,0.0000,0.0000,158.1500,0.0000,0.0000,5.0600,0.0000,28.4500,23.8700,264.8900,58.0400,5.2600,6.7200,4.4900,8.4900,35.9900,0.0000,0.0000,0.0000,0.0000,0.0000,0.0000,0.0000,3.9300,0.0000,0.0000,0.0000,0.0000,0.0000,6.4000,0.0000,0.0000,0.0000,0.0000,8.2700,6.5600,0.0000,3.0900,0.0000,1.9700,0.0000,0.0000,0.0000,0.3700,2.9100,0.0000,0.0000,0.0000,0.0000,0.0000,0.0000,0.0000,0.0000,16.8502,0.0000,0.0000,0.0000,0.0000,0.0000,0.0000,0.0000,1.2100,0.0000,0.0000,50.0000,0.0000,48.3300,49.0000,0.0000,0.0000,0.0000,0.0000,0.0000,0.0000,0.0000,0.0000,0.0000,0.0000,0.0000,0.0000,0.0000,0.0000,0.0000,0.0000,0.0000,0.0000,0.0000,4.1100,0.0000,0.0000,0.0000,0.0000,0.0000,0.0000,0.0000,0.0000,0.0000,0.0000,0.0000,0.0000,0.0000,0.0000,0.0000,0.0000,0.0000,0.0000,0.0000,0.0000,0.0000,0.0000,0.0000,0.0000,0.0000,0.0000,0.0000,0.0000,2.7996,1079.9910,-270.96,0.00,13.3889,0.00,795.6421
47,BYPL,48DSBYPL2023/02/19,0.0000,0.0000,0.0000,0.0000,0.0000,0.0000,0.0000,0.0000,33.9400,0.0000,8.6412,29.0000,0.0000,0.0000,0.0000,0.0000,19.5100,41.8400,5.1200,0.0000,47.3932,0.0000,0.0000,0.0000,74.7100,0.0000,17.5600,0.0000,0.0000,0.0000,0.0000,0.0000,158.1500,0.0000,0.0000,5.0600,0.0000,28.4500,23.8700,264.8900,58.0400,5.2600,6.7200,4.4900,8.4900,35.9900,0.0000,0.0000,0.0000,0.0000,0.0000,0.0000,0.0000,3.9300,0.0000,0.0000,0.0000,0.0000,0.0000,6.4000,0.0000,0.0000,0.0000,0.0000,8.2700,6.7100,0.0000,3.0900,0.0000,1.9700,0.0000,0.0000,0.0000,0.3700,2.9100,0.0000,0.0000,0.0000,0.0000,0.0000,0.0000,0.0000,0.0000,16.8502,0.0000,0.0000,0.0000,0.0000,0.0000,0.0000,0.0000,1.2600,0.0000,0.0000,50.0000,0.0000,49.1200,48.6600,0.0000,0.0000,0.0000,0.0000,0.0000,0.0000,0.0000,0.0000,0.0000,0.0000,0.0000,0.0000,0.0000,0.0000,0.0000,0.0000,0.0000,0.0000,0.0000,4.2200,0.0000,0.0000,0.0000,0.0000,0.0000,0.0000,0.0000,0.0000,0.0000,0.0000,0.0000,0.0000,0.0000,0.0000,0.0000,0.0000,0.0000,0.0000,0.0000,0.0000,0.0000,0.0000,0.0000,0.0000,0.0000,0.0000,0.0000,0.0000,4.8993,1085.7839,-284.16,0.00,13.3189,0.00,788.3050
48,BYPL,48DSBYPL2023/02/19,0.0000,0.0000,0.0000,0.0000,0.0000,0.0000,0.0000,0.0000,33.9400,0.0000,8.6412,29.0000,0.0000,0.0000,0.0000,0.0000,19.5100,41.8400,5.1200,0.0000,47.3932,0.0000,0.0000,0.0000,74.7100,0.0000,17.9500,0.0000,0.0000,0.0000,0.0000,0.0000,158.1500,0.0000,0.0000,5.0600,0.0000,28.4500,23.8700,264.8900,58.0400,5.2600,6.7200,4.4900,8.4900,35.9900,0.0000,0.0000,0.0000,0.0000,0.0000,0.0000,0.0000,3.9300,0.0000,0.0000,0.0000,0.0000,0.0000,6.4000,0.0000,0.0000,0.0000,0.0000,8.2700,6.7100,0.0000,2.2000,0.0000,1.9700,0.0000,0.0000,0.0000,0.3700,2.9100,0.0000,0.0000,0.0000,0.0000,0.0000,0.0000,0.0000,0.0000,16.8502,0.0000,0.0000,0.0000,0.0000,0.0000,0.0000,0.0000,1.3200,0.0000,0.0000,50.0000,0.0000,49.8200,48.3300,0.0000,0.0000,0.0000,0.0000,0.0000,0.0000,0.0000,0.0000,0.0000,0.0000,0.0000,0.0000,0.0000,0.0000,0.0000,0.0000,0.0000,0.0000,0.0000,4.0500,0.0000,0.0000,0.0000,0.0000,0.0000,0.0000,0.0000,0.0000,0.0000,0.0000,0.0000,0.0000,0.0000,0.0000,0.0000,0.0000,0.0000,0.0000,0.0000,0.0000,0.0000,0.0000,0.0000,0.0000,0.0000,0.0000,0.0000,0.0000,4.8993,1085.5439,-288.86,0.00,13.3600,0.00,783.3239
49,BYPL,48DSBYPL2023/02/19,0.0000,0.0000,0.0000,0.0000,0.0000,0.0000,0.0000,0.0000,33.9400,0.0000,8.6412,29.0000,0.0000,0.0000,0.0000,0.0000,19.5100,41.8400,4.9700,0.0000,47.3932,0.0000,0.0000,0.0000,74.7100,0.0000,18.2500,0.0000,0.0000,0.0000,0.0000,0.0000,120.0500,0.0000,0.0000,5.0600,0.0000,28.4500,23.8700,264.8900,58.0400,5.2600,6.7200,4.4900,8.4900,35.9900,0.0000,0.0000,0.0000,0.0000,0.0000,0.0000,0.0000,3.9300,0.0000,0.0000,0.0000,0.0000,0.0000,6.4000,0.0000,0.0000,0.0000,0.0000,8.2700,6.7100,0.0000,0.0000,0.0000,0.0000,0.0000,0.0000,0.0000,0.6900,2.9100,0.0000,0.0000,0.0000,0.0000,0.0000,0.0000,0.0000,0.0000,16.8502,0.0000,0.0000,0.0000,0.0000,0.0000,0.0000,0.0000,1.2400,0.0000,0.0000,50.0000,0.0000,50.0000,48.3300,0.0000,0.0000,0.0000,0.0000,0.0000,0.0000,0.0000,0.0000,0.0000,0.0000,0.0000,0.0000,0.0000,0.0000,0.0000,0.0000,0.0000,0.0000,0.0000,4.2000,0.0000,0.0000,0.0000,0.0000,0.0000,0.0000,0.0000,0.0000,0.0000,0.0000,0.0000,0.0000,0.0000,0.0000,0.0000,0.0000,0.0000,0.0000,0.0000,0.0000,0.0000,0.0000,0.0000,0.0000,0.0000,0.0000,0.0000,0.0000,4.8993,1043.9939,-239.07,0.00,12.2683,0.00,792.6556
50,BYPL,48DSBYPL2023/02/19,0.0000,0.0000,0.0000,0.0000,0.0000,0.0000,0.0000,0.0000,33.9400,0.0000,8.5379,29.0000,0.0000,0.0000,0.0000,0.0000,19.5100,41.8400,4.9700,0.0000,47.3932,0.0000,0.0000,0.0000,74.7100,0.0000,18.4100,0.0000,0.0000,0.0000,0.0000,0.0000,100.8400,0.0000,0.0000,5.0600,0.0000,28.4500,23.8700,264.8900,58.0400,5.2600,6.7200,4.4900,8.4900,35.9900,0.0000,0.0000,0.0000,0.0000,0.0000,0.0000,0.0000,3.9300,0.0000,0.0000,0.0000,0.0000,0.0000,6.4000,0.0000,0.0000,0.0000,0.0000,8.2700,6.7100,0.0000,0.0000,0.0000,0.0000,0.0000,0.0000,0.0000,0.6900,2.9100,0.0000,0.0000,0.0000,0.0000,0.0000,0.0000,0.0000,0.0000,16.8502,0.0000,0.0000,0.0000,0.0000,0.0000,0.0000,0.0000,1.2800,0.0000,0.0000,50.0000,0.0000,50.0000,48.0000,0.0000,0.0000,0.0000,0.0000,0.0000,0.0000,0.0000,0.0000,0.0000,0.0000,0.0000,0.0000,0.0000,0.0000,0.0000,0.0000,0.0000,0.0000,0.0000,4.2500,0.0000,0.0000,0.0000,0.0000,0.0000,0.0000,0.0000,0.0000,0.0000,0.0000,0.0000,0.0000,0.0000,0.0000,0.0000,0.0000,0.0000,0.0000,0.0000,0.0000,0.0000,0.0000,0.0000,0.0000,0.0000,0.0000,0.0000,0.0000,4.8993,1024.6006,-230.07,0.00,12.0170,0.00,782.5136
51,BYPL,48DSBYPL2023/02/19,0.0000,0.0000,0.0000,0.0000,0.0000,0.0000,0.0000,0.0000,33.9400,0.0000,8.5379,29.0000,0.0000,0.0000,0.0000,0.0000,19.5100,41.8400,4.9700,0.0000,47.3932,0.0000,0.0000,0.0000,74.7100,0.0000,18.4800,0.0000,0.0000,0.0000,0.0000,0.0000,90.2800,0.0000,0.0000,5.0600,0.0000,28.4500,23.8700,264.8900,58.0400,5.2600,6.7200,4.4900,8.4900,35.9900,0.0000,0.0000,0.0000,0.0000,0.0000,0.0000,0.0000,3.9300,0.0000,0.0000,0.0000,0.0000,0.0000,6.4000,0.0000,0.0000,0.0000,0.0000,8.2700,6.7100,0.0000,0.0000,0.0000,0.0000,0.0000,0.0000,0.0000,0.3700,1.4000,0.0000,0.0000,0.0000,0.0000,0.0000,0.0000,0.0000,0.0000,16.8502,0.0000,0.0000,0.0000,0.0000,0.0000,0.0000,0.0000,1.2300,0.0000,0.0000,50.0000,0.0000,50.0000,47.6600,0.0000,0.0000,0.0000,0.0000,0.0000,0.0000,0.0000,0.0000,0.0000,0.0000,0.0000,0.0000,0.0000,0.0000,0.0000,0.0000,0.0000,0.0000,0.0000,4.8400,0.0000,0.0000,0.0000,0.0000,0.0000,0.0000,0.0000,0.0000,0.0000,0.0000,0.0000,0.0000,0.0000,0.0000,0.0000,0.0000,0.0000,0.0000,0.0000,0.0000,0.0000,0.0000,0.0000,0.0000,0.0000,0.0000,0.0000,0.0000,4.8993,1012.4806,-245.07,0.00,12.0417,0.00,755.3689
52,BYPL,48DSBYPL2023/02/19,0.0000,0.0000,0.0000,0.0000,0.0000,0.0000,0.0000,0.0000,33.9400,0.0000,8.5379,29.0000,0.0000,0.0000,0.0000,0.0000,19.5100,41.8400,4.9700,0.0000,47.3932,0.0000,0.0000,0.0000,74.7100,0.0000,18.5300,0.0000,0.0000,0.0000,0.0000,0.0000,91.0700,0.0000,0.0000,5.0600,0.0000,28.4500,23.8700,264.8900,58.0400,5.2600,6.7200,4.4900,8.4900,35.9900,0.0000,0.0000,0.0000,0.0000,0.0000,0.0000,0.0000,3.9300,0.0000,0.0000,0.0000,0.0000,0.0000,6.4000,0.0000,0.0000,0.0000,0.0000,8.2700,6.7100,0.0000,0.0000,0.0000,0.0000,0.0000,0.0000,0.0000,0.3700,1.4000,0.0000,0.0000,0.0000,0.0000,0.0000,0.0000,0.0000,0.0000,16.8502,0.0000,0.0000,0.0000,0.0000,0.0000,0.0000,0.0000,1.3000,0.0000,0.0000,50.0000,0.0000,50.0000,47.6600,0.0000,0.0000,0.0000,0.0000,0.0000,0.0000,0.0000,0.0000,0.0000,0.0000,0.0000,0.0000,0.0000,0.0000,0.0000,0.0000,0.0000,0.0000,0.0000,5.8600,0.0000,0.0000,0.0000,0.0000,0.0000,0.0000,0.0000,0.0000,0.0000,0.0000,0.0000,0.0000,0.0000,0.0000,0.0000,0.0000,0.0000,0.0000,0.0000,0.0000,0.0000,0.0000,0.0000,0.0000,0.0000,0.0000,0.0000,0.0000,4.8993,1014.4106,-270.07,0.00,12.2783,0.00,732.0623
53,BYPL,48DSBYPL2023/02/19,0.0000,0.0000,0.0000,0.0000,0.0000,0.0000,0.0000,0.0000,33.9400,0.0000,8.5379,29.0000,0.0000,0.0000,0.0000,0.0000,19.5100,41.8400,4.9700,0.0000,47.3932,0.0000,0.0000,0.0000,74.7100,0.0000,18.4400,0.0000,0.0000,0.0000,0.0000,0.0000,88.4400,0.0000,0.0000,5.0600,0.0000,28.4500,23.8700,264.8900,58.0400,2.4300,7.0000,3.2300,8.4900,35.9800,0.0000,0.0000,0.0000,0.0000,0.0000,0.0000,0.0000,3.9300,0.0000,0.0000,0.0000,0.0000,0.0000,6.4000,0.0000,0.0000,0.0000,0.0000,8.8800,6.7100,0.0000,0.0000,0.0000,0.0000,0.0000,0.0000,0.0000,0.3700,1.4000,0.0000,0.0000,0.0000,0.0000,0.0000,0.0000,0.0000,0.0000,16.8502,0.0000,0.0000,0.0000,0.0000,0.0000,0.0000,0.0000,1.2200,0.0000,0.0000,50.0000,0.0000,50.0000,47.6600,0.0000,0.0000,0.0000,0.0000,0.0000,0.0000,0.0000,0.0000,0.0000,0.0000,0.0000,0.0000,0.0000,0.0000,0.0000,0.0000,0.0000,0.0000,0.0000,6.9500,0.0000,0.0000,0.0000,0.0000,0.0000,0.0000,0.0000,0.0000,0.0000,0.0000,0.0000,0.0000,0.0000,0.0000,0.0000,0.0000,0.0000,0.0000,0.0000,0.0000,0.0000,0.0000,0.0000,0.0000,0.0000,0.0000,0.0000,0.0000,4.8993,1009.4906,-310.07,0.00,12.5878,0.00,686.8328
54,BYPL,48DSBYPL2023/02/19,0.0000,0.0000,0.0000,0.0000,0.0000,0.0000,0.0000,0.0000,33.9400,0.0000,8.5379,29.0000,0.0000,0.0000,0.0000,0.0000,19.5100,41.8400,4.9700,0.0000,47.3932,0.0000,0.0000,0.0000,74.7100,0.0000,18.2600,0.0000,0.0000,0.0000,0.0000,0.0000,79.3200,0.0000,0.0000,5.0600,0.0000,28.4500,23.8700,264.8900,58.0400,2.4300,7.0000,3.2300,8.4900,35.9800,0.0000,0.0000,0.0000,0.0000,0.0000,0.0000,0.0000,3.9300,0.0000,0.0000,0.0000,0.0000,0.0000,6.4000,0.0000,0.0000,0.0000,0.0000,8.8800,6.7100,0.0000,0.0000,0.0000,0.0000,0.0000,0.0000,0.0000,0.3700,1.4000,0.0000,0.0000,0.0000,0.0000,0.0000,0.0000,0.0000,0.0000,16.8502,0.0000,0.0000,0.0000,0.0000,0.0000,0.0000,0.0000,1.3000,0.0000,0.0000,50.0000,0.0000,50.0000,48.0000,0.0000,0.0000,0.0000,0.0000,0.0000,0.0000,0.0000,0.0000,0.0000,0.0000,0.0000,0.0000,0.0000,0.0000,0.0000,0.0000,0.0000,0.0000,0.0000,7.6700,0.0000,0.0000,0.0000,0.0000,0.0000,0.0000,0.0000,0.0000,0.0000,0.0000,0.0000,0.0000,0.0000,0.0000,0.0000,0.0000,0.0000,0.0000,0.0000,0.0000,0.0000,0.0000,0.0000,0.0000,0.0000,0.0000,0.0000,0.0000,4.8993,1001.3306,-328.29,0.00,12.6779,0.00,660.3627
55,BYPL,48DSBYPL2023/02/19,0.0000,0.0000,0.0000,0.0000,0.0000,0.0000,0.0000,0.0000,33.9400,0.0000,8.5379,29.0000,0.0000,0.0000,0.0000,0.0000,19.8600,41.8400,4.9700,0.0000,47.3932,0.0000,0.0000,0.0000,74.7100,0.0000,18.0200,0.0000,0.0000,0.0000,0.0000,0.0000,85.9400,0.0000,0.0000,5.0600,0.0000,28.4500,23.8700,264.8900,58.0400,2.3700,7.0000,3.4000,8.4900,35.9900,0.0000,0.0000,0.0000,0.0000,0.0000,0.0000,0.0000,3.9300,0.0000,0.0000,0.0000,0.0000,0.0000,6.4000,0.0000,0.0000,0.0000,0.0000,8.8800,6.7100,0.0000,0.0000,0.0000,0.0000,0.0000,0.0000,0.0000,0.3700,1.4000,0.0000,0.0000,0.0000,0.0000,0.0000,0.0000,0.0000,0.0000,16.8502,0.0000,0.0000,0.0000,0.0000,0.0000,0.0000,0.0000,1.6400,0.0000,0.0000,50.0000,0.0000,50.0000,48.3300,0.0000,0.0000,0.0000,0.0000,0.0000,0.0000,0.0000,0.0000,0.0000,0.0000,0.0000,0.0000,0.0000,0.0000,0.0000,0.0000,0.0000,0.0000,0.0000,8.4700,0.0000,0.0000,0.0000,0.0000,0.0000,0.0000,0.0000,0.0000,0.0000,0.0000,0.0000,0.0000,0.0000,0.0000,0.0000,0.0000,0.0000,0.0000,0.0000,0.0000,0.0000,0.0000,0.0000,0.0000,0.0000,0.0000,0.0000,0.0000,4.8993,1009.6506,-354.17,0.00,12.9440,0.00,642.5366
56,BYPL,48DSBYPL2023/02/19,0.0000,0.0000,0.0000,0.0000,0.0000,0.0000,0.0000,0.0000,33.9400,0.0000,8.3072,29.0000,0.0000,0.0000,0.0000,0.0000,19.8600,18.4500,0.6200,0.0000,47.3932,0.0000,0.0000,0.0000,74.7100,0.0000,17.6400,0.0000,0.0000,0.0000,0.0000,0.0000,85.9300,0.0000,0.0000,5.0600,0.0000,28.4500,23.8700,264.8900,58.0400,2.3700,7.0000,3.4000,8.4900,35.9900,0.0000,0.0000,0.0000,0.0000,0.0000,0.0000,0.0000,3.9300,0.0000,0.0000,0.0000,0.0000,0.0000,6.4000,0.0000,0.0000,0.0000,0.0000,8.8800,6.7100,0.0000,0.0000,0.0000,0.0000,0.0000,0.0000,0.0000,0.3700,1.4000,0.0000,0.0000,0.0000,0.0000,0.0000,0.0000,0.0000,0.0000,16.8502,0.0000,0.0000,0.0000,0.0000,0.0000,0.0000,0.0000,2.1000,0.0000,0.0000,50.0000,0.0000,50.0000,48.6600,0.0000,0.0000,0.0000,0.0000,0.0000,0.0000,0.0000,0.0000,0.0000,0.0000,0.0000,0.0000,0.0000,0.0000,0.0000,0.0000,0.0000,0.0000,0.0000,9.3400,0.0000,0.0000,0.0000,0.0000,0.0000,0.0000,0.0000,0.0000,0.0000,0.0000,0.0000,0.0000,0.0000,0.0000,0.0000,0.0000,0.0000,0.0000,0.0000,0.0000,0.0000,0.0000,0.0000,0.0000,0.0000,0.0000,0.0000,0.0000,4.8993,982.9499,-348.07,0.00,12.6429,0.00,622.2370
57,BYPL,48DSBYPL2023/02/19,0.0000,0.0000,0.0000,0.0000,0.0000,0.0000,0.0000,0.0000,33.9400,0.0000,8.3072,29.0000,0.0000,0.0000,0.0000,0.0000,19.5200,18.4500,0.0000,0.0000,47.3932,0.0000,0.0000,0.0000,74.7100,0.0000,17.2500,0.0000,0.0000,0.0000,0.0000,0.0000,85.9400,0.0000,0.0000,5.0600,0.0000,28.4500,23.8700,264.8900,58.0400,2.3700,7.0000,3.4500,8.4900,35.9900,0.0000,0.0000,0.0000,0.0000,0.0000,0.0000,0.0000,3.9300,0.0000,0.0000,0.0000,0.0000,0.0000,6.4000,0.0000,0.0000,0.0000,0.0000,8.8800,6.7100,0.0000,0.0000,0.0000,0.0000,0.0000,0.0000,0.0000,0.3700,1.4000,0.0000,0.0000,0.0000,0.0000,0.0000,0.0000,0.0000,0.0000,16.8502,0.0000,0.0000,0.0000,0.0000,0.0000,0.0000,0.0000,4.2600,0.0000,0.0000,50.0000,0.0000,42.8400,49.0000,0.0000,0.0000,0.0000,0.0000,0.0000,0.0000,0.0000,0.0000,0.0000,0.0000,0.0000,0.0000,0.0000,0.0000,0.0000,0.0000,0.0000,0.0000,0.0000,10.1600,0.0000,0.0000,0.0000,0.0000,0.0000,0.0000,0.0000,0.0000,0.0000,0.0000,0.0000,0.0000,0.0000,0.0000,0.0000,0.0000,0.0000,0.0000,0.0000,0.0000,0.0000,0.0000,0.0000,0.0000,0.0000,0.0000,0.0000,0.0000,4.8993,977.8199,-338.97,0.00,12.5052,0.00,626.3447
58,BYPL,48DSBYPL2023/02/19,0.0000,0.0000,0.0000,0.0000,0.0000,0.0000,0.0000,0.0000,33.9400,0.0000,8.3072,29.0000,0.0000,0.0000,0.0000,0.0000,19.5200,18.4500,0.0000,0.0000,47.3932,0.0000,0.0000,0.0000,74.7100,0.0000,16.8600,0.0000,0.0000,0.0000,0.0000,0.0000,85.9300,0.0000,0.0000,5.0600,0.0000,28.4500,23.8700,264.8900,58.0400,2.3700,7.0000,3.4500,8.4900,35.9900,0.0000,0.0000,0.0000,0.0000,0.0000,0.0000,0.0000,3.9300,0.0000,0.0000,0.0000,0.0000,0.0000,6.4000,0.0000,0.0000,0.0000,0.0000,8.8800,6.7100,0.0000,0.0000,0.0000,0.0000,0.0000,0.0000,0.0000,0.3700,1.4000,0.0000,0.0000,0.0000,0.0000,0.0000,0.0000,0.0000,0.0000,16.8502,0.0000,0.0000,0.0000,0.0000,0.0000,0.0000,0.0000,4.4800,0.0000,0.0000,50.0000,0.0000,42.0100,48.6600,0.0000,0.0000,0.0000,0.0000,0.0000,0.0000,0.0000,0.0000,0.0000,0.0000,0.0000,0.0000,0.0000,0.0000,0.0000,0.0000,0.0000,0.0000,0.0000,10.9900,0.0000,0.0000,0.0000,0.0000,0.0000,0.0000,0.0000,0.0000,0.0000,0.0000,0.0000,0.0000,0.0000,0.0000,0.0000,0.0000,0.0000,0.0000,0.0000,0.0000,0.0000,0.0000,0.0000,0.0000,0.0000,0.0000,0.0000,0.0000,4.8993,977.2999,-351.07,0.00,12.5736,0.00,613.6563
59,BYPL,48DSBYPL2023/02/19,0.0000,0.0000,0.0000,0.0000,0.0000,0.0000,0.0000,0.0000,33.9400,0.0000,8.3072,29.0000,0.0000,0.0000,0.0000,0.0000,19.5200,18.4500,0.0000,0.0000,47.3932,0.0000,0.0000,0.0000,74.7100,0.0000,16.4000,0.0000,0.0000,0.0000,0.0000,0.0000,85.9400,0.0000,0.0000,5.0600,0.0000,28.4500,23.8700,264.8900,58.0300,2.3700,7.0000,3.4500,8.4900,35.9900,0.0000,0.0000,0.0000,0.0000,0.0000,0.0000,0.0000,3.9300,0.0000,0.0000,0.0000,0.0000,0.0000,6.4000,0.0000,0.0000,0.0000,0.0000,8.8800,6.7800,0.0000,0.0000,0.0000,1.8800,0.0000,0.0000,0.0000,0.3700,1.4000,0.0000,0.0000,0.0000,0.0000,0.0000,0.0000,0.0000,0.0000,16.8502,0.0000,0.0000,0.0000,0.0000,0.0000,0.0000,0.0000,4.7700,0.0000,0.0000,50.0000,0.0000,41.3100,41.0000,0.0000,0.0000,0.0000,0.0000,0.0000,0.0000,0.0000,0.0000,0.0000,0.0000,0.0000,0.0000,0.0000,0.0000,0.0000,0.0000,0.0000,0.0000,0.0000,12.0800,0.0000,0.0000,0.0000,0.0000,0.0000,0.0000,0.0000,0.0000,0.0000,0.0000,0.0000,0.0000,0.0000,0.0000,0.0000,0.0000,0.0000,0.0000,0.0000,0.0000,0.0000,0.0000,0.0000,0.0000,0.0000,0.0000,0.0000,0.0000,4.8993,971.8099,-354.70,0.00,12.7790,0.00,604.3309
60,BYPL,48DSBYPL2023/02/19,0.0000,0.0000,0.0000,0.0000,0.0000,0.0000,0.0000,0.0000,33.9400,0.0000,8.3072,29.0000,0.0000,0.0000,0.0000,0.0000,19.5200,18.4500,0.0000,0.0000,47.3932,0.0000,0.0000,0.0000,74.7100,0.0000,15.7300,0.0000,0.0000,0.0000,0.0000,0.0000,85.9400,0.0000,0.0000,5.0600,0.0000,28.4500,23.8700,264.8900,58.0300,2.3700,7.0000,3.4500,8.4900,35.9900,0.0000,0.0000,0.0000,0.0000,0.0000,0.0000,0.0000,3.9300,0.0000,0.0000,0.0000,0.0000,0.0000,6.4000,0.0000,0.0000,0.0000,0.0000,8.8800,6.7800,0.0000,0.0000,0.0000,1.8800,0.0000,0.0000,0.0000,0.3700,1.4000,0.0000,0.0000,0.0000,0.0000,0.0000,0.0000,0.0000,0.0000,16.8502,0.0000,0.0000,0.0000,0.0000,0.0000,0.0000,0.0000,5.1300,0.0000,0.0000,50.0000,0.0000,40.8500,39.3300,0.0000,0.0000,0.0000,0.0000,0.0000,0.0000,0.0000,0.0000,0.0000,0.0000,0.0000,0.0000,0.0000,0.0000,0.0000,0.0000,0.0000,0.0000,0.0000,13.0800,0.0000,0.0000,0.0000,0.0000,0.0000,0.0000,0.0000,0.0000,0.0000,0.0000,0.0000,0.0000,0.0000,0.0000,0.0000,0.0000,0.0000,0.0000,0.0000,0.0000,0.0000,0.0000,0.0000,0.0000,0.0000,0.0000,0.0000,0.0000,4.8993,970.3699,-357.70,0.00,12.7458,0.00,599.9241
61,BYPL,48DSBYPL2023/02/19,0.0000,0.0000,0.0000,0.0000,0.0000,0.0000,0.0000,0.0000,33.9400,0.0000,8.3072,29.0000,0.0000,0.0000,0.0000,0.0000,19.5200,18.4500,0.0000,0.0000,47.3932,0.0000,0.0000,0.0000,74.7100,0.0000,14.9100,0.0000,0.0000,0.0000,0.0000,0.0000,79.3300,0.0000,0.0000,5.0600,0.0000,28.4500,23.8700,264.8900,47.7500,2.2700,7.0000,3.3100,8.4900,35.9900,0.0000,0.0000,0.0000,0.0000,0.0000,0.0000,0.0000,3.9300,0.0000,0.0000,0.0000,0.0000,0.0000,6.4000,0.0000,0.0000,0.0000,0.0000,8.8800,6.7800,0.0000,0.0000,0.0000,1.8800,0.0000,0.0000,0.0000,0.6900,2.9100,0.0000,0.0000,0.0000,0.0000,0.0000,0.0000,0.0000,0.0000,16.8502,0.0000,0.0000,0.0000,0.0000,0.0000,0.0000,0.0000,5.6600,0.0000,0.0000,49.0900,0.0000,40.1700,39.6600,0.0000,0.0000,0.0000,0.0000,0.0000,0.0000,0.0000,0.0000,0.0000,0.0000,0.0000,0.0000,0.0000,0.0000,0.0000,0.0000,0.0000,0.0000,0.0000,14.2400,0.0000,0.0000,0.0000,0.0000,0.0000,0.0000,0.0000,0.0000,0.0000,0.0000,0.0000,0.0000,0.0000,0.0000,0.0000,0.0000,0.0000,0.0000,0.0000,0.0000,0.0000,0.0000,0.0000,0.0000,0.0000,0.0000,0.0000,0.0000,4.8993,954.6799,-370.67,0.00,12.3952,0.00,571.6147
62,BYPL,48DSBYPL2023/02/19,0.0000,0.0000,0.0000,0.0000,0.0000,0.0000,0.0000,0.0000,33.9400,0.0000,8.3072,29.0000,0.0000,0.0000,0.0000,0.0000,19.5200,18.4500,0.0000,0.0000,47.3932,0.0000,0.0000,0.0000,74.7100,0.0000,14.0500,0.0000,0.0000,0.0000,0.0000,0.0000,79.3200,0.0000,0.0000,5.0600,0.0000,28.4500,23.8700,264.8900,47.7500,2.2700,7.0000,3.3100,8.4900,35.9900,0.0000,0.0000,0.0000,0.0000,0.0000,0.0000,0.0000,3.9300,0.0000,0.0000,0.0000,0.0000,0.0000,6.4000,0.0000,0.0000,0.0000,0.0000,8.8800,6.7800,0.0000,0.0000,0.0000,1.8800,0.0000,0.0000,0.0000,0.6900,2.9100,0.0000,0.0000,0.0000,0.0000,0.0000,0.0000,0.0000,0.0000,16.8502,0.0000,0.0000,0.0000,0.0000,0.0000,0.0000,0.0000,6.2200,0.0000,0.0000,46.5300,0.0000,39.1800,39.0000,0.0000,0.0000,0.0000,0.0000,0.0000,0.0000,0.0000,0.0000,0.0000,0.0000,0.0000,0.0000,0.0000,0.0000,0.0000,0.0000,0.0000,0.0000,0.0000,15.5000,0.0000,0.0000,0.0000,0.0000,0.0000,0.0000,0.0000,0.0000,0.0000,0.0000,0.0000,0.0000,0.0000,0.0000,0.0000,0.0000,0.0000,0.0000,0.0000,0.0000,0.0000,0.0000,0.0000,0.0000,0.0000,0.0000,0.0000,0.0000,4.8993,951.4199,-361.57,0.00,12.2254,0.00,577.6245
63,BYPL,48DSBYPL2023/02/19,0.0000,0.0000,0.0000,0.0000,0.0000,0.0000,0.0000,0.0000,33.9400,0.0000,8.3072,29.0000,0.0000,0.0000,0.0000,0.0000,19.5200,18.4500,0.0000,0.0000,47.3932,0.0000,0.0000,0.0000,74.7100,0.0000,13.0400,0.0000,0.0000,0.0000,0.0000,0.0000,79.3300,0.0000,0.0000,5.0600,0.0000,28.4500,23.8700,264.8900,47.7500,5.4800,7.0000,4.1500,8.4900,35.9900,0.0000,0.0000,0.0000,0.0000,0.0000,0.0000,0.0000,3.9300,0.0000,0.0000,0.0000,0.0000,0.0000,6.4000,0.0000,0.0000,0.0000,0.0000,8.8800,6.8200,0.0000,0.0000,0.0000,1.8800,0.0000,0.0000,0.0000,0.8300,2.9100,0.0000,0.0000,0.0000,0.0000,0.0000,0.0000,0.0000,0.0000,16.8502,0.0000,0.0000,0.0000,0.0000,0.0000,0.0000,0.0000,6.8000,0.0000,0.0000,43.8700,0.0000,40.8200,37.0000,0.0000,0.0000,0.0000,0.0000,0.0000,0.0000,0.0000,0.0000,0.0000,0.0000,0.0000,0.0000,0.0000,0.0000,0.0000,0.0000,0.0000,0.0000,0.0000,15.4500,0.0000,0.0000,0.0000,0.0000,0.0000,0.0000,0.0000,0.0000,0.0000,0.0000,0.0000,0.0000,0.0000,0.0000,0.0000,0.0000,0.0000,0.0000,0.0000,0.0000,0.0000,0.0000,0.0000,0.0000,0.0000,0.0000,0.0000,0.0000,4.8993,952.1599,-342.87,0.00,12.0182,0.00,597.2717
64,BYPL,48DSBYPL2023/02/19,0.0000,0.0000,0.0000,0.0000,0.0000,0.0000,0.0000,0.0000,33.9400,0.0000,8.0764,29.0000,0.0000,0.0000,0.0000,0.0000,19.5200,18.4500,0.0000,0.0000,47.3932,0.0000,0.0000,0.0000,74.7100,0.0000,11.9700,0.0000,0.0000,0.0000,0.0000,0.0000,79.3200,0.0000,0.0000,5.0600,0.0000,28.4500,23.8700,264.8900,47.7500,5.4800,7.0000,4.1500,8.4900,35.9900,0.0000,0.0000,0.0000,0.0000,0.0000,0.0000,0.0000,3.9300,0.0000,0.0000,0.0000,0.0000,0.0000,6.4000,0.0000,0.0000,0.0000,0.0000,8.8800,6.8200,0.0000,0.0000,0.0000,1.8800,0.0000,0.0000,0.0000,0.8300,2.9100,0.0000,0.0000,0.0000,0.0000,0.0000,0.0000,0.0000,0.0000,16.8502,0.0000,0.0000,0.0000,0.0000,0.0000,0.0000,0.0000,7.5200,0.0000,0.0000,40.8900,0.0000,38.5900,34.6600,0.0000,0.0000,0.0000,0.0000,0.0000,0.0000,0.0000,0.0000,0.0000,0.0000,0.0000,0.0000,0.0000,0.0000,0.0000,0.0000,0.0000,0.0000,0.0000,16.0200,0.0000,0.0000,0.0000,0.0000,0.0000,0.0000,0.0000,0.0000,0.0000,0.0000,0.0000,0.0000,0.0000,0.0000,0.0000,0.0000,0.0000,0.0000,0.0000,0.0000,0.0000,0.0000,0.0000,0.0000,0.0000,0.0000,0.0000,0.0000,4.8993,944.5891,-345.57,0.00,11.9372,0.00,587.0819
65,BYPL,48DSBYPL2023/02/19,0.0000,0.0000,0.0000,0.0000,0.0000,0.0000,0.0000,0.0000,33.9400,0.0000,8.0764,29.0000,0.0000,0.0000,0.0000,0.0000,19.5100,34.5400,0.0000,0.0000,47.3932,0.0000,0.0000,0.0000,74.7100,0.0000,10.7500,0.0000,0.0000,0.0000,0.0000,0.0000,92.7000,0.0000,0.0000,5.0600,0.0000,28.4500,23.8700,264.8900,46.1500,5.4800,6.7200,4.1500,7.5400,35.3000,0.0000,0.0000,0.0000,0.0000,0.0000,0.0000,0.0000,3.9300,0.0000,0.0000,0.0000,0.0000,0.0000,6.4000,0.0000,0.0000,0.0000,0.0000,8.8800,6.8200,0.0000,0.0000,0.0000,1.8800,0.0000,0.0000,0.0000,0.4700,2.9100,0.0000,0.0000,0.0000,0.0000,0.0000,0.0000,0.0000,0.0000,16.8502,0.0000,0.0000,0.0000,0.0000,0.0000,0.0000,0.0000,8.3800,0.0000,0.0000,37.5600,0.0000,35.9000,33.6600,0.0000,0.0000,0.0000,0.0000,0.0000,0.0000,0.0000,0.0000,0.0000,0.0000,0.0000,0.0000,0.0000,0.0000,0.0000,0.0000,0.0000,0.0000,0.0000,17.1300,0.0000,0.0000,0.0000,0.0000,0.0000,0.0000,0.0000,0.0000,0.0000,0.0000,0.0000,0.0000,0.0000,0.0000,0.0000,0.0000,0.0000,0.0000,0.0000,0.0000,0.0000,0.0000,0.0000,0.0000,0.0000,0.0000,0.0000,0.0000,4.8993,963.8991,-370.76,0.00,12.6565,0.00,580.4826
66,BYPL,48DSBYPL2023/02/19,0.0000,0.0000,0.0000,0.0000,0.0000,0.0000,0.0000,0.0000,33.9400,0.0000,8.0764,29.0000,0.0000,0.0000,0.0000,0.0000,19.5100,35.5400,0.6200,0.0000,47.3932,0.0000,0.0000,0.0000,74.7100,0.0000,9.4000,0.0000,0.0000,0.0000,0.0000,0.0000,139.2600,0.0000,0.0000,5.0600,0.0000,28.4500,23.8700,264.8900,46.1500,5.4800,6.7200,4.1500,8.4900,35.9900,0.0000,0.0000,0.0000,0.0000,0.0000,0.0000,0.0000,3.9300,0.0000,0.0000,0.0000,0.0000,0.0000,6.4000,0.0000,0.0000,0.0000,0.0000,8.8800,6.8200,0.0000,0.0000,0.0000,1.8800,0.0000,0.0000,0.0000,0.4700,2.9100,0.0000,0.0000,0.0000,0.0000,0.0000,0.0000,0.0000,0.0000,16.8401,0.0000,0.0000,0.0000,0.0000,0.0000,0.0000,0.0000,9.0800,0.0000,0.0000,33.9300,0.0000,32.8400,31.3300,0.0000,0.0000,0.0000,0.0000,0.0000,0.0000,0.0000,0.0000,0.0000,0.0000,0.0000,0.0000,0.0000,0.0000,0.0000,0.0000,0.0000,0.0000,0.0000,18.3500,0.0000,0.0000,0.0000,0.0000,0.0000,0.0000,0.0000,0.0000,0.0000,0.0000,0.0000,0.0000,0.0000,0.0000,0.0000,0.0000,0.0000,0.0000,0.0000,0.0000,0.0000,0.0000,0.0000,0.0000,0.0000,0.0000,0.0000,0.0000,4.8993,1005.2590,-411.66,0.00,13.1442,0.00,580.4548
67,BYPL,48DSBYPL2023/02/19,0.0000,0.0000,0.0000,0.0000,0.0000,0.0000,0.0000,0.0000,33.9400,0.0000,8.0764,29.0000,0.0000,0.0000,0.0000,0.0000,19.5100,41.8300,4.1500,0.0000,47.3932,0.0000,0.0000,0.0000,74.7100,0.0000,7.9300,0.0000,0.0000,0.0000,0.0000,0.0000,130.3500,0.0000,0.0000,5.0600,0.0000,28.4500,23.8700,264.8900,47.5500,5.4800,6.7200,4.1500,8.4900,35.9800,0.0000,0.0000,0.0000,0.0000,0.0000,0.0000,0.0000,3.9300,0.0000,0.0000,0.0000,0.0000,0.0000,6.4000,0.0000,0.0000,0.0000,0.0000,8.8800,6.8200,2.3300,0.0000,0.0000,2.1200,0.0000,0.0000,0.0000,1.8700,2.9100,0.0000,0.0000,0.0000,0.0000,0.0000,0.0000,0.0000,0.0000,16.5502,0.0000,0.0000,0.0000,0.0000,0.0000,0.0000,0.0000,9.8100,0.0000,0.0000,30.1900,0.0000,29.2500,28.3300,0.0000,0.0000,0.0000,0.0000,0.0000,0.0000,0.0000,0.0000,0.0000,0.0000,0.0000,0.0000,0.0000,0.0000,0.0000,0.0000,0.0000,0.0000,0.0000,19.6600,0.0000,0.0000,0.0000,0.0000,0.0000,0.0000,0.0000,0.0000,0.0000,0.0000,0.0000,0.0000,0.0000,0.0000,0.0000,0.0000,0.0000,0.0000,0.0000,0.0000,0.0000,0.0000,0.0000,0.0000,0.0000,0.0000,0.0000,0.0000,4.8993,1001.4791,-388.26,0.00,13.0683,0.00,600.1508
68,BYPL,48DSBYPL2023/02/19,0.0000,0.0000,0.0000,0.0000,0.0000,0.0000,0.0000,0.0000,33.9400,0.0000,8.0764,29.0000,0.0000,0.0000,0.0000,0.0000,19.5100,43.5600,9.4900,0.0000,47.3932,0.0000,0.0000,0.0000,74.7100,0.0000,6.3800,0.0000,0.0000,0.0000,0.0000,0.0000,129.6500,0.0000,0.0000,5.0600,0.0000,28.4500,23.8700,264.8900,47.5500,5.2600,6.7200,4.1500,8.4900,35.9800,0.0000,0.0000,0.0000,0.0000,0.0000,0.0000,0.0000,3.9300,0.0000,0.0000,0.0000,0.0000,0.0000,6.4000,0.0000,0.0000,0.0000,0.0000,8.8800,6.8200,3.4100,0.8300,0.0000,2.1200,0.0000,0.0000,0.0000,1.8700,2.9100,0.0000,0.0000,0.0000,0.0000,0.0000,0.0000,0.0000,0.0000,16.4103,0.0000,0.0000,0.0000,0.0000,0.0000,0.0000,0.0000,10.4900,0.0000,0.0000,26.2600,0.0000,25.4500,23.3300,0.0000,0.0000,0.0000,0.0000,0.0000,0.0000,0.0000,0.0000,0.0000,0.0000,0.0000,0.0000,0.0000,0.0000,0.0000,0.0000,0.0000,0.0000,0.0000,21.1100,0.0000,0.0000,0.0000,0.0000,0.0000,0.0000,0.0000,0.0000,0.0000,0.0000,0.0000,0.0000,0.0000,0.0000,0.0000,0.0000,0.0000,0.0000,0.0000,0.0000,0.0000,0.0000,0.0000,0.0000,0.0000,0.0000,0.0000,0.0000,4.8993,997.2492,-373.46,0.00,12.7362,0.00,611.0530
69,BYPL,48DSBYPL2023/02/19,0.0000,0.0000,0.0000,0.0000,0.0000,0.0000,0.0000,0.0000,33.9400,0.0000,8.0764,29.0000,0.0000,0.0000,0.0000,0.0000,19.5100,43.5600,15.3600,0.0000,47.3932,0.0000,0.0000,0.0000,74.7100,0.0000,4.8600,0.0000,0.0000,0.0000,0.0000,0.0000,100.8400,0.0000,0.0000,5.0600,0.0000,28.4500,23.8700,264.8900,47.5500,5.2600,6.7200,4.1500,8.4900,35.9800,0.0000,0.0000,0.0000,0.0000,0.0000,0.0000,0.0000,3.9300,0.0000,0.0000,0.0000,0.0000,0.0000,6.4000,0.0000,0.0000,0.0000,0.0000,8.8800,6.7100,4.3400,3.2600,2.3900,2.1200,0.0000,0.0000,3.1200,1.8700,2.9100,0.0000,0.0000,0.0000,0.0000,0.0000,0.0000,0.0000,0.0000,16.1169,0.0000,0.0000,0.0000,0.0000,0.0000,0.0000,0.0000,11.1300,0.0000,0.0000,22.0300,0.0000,20.0600,18.6600,0.0000,0.0000,0.0000,0.0000,0.0000,0.0000,0.0000,0.0000,0.0000,0.0000,0.0000,0.0000,0.0000,0.0000,0.0000,0.0000,0.0000,0.0000,0.0000,27.5400,0.0000,0.0000,0.0000,0.0000,0.0000,0.0000,0.0000,0.0000,0.0000,0.0000,0.0000,0.0000,0.0000,0.0000,0.0000,0.0000,0.0000,0.0000,0.0000,0.0000,0.0000,0.0000,0.0000,0.0000,0.0000,0.0000,0.0000,0.0000,4.8993,974.0358,-347.57,0.00,11.8077,0.00,614.6581
70,BYPL,48DSBYPL2023/02/19,0.0000,0.0000,0.0000,0.0000,0.0000,0.0000,0.0000,0.0000,33.9400,0.0000,8.0764,29.0000,0.0000,0.0000,0.0000,0.0000,19.5100,41.8400,20.4800,0.0000,47.3932,0.0000,0.0000,0.0000,74.7100,0.0000,3.0700,0.0000,0.0000,0.0000,0.0000,0.0000,129.6500,0.0000,0.0000,5.0600,0.0000,28.4500,23.8700,264.8900,47.5500,5.2600,6.7200,4.1500,8.4900,35.9800,0.0000,0.0000,0.0000,0.0000,0.0000,0.0000,0.0000,3.9300,0.0000,0.0000,0.0000,0.0000,0.0000,6.4000,0.0000,0.0000,0.0000,0.0000,8.8800,6.7100,6.8600,3.2600,2.3900,4.5300,0.0000,0.9800,5.2400,1.8700,3.2200,0.0000,0.0000,0.0000,0.0000,0.0000,0.0000,0.0000,0.0000,10.8801,0.0000,0.0000,0.0000,0.0000,0.0000,0.0000,0.0000,11.6800,0.0000,0.0000,17.5700,0.0000,15.9400,13.0000,0.0000,0.0000,0.0000,0.0000,0.0000,0.0000,0.0000,0.0000,0.0000,0.0000,0.0000,0.0000,0.0000,0.0000,0.0000,0.0000,0.0000,0.0000,0.0000,27.8500,0.0000,0.0000,0.0000,0.0000,0.0000,0.0000,0.0000,0.0000,0.0000,0.0000,0.0000,0.0000,0.0000,0.0000,0.0000,0.0000,0.0000,0.0000,0.0000,0.0000,0.0000,0.0000,0.0000,0.0000,0.0000,0.0000,0.0000,0.0000,4.8993,994.1790,-353.57,0.00,11.9940,0.00,628.6150
71,BYPL,48DSBYPL2023/02/19,0.0000,0.0000,0.0000,0.0000,0.0000,0.0000,0.0000,0.0000,33.9400,0.0000,8.0764,29.0000,0.0000,0.0000,0.0000,0.0000,19.5100,41.8400,25.6000,0.0000,47.3932,0.0000,0.0000,0.0000,74.7100,0.0000,1.5600,0.0000,0.0000,0.0000,0.0000,0.0000,144.0600,0.0000,0.0000,5.0600,0.0000,28.4500,23.8700,264.8900,47.5500,5.2600,6.7200,4.1500,8.4900,35.9800,0.0000,0.0000,0.0000,0.0000,0.0000,0.0000,0.0000,3.9300,0.0000,0.0000,0.0000,0.0000,0.0000,6.4000,0.0000,0.0000,0.0000,0.0000,8.8800,6.7100,6.8600,6.7800,4.7800,6.8100,0.0000,4.2500,14.3200,1.8700,4.9900,0.0000,0.0000,0.0000,0.0000,0.0000,0.0000,0.0000,0.0000,2.6228,0.0000,0.0000,0.0000,0.0000,0.0000,0.0000,0.0000,12.2500,0.0000,0.0000,13.0100,0.0000,12.4500,10.0000,0.0000,0.0000,0.0000,0.0000,0.0000,0.0000,0.0000,0.0000,0.0000,0.0000,0.0000,0.0000,0.0000,0.0000,0.0000,0.0000,0.0000,0.0000,0.0000,28.3300,0.0000,0.0000,0.0000,0.0000,0.0000,0.0000,0.0000,0.0000,0.0000,0.0000,0.0000,0.0000,0.0000,0.0000,0.0000,0.0000,0.0000,0.0000,0.0000,0.0000,0.0000,0.0000,0.0000,0.0000,0.0000,0.0000,0.0000,0.0000,4.8993,1016.2517,-358.07,0.00,12.2346,0.00,645.9471
72,BYPL,48DSBYPL2023/02/19,0.0000,0.0000,0.0000,0.0000,0.0000,0.0000,0.0000,0.0000,33.9400,0.0000,8.3072,29.0000,0.0000,0.0000,0.0000,0.0000,19.5100,41.8400,26.4400,0.0000,47.3932,0.0000,0.0000,0.0000,74.7100,0.0000,0.3500,0.0000,0.0000,0.0000,0.0000,0.0000,158.1500,0.0000,0.0000,5.0600,0.0000,28.4500,23.8700,264.8900,47.5500,5.2600,6.7200,4.1500,8.4900,35.9800,0.0000,0.0000,0.0000,0.0000,0.0000,0.0000,0.0000,3.9300,0.0000,0.0000,0.0000,0.0000,0.0000,6.4000,0.0000,0.0000,0.0000,0.0000,8.8800,6.7100,6.8600,6.7800,4.7800,6.8100,0.0000,4.2500,16.3000,1.8700,4.9900,0.0000,0.0000,0.0000,0.0000,0.0000,0.0000,0.0000,0.0000,0.7000,0.0000,0.0000,0.0000,0.0000,0.0000,0.0000,0.0000,12.3100,0.0000,0.0000,8.3700,0.0000,8.8400,6.6700,0.0000,0.0000,0.0000,0.0000,0.0000,0.0000,0.0000,0.0000,0.0000,0.0000,0.0000,0.0000,0.0000,0.0000,0.0000,0.0000,0.0000,0.0000,0.0000,28.7400,0.0000,0.0000,0.0000,0.0000,0.0000,0.0000,0.0000,0.0000,0.0000,0.0000,0.0000,0.0000,0.0000,0.0000,0.0000,0.0000,0.0000,0.0000,0.0000,0.0000,0.0000,0.0000,0.0000,0.0000,0.0000,0.0000,0.0000,0.0000,4.8993,1019.1497,-351.47,0.00,12.3458,0.00,655.3339
73,BYPL,48DSBYPL2023/02/19,0.0000,0.0000,0.0000,0.0000,0.0000,0.0000,0.0000,0.0000,33.9400,0.0000,8.5379,29.0000,0.0000,0.0000,0.0000,0.0000,19.5100,41.8300,26.4400,0.0000,75.0000,0.0000,0.0000,0.0000,74.7100,0.0000,0.0300,0.0000,0.0000,0.0000,0.0000,0.0000,158.1500,0.0000,0.0000,5.0600,0.0000,28.4500,23.8700,264.8900,47.5500,5.2600,6.7200,4.1500,8.4900,35.9800,0.0000,0.0000,0.0000,0.0000,0.0000,0.0000,0.0000,3.9300,0.0000,0.0000,0.0000,0.0000,0.0000,6.4000,0.0000,0.0000,0.0000,0.0000,8.8800,6.7100,6.8600,6.7800,4.7800,6.8100,0.0000,4.2500,16.3000,1.6400,4.9900,0.0000,0.0000,0.0000,0.0000,0.0000,0.0000,0.0000,0.0000,0.0000,0.0000,0.0000,0.0000,0.0000,0.0000,0.0000,0.0000,13.3800,0.0000,0.0000,4.2500,0.0000,5.5500,3.3300,0.0000,0.0000,0.0000,0.0000,0.0000,0.0000,0.0000,0.0000,0.0000,0.0000,0.0000,0.0000,0.0000,0.0000,0.0000,0.0000,0.0000,0.0000,0.0000,28.8800,0.0000,0.0000,0.0000,0.0000,0.0000,0.0000,0.0000,0.0000,0.0000,0.0000,0.0000,0.0000,0.0000,0.0000,0.0000,0.0000,0.0000,0.0000,0.0000,0.0000,0.0000,0.0000,0.0000,0.0000,0.0000,0.0000,0.0000,0.0000,4.8993,1036.1872,-341.58,0.00,12.9562,0.00,681.6510
74,BYPL,48DSBYPL2023/02/19,0.0000,0.0000,0.0000,0.0000,0.0000,0.0000,0.0000,0.0000,33.9400,0.0000,8.5379,29.0000,0.0000,0.0000,0.0000,0.0000,19.5100,41.8300,26.4400,0.0000,75.0000,0.0000,0.0000,0.0000,74.7100,0.0000,0.0000,0.0000,0.0000,0.0000,0.0000,0.0000,158.1500,0.0000,0.0000,5.0600,0.0000,28.4500,23.8700,264.8900,47.5500,5.2600,6.7200,3.9900,8.4900,35.9800,0.0000,0.0000,0.0000,0.0000,0.0000,0.0000,0.0000,3.9300,0.0000,0.0000,0.0000,0.0000,0.0000,6.4000,0.0000,0.0000,0.0000,0.0000,8.8800,6.7100,6.8600,6.7800,4.7800,6.8100,0.0000,4.2500,16.3000,1.6400,4.9900,0.0000,0.0000,0.0000,0.0000,0.0000,0.0000,0.0000,0.0000,0.0000,0.0000,0.0000,0.0000,0.0000,0.0000,0.0000,0.0000,9.8100,0.0000,0.0000,1.3900,0.0000,0.7500,0.0000,0.0000,0.0000,0.0000,0.0000,0.0000,0.0000,0.0000,0.0000,0.0000,0.0000,0.0000,0.0000,0.0000,0.0000,0.0000,0.0000,0.0000,0.0000,0.0000,24.3800,0.0000,0.0000,0.0000,0.0000,0.0000,0.0000,0.0000,0.0000,0.0000,0.0000,0.0000,0.0000,0.0000,0.0000,0.0000,0.0000,0.0000,0.0000,0.0000,0.0000,0.0000,0.0000,0.0000,0.0000,0.0000,0.0000,0.0000,0.0000,4.8993,1016.9372,-325.37,0.00,12.9297,0.00,678.6375
75,BYPL,48DSBYPL2023/02/19,0.0000,0.0000,0.0000,0.0000,0.0000,0.0000,0.0000,0.0000,33.9400,0.0000,8.5379,29.0000,0.0000,0.0000,0.0000,0.0000,19.5100,41.8300,26.4400,0.0000,75.0000,0.0000,0.0000,0.0000,74.7100,0.0000,0.0000,0.0000,0.0000,0.0000,0.0000,0.0000,158.1500,0.0000,0.0000,5.0600,0.0000,28.4500,23.8700,264.8900,47.5500,5.2600,6.7200,3.9900,8.4900,35.9800,0.0000,0.0000,0.0000,0.0000,0.0000,0.0000,0.0000,3.9300,0.0000,0.0000,0.0000,0.0000,0.0000,6.4000,0.0000,0.0000,0.0000,0.0000,8.8800,6.7100,6.8600,6.7800,4.7800,6.8100,0.0000,4.2500,8.7900,0.6900,4.9900,0.0000,0.0000,0.0000,0.0000,0.0000,0.0000,0.0000,0.0000,0.0000,0.0000,0.0000,0.0000,0.0000,0.0000,0.0000,0.0000,9.8100,0.0000,0.0000,0.1700,0.0000,0.0000,0.0000,0.0000,0.0000,0.0000,0.0000,0.0000,0.0000,0.0000,0.0000,0.0000,0.0000,0.0000,0.0000,0.0000,0.0000,0.0000,0.0000,0.0000,0.0000,0.0000,24.3200,0.0000,0.0000,0.0000,0.0000,0.0000,0.0000,0.0000,0.0000,0.0000,0.0000,0.0000,0.0000,0.0000,0.0000,0.0000,0.0000,0.0000,0.0000,0.0000,0.0000,0.0000,0.0000,0.0000,0.0000,0.0000,0.0000,0.0000,0.0000,4.8993,1006.4472,-325.37,0.00,12.8374,0.00,668.2398
76,BYPL,48DSBYPL2023/02/19,0.0000,0.0000,0.0000,0.0000,0.0000,0.0000,0.0000,0.0000,33.9400,0.0000,8.5379,29.0000,0.0000,0.0000,0.0000,0.0000,19.5100,41.8300,26.4400,0.0000,85.0000,0.0000,0.0000,0.0000,74.7100,0.0000,0.0000,0.0000,0.0000,0.0000,0.0000,0.0000,158.1500,0.0000,0.0000,5.0600,0.0000,28.4500,23.8700,264.8900,47.5500,5.2600,6.7200,3.9900,8.4900,35.9800,0.0000,0.0000,0.0000,0.0000,0.0000,0.0000,0.0000,3.9300,0.0000,0.0000,0.0000,0.0000,0.0000,6.4000,0.0000,0.0000,0.0000,0.0000,8.8800,6.7100,6.8600,6.7800,4.7800,6.7500,0.0000,4.2500,7.7300,0.6900,4.9900,0.0000,0.0000,0.0000,0.0000,0.0000,0.0000,0.0000,0.0000,0.0000,0.0000,0.0000,0.0000,0.0000,0.0000,0.0000,0.0000,9.8700,0.0000,0.0000,0.0000,0.0000,0.0000,0.0000,0.0000,0.0000,0.0000,0.0000,0.0000,0.0000,0.0000,0.0000,0.0000,0.0000,0.0000,0.0000,0.0000,0.0000,0.0000,0.0000,0.0000,0.0000,0.0000,24.0900,0.0000,0.0000,0.0000,0.0000,0.0000,0.0000,0.0000,0.0000,0.0000,0.0000,0.0000,0.0000,0.0000,0.0000,0.0000,0.0000,0.0000,0.0000,0.0000,0.0000,0.0000,0.0000,0.0000,0.0000,0.0000,0.0000,0.0000,0.0000,4.8993,1014.9872,-325.37,0.00,12.9126,0.00,676.7046
77,BYPL,48DSBYPL2023/02/19,0.0000,0.0000,0.0000,0.0000,0.0000,0.0000,0.0000,0.0000,33.9400,0.0000,8.5379,29.0000,0.0000,0.0000,0.0000,0.0000,19.5100,41.8300,17.8800,0.0000,85.0000,0.0000,0.0000,0.0000,74.7100,0.0000,0.0000,0.0000,0.0000,0.0000,0.0000,0.0000,158.1500,0.0000,0.0000,5.0600,0.0000,28.4500,23.8700,264.8900,47.5500,5.2600,6.7200,3.9900,8.4900,35.9800,0.0000,0.0000,0.0000,0.0000,0.0000,0.0000,0.0000,3.9300,0.0000,0.0000,0.0000,0.0000,0.0000,6.4000,0.0000,0.0000,0.0000,0.0000,8.8800,6.6000,6.8600,6.5100,4.7800,6.7500,0.0000,0.9400,7.7300,0.6900,3.1900,0.0000,0.0000,0.0000,0.0000,0.0000,0.0000,0.0000,0.0000,0.0000,0.0000,0.0000,0.0000,0.0000,0.0000,0.0000,0.0000,10.0400,0.0000,0.0000,0.0000,0.0000,0.0000,0.0000,0.0000,0.0000,0.0000,0.0000,0.0000,0.0000,0.0000,0.0000,0.0000,0.0000,0.0000,0.0000,0.0000,0.0000,0.0000,0.0000,0.0000,0.0000,0.0000,23.9200,0.0000,0.0000,0.0000,0.0000,0.0000,0.0000,0.0000,0.0000,0.0000,0.0000,0.0000,0.0000,0.0000,0.0000,0.0000,0.0000,0.0000,0.0000,0.0000,0.0000,0.0000,0.0000,0.0000,0.0000,0.0000,0.0000,0.0000,0.0000,4.8993,1000.9372,-330.18,0.00,12.7466,0.00,658.0106
78,BYPL,48DSBYPL2023/02/19,0.0000,0.0000,0.0000,0.0000,0.0000,0.0000,0.0000,0.0000,33.9400,0.0000,8.5379,29.0000,0.0000,0.0000,0.0000,0.0000,19.5100,41.8300,12.4400,0.0000,85.0000,0.0000,0.0000,0.0000,74.7100,0.0000,0.0000,0.0000,0.0000,0.0000,0.0000,0.0000,158.1500,0.0000,0.0000,5.0600,0.0000,28.4500,23.8700,264.8900,47.5500,5.2600,6.7200,3.9900,8.4900,35.9800,0.0000,0.0000,0.0000,0.0000,0.0000,0.0000,0.0000,3.9300,0.0000,0.0000,0.0000,0.0000,0.0000,6.4000,0.0000,0.0000,0.0000,0.0000,8.8800,6.6000,6.8600,6.5100,2.3900,6.7500,0.0000,0.0000,7.7300,0.6900,2.8100,0.0000,0.0000,0.0000,0.0000,0.0000,0.0000,0.0000,0.0000,0.0000,0.0000,0.0000,0.0000,0.0000,0.0000,0.0000,0.0000,10.0500,0.0000,0.0000,0.0000,0.0000,0.0000,0.0000,0.0000,0.0000,0.0000,0.0000,0.0000,0.0000,0.0000,0.0000,0.0000,0.0000,0.0000,0.0000,0.0000,0.0000,0.0000,0.0000,0.0000,0.0000,0.0000,23.8800,0.0000,0.0000,0.0000,0.0000,0.0000,0.0000,0.0000,0.0000,0.0000,0.0000,0.0000,0.0000,0.0000,0.0000,0.0000,0.0000,0.0000,0.0000,0.0000,0.0000,0.0000,0.0000,0.0000,0.0000,0.0000,0.0000,0.0000,0.0000,4.8993,991.7572,-334.98,0.00,12.6236,0.00,644.1536
79,BYPL,48DSBYPL2023/02/19,0.0000,0.0000,0.0000,0.0000,0.0000,0.0000,0.0000,0.0000,33.9400,0.0000,8.5379,29.0000,0.0000,0.0000,0.0000,0.0000,19.5100,41.8300,8.2900,0.0000,85.0000,0.0000,0.0000,0.0000,74.7100,0.0000,0.0000,0.0000,0.0000,0.0000,0.0000,0.0000,158.1500,0.0000,0.0000,5.0600,0.0000,28.4500,23.8700,264.8900,47.5500,5.2600,6.7200,3.9900,8.4900,35.9800,0.0000,0.0000,0.0000,0.0000,0.0000,0.0000,0.0000,3.9300,0.0000,0.0000,0.0000,0.0000,0.0000,6.4000,0.0000,0.0000,0.0000,0.0000,8.8800,6.6000,3.4100,3.2300,2.3900,6.7500,0.0000,0.0000,7.7300,0.6900,2.8100,0.0000,0.0000,0.0000,0.0000,0.0000,0.0000,0.0000,0.0000,0.0000,0.0000,0.0000,0.0000,0.0000,0.0000,0.0000,0.0000,10.1600,0.0000,0.0000,0.0000,0.0000,0.0000,0.0000,0.0000,0.0000,0.0000,0.0000,0.0000,0.0000,0.0000,0.0000,0.0000,0.0000,0.0000,0.0000,0.0000,0.0000,0.0000,0.0000,0.0000,0.0000,0.0000,23.8800,0.0000,0.0000,0.0000,0.0000,0.0000,0.0000,0.0000,0.0000,0.0000,0.0000,0.0000,0.0000,0.0000,0.0000,0.0000,0.0000,0.0000,0.0000,0.0000,0.0000,0.0000,0.0000,0.0000,0.0000,0.0000,0.0000,0.0000,0.0000,4.8993,980.9872,-325.37,0.00,12.6134,0.00,643.0038
80,BYPL,48DSBYPL2023/02/19,0.0000,0.0000,0.0000,0.0000,0.0000,0.0000,0.0000,0.0000,33.9400,0.0000,8.5379,29.0000,0.0000,0.0000,0.0000,0.0000,19.5100,41.8300,4.1500,0.0000,85.0000,0.0000,0.0000,0.0000,74.7100,0.0000,0.0000,0.0000,0.0000,0.0000,0.0000,0.0000,158.1500,0.0000,0.0000,5.0600,0.0000,28.4500,23.8700,264.8900,47.5500,5.2600,6.7200,3.9900,8.4900,35.9800,0.0000,0.0000,0.0000,0.0000,0.0000,0.0000,0.0000,3.9300,0.0000,0.0000,0.0000,0.0000,0.0000,6.4000,0.0000,0.0000,0.0000,0.0000,8.8800,6.6000,3.4100,3.2300,2.1200,6.7500,0.0000,0.0000,7.7300,0.6900,2.8100,0.0000,0.0000,0.0000,0.0000,0.0000,0.0000,0.0000,0.0000,0.0000,0.0000,0.0000,0.0000,0.0000,0.0000,0.0000,0.0000,10.3600,0.0000,0.0000,0.0000,0.0000,0.0000,0.0000,0.0000,0.0000,0.0000,0.0000,0.0000,0.0000,0.0000,0.0000,0.0000,0.0000,0.0000,0.0000,0.0000,0.0000,0.0000,0.0000,0.0000,0.0000,0.0000,24.1700,0.0000,0.0000,0.0000,0.0000,0.0000,0.0000,0.0000,0.0000,0.0000,0.0000,0.0000,0.0000,0.0000,0.0000,0.0000,0.0000,0.0000,0.0000,0.0000,0.0000,0.0000,0.0000,0.0000,0.0000,0.0000,0.0000,0.0000,0.0000,4.8993,977.0672,-339.78,0.00,12.4521,0.00,624.8351
81,BYPL,48DSBYPL2023/02/19,0.0000,0.0000,0.0000,0.0000,0.0000,0.0000,0.0000,0.0000,33.9400,0.0000,8.5379,29.0000,0.0000,0.0000,0.0000,0.0000,19.5100,41.8300,0.0000,0.0000,75.0000,0.0000,0.0000,0.0000,74.7100,0.0000,0.0000,0.0000,0.0000,0.0000,0.0000,0.0000,158.1500,0.0000,0.0000,5.0600,0.0000,28.4500,23.8700,264.8900,47.5500,5.2600,6.7200,3.9900,8.4900,35.9800,0.0000,0.0000,0.0000,0.0000,0.0000,0.0000,0.0000,3.9300,0.0000,0.0000,0.0000,0.0000,0.0000,6.4000,0.0000,0.0000,0.0000,0.0000,8.8800,6.6000,3.4100,2.8800,2.1200,4.5000,0.0000,0.0000,5.2400,1.9500,2.8100,0.0000,0.0000,0.0000,0.0000,0.0000,0.0000,0.0000,0.0000,0.0000,0.0000,0.0000,0.0000,0.0000,0.0000,0.0000,0.0000,8.3500,0.0000,0.0000,0.0000,0.0000,0.0000,0.0000,0.0000,0.0000,0.0000,0.0000,0.0000,0.0000,0.0000,0.0000,0.0000,0.0000,0.0000,0.0000,0.0000,0.0000,0.0000,0.0000,0.0000,0.0000,0.0000,24.5100,0.0000,0.0000,0.0000,0.0000,0.0000,0.0000,0.0000,0.0000,0.0000,0.0000,0.0000,0.0000,0.0000,0.0000,0.0000,0.0000,0.0000,0.0000,0.0000,0.0000,0.0000,0.0000,0.0000,0.0000,0.0000,0.0000,0.0000,0.0000,4.8993,957.4172,-342.66,0.00,12.2538,0.00,602.5034
82,BYPL,48DSBYPL2023/02/19,0.0000,0.0000,0.0000,0.0000,0.0000,0.0000,0.0000,0.0000,33.9400,0.0000,8.5379,29.0000,0.0000,0.0000,0.0000,0.0000,19.5100,41.8300,0.0000,0.0000,75.0000,0.0000,0.0000,0.0000,74.7100,0.0000,0.0000,0.0000,0.0000,0.0000,0.0000,0.0000,158.1500,0.0000,0.0000,5.0600,0.0000,28.4500,23.8700,264.8900,47.5500,5.2600,6.7200,3.9900,8.4900,35.9800,0.0000,0.0000,0.0000,0.0000,0.0000,0.0000,0.0000,3.9300,0.0000,0.0000,0.0000,0.0000,0.0000,6.4000,0.0000,0.0000,0.0000,0.0000,8.8800,6.6000,3.4100,2.8800,2.1200,2.2500,0.0000,0.0000,5.2400,1.9500,2.8100,0.0000,0.0000,0.0000,0.0000,0.0000,0.0000,0.0000,0.0000,0.0000,0.0000,0.0000,0.0000,0.0000,0.0000,0.0000,0.0000,8.4200,0.0000,0.0000,0.0000,0.0000,0.0000,0.0000,0.0000,0.0000,0.0000,0.0000,0.0000,0.0000,0.0000,0.0000,0.0000,0.0000,0.0000,0.0000,0.0000,0.0000,0.0000,0.0000,0.0000,0.0000,0.0000,25.2300,0.0000,0.0000,0.0000,0.0000,0.0000,0.0000,0.0000,0.0000,0.0000,0.0000,0.0000,0.0000,0.0000,0.0000,0.0000,0.0000,0.0000,0.0000,0.0000,0.0000,0.0000,0.0000,0.0000,0.0000,0.0000,0.0000,0.0000,0.0000,4.8993,955.9572,-351.31,0.00,12.1648,0.00,592.4824
83,BYPL,48DSBYPL2023/02/19,0.0000,0.0000,0.0000,0.0000,0.0000,0.0000,0.0000,0.0000,33.9400,0.0000,8.5379,29.0000,0.0000,0.0000,0.0000,0.0000,19.5100,41.8300,0.0000,0.0000,75.0000,0.0000,0.0000,0.0000,74.7100,0.0000,0.0000,0.0000,0.0000,0.0000,0.0000,0.0000,158.1500,0.0000,0.0000,5.0600,0.0000,28.4500,23.8700,264.8900,47.5500,5.2600,6.7200,3.9900,8.4900,35.9800,0.0000,0.0000,0.0000,0.0000,0.0000,0.0000,0.0000,3.9300,0.0000,0.0000,0.0000,0.0000,0.0000,6.4000,0.0000,0.0000,0.0000,0.0000,8.8800,6.6000,3.0000,2.8800,2.1200,2.2500,0.0000,0.0000,5.2400,0.6900,2.8100,0.0000,0.0000,0.0000,0.0000,0.0000,0.0000,0.0000,0.0000,0.0000,0.0000,0.0000,0.0000,0.0000,0.0000,0.0000,0.0000,8.6100,0.0000,0.0000,0.0000,0.0000,0.0000,0.0000,0.0000,0.0000,0.0000,0.0000,0.0000,0.0000,0.0000,0.0000,0.0000,0.0000,0.0000,0.0000,0.0000,0.0000,0.0000,0.0000,0.0000,0.0000,0.0000,25.5600,0.0000,0.0000,0.0000,0.0000,0.0000,0.0000,0.0000,0.0000,0.0000,0.0000,0.0000,0.0000,0.0000,0.0000,0.0000,0.0000,0.0000,0.0000,0.0000,0.0000,0.0000,0.0000,0.0000,0.0000,0.0000,0.0000,0.0000,0.0000,4.8993,954.8072,-363.79,0.00,12.0449,0.00,578.9723
84,BYPL,48DSBYPL2023/02/19,0.0000,0.0000,0.0000,0.0000,0.0000,0.0000,0.0000,0.0000,33.9400,0.0000,8.5379,29.0000,0.0000,0.0000,0.0000,0.0000,19.5100,41.8300,0.0000,0.0000,75.0000,0.0000,0.0000,0.0000,74.7100,0.0000,0.0000,0.0000,0.0000,0.0000,0.0000,0.0000,158.1500,0.0000,0.0000,5.0600,0.0000,28.4500,23.8700,264.8900,47.5500,5.2600,6.7200,3.9900,8.4900,35.9800,0.0000,0.0000,0.0000,0.0000,0.0000,0.0000,0.0000,3.9300,0.0000,0.0000,0.0000,0.0000,0.0000,6.4000,0.0000,0.0000,0.0000,0.0000,8.8800,6.6000,0.8800,2.8800,2.1200,2.2500,0.0000,0.0000,5.2400,0.6900,2.8100,0.0000,0.0000,0.0000,0.0000,0.0000,0.0000,0.0000,0.0000,0.0000,0.0000,0.0000,0.0000,0.0000,0.0000,0.0000,0.0000,8.7500,0.0000,0.0000,0.0000,0.0000,0.0000,0.0000,0.0000,0.0000,0.0000,0.0000,0.0000,0.0000,0.0000,0.0000,0.0000,0.0000,0.0000,0.0000,0.0000,0.0000,0.0000,0.0000,0.0000,0.0000,0.0000,25.7600,0.0000,0.0000,0.0000,0.0000,0.0000,0.0000,0.0000,0.0000,0.0000,0.0000,0.0000,0.0000,0.0000,0.0000,0.0000,0.0000,0.0000,0.0000,0.0000,0.0000,0.0000,0.0000,0.0000,0.0000,0.0000,0.0000,0.0000,0.0000,4.8993,953.0272,-372.43,0.00,11.9532,0.00,568.6440
85,BYPL,48DSBYPL2023/02/19,0.0000,0.0000,0.0000,0.0000,0.0000,0.0000,0.0000,0.0000,33.9400,0.0000,8.5379,29.0000,0.0000,0.0000,0.0000,0.0000,19.5100,43.5600,0.0000,0.0000,75.0000,0.0000,0.0000,0.0000,74.7100,0.0000,0.0000,0.0000,0.0000,0.0000,0.0000,0.0000,158.1500,0.0000,0.0000,5.0600,0.0000,28.4500,23.8700,264.8900,47.5500,5.2600,6.7200,4.6700,8.4900,35.9800,0.0000,0.0000,0.0000,0.0000,0.0000,0.0000,0.0000,3.9300,0.0000,0.0000,0.0000,0.0000,0.0000,6.4000,0.0000,0.0000,0.0000,0.0000,8.8800,6.6000,0.0000,6.5100,2.1200,0.3300,0.0000,0.0000,5.2400,0.6900,2.8100,0.0000,0.0000,0.0000,0.0000,0.0000,0.0000,0.0000,0.0000,0.0000,0.0000,0.0000,0.0000,0.0000,0.0000,0.0000,0.0000,8.9500,0.0000,0.0000,0.0000,0.0000,0.0000,0.0000,0.0000,0.0000,0.0000,0.0000,0.0000,0.0000,0.0000,0.0000,0.0000,0.0000,0.0000,0.0000,0.0000,0.0000,0.0000,0.0000,0.0000,0.0000,0.0000,26.1900,0.0000,0.0000,0.0000,0.0000,0.0000,0.0000,0.0000,0.0000,0.0000,0.0000,0.0000,0.0000,0.0000,0.0000,0.0000,0.0000,0.0000,0.0000,0.0000,0.0000,0.0000,0.0000,0.0000,0.0000,0.0000,0.0000,0.0000,0.0000,4.8993,956.8972,-379.21,0.00,11.9276,0.00,565.7596
86,BYPL,48DSBYPL2023/02/19,0.0000,0.0000,0.0000,0.0000,0.0000,0.0000,0.0000,0.0000,33.9400,0.0000,8.5379,29.0000,0.0000,0.0000,0.0000,0.0000,19.5100,41.8400,0.0000,0.0000,75.0000,0.0000,0.0000,0.0000,74.7100,0.0000,0.0000,0.0000,0.0000,0.0000,0.0000,0.0000,158.1500,0.0000,0.0000,5.0600,0.0000,28.4500,23.8700,264.8900,47.5500,5.2600,6.7200,4.6700,8.4900,35.9800,0.0000,0.0000,0.0000,0.0000,0.0000,0.0000,0.0000,3.9300,0.0000,0.0000,0.0000,0.0000,0.0000,6.4000,0.0000,0.0000,0.0000,0.0000,8.8800,6.6000,0.0000,6.5100,2.1200,0.0000,0.0000,0.0000,5.2400,0.6900,2.8100,0.0000,0.0000,0.0000,0.0000,0.0000,0.0000,0.0000,0.0000,0.0000,0.0000,0.0000,0.0000,0.0000,0.0000,0.0000,0.0000,9.2500,0.0000,0.0000,0.0000,0.0000,0.0000,0.0000,0.0000,0.0000,0.0000,0.0000,0.0000,0.0000,0.0000,0.0000,0.0000,0.0000,0.0000,0.0000,0.0000,0.0000,0.0000,0.0000,0.0000,0.0000,0.0000,26.6900,0.0000,0.0000,0.0000,0.0000,0.0000,0.0000,0.0000,0.0000,0.0000,0.0000,0.0000,0.0000,0.0000,0.0000,0.0000,0.0000,0.0000,0.0000,0.0000,0.0000,0.0000,0.0000,0.0000,0.0000,0.0000,0.0000,0.0000,0.0000,4.8993,955.6472,-387.85,0.00,11.8406,0.00,555.9566
87,BYPL,48DSBYPL2023/02/19,0.0000,0.0000,0.0000,0.0000,0.0000,0.0000,0.0000,0.0000,33.9400,0.0000,8.5379,29.0000,0.0000,0.0000,0.0000,0.0000,19.5100,41.8400,0.0000,0.0000,48.4339,0.0000,0.0000,0.0000,74.7100,0.0000,0.0000,0.0000,0.0000,0.0000,0.0000,0.0000,158.1500,0.0000,0.0000,5.0600,0.0000,28.4500,23.8700,264.8900,47.5500,5.2600,6.7200,4.6700,8.4900,35.9800,0.0000,0.0000,0.0000,0.0000,0.0000,0.0000,0.0000,3.9300,0.0000,0.0000,0.0000,0.0000,0.0000,6.4000,0.0000,0.0000,0.0000,0.0000,8.8800,6.6000,0.0000,6.5100,4.2500,0.0000,0.0000,0.0000,5.2400,0.6900,2.8100,0.0000,0.0000,0.0000,0.0000,0.0000,0.0000,0.0000,0.0000,0.0000,0.0000,0.0000,0.0000,0.0000,0.0000,0.0000,0.0000,6.8400,0.0000,0.0000,0.0000,0.0000,0.0000,0.0000,0.0000,0.0000,0.0000,0.0000,0.0000,0.0000,0.0000,0.0000,0.0000,0.0000,0.0000,0.0000,0.0000,0.0000,0.0000,0.0000,0.0000,0.0000,0.0000,27.2900,0.0000,0.0000,0.0000,0.0000,0.0000,0.0000,0.0000,0.0000,0.0000,0.0000,0.0000,0.0000,0.0000,0.0000,0.0000,0.0000,0.0000,0.0000,0.0000,0.0000,0.0000,0.0000,0.0000,0.0000,0.0000,0.0000,0.0000,0.0000,4.8993,929.4011,-386.13,0.00,11.7127,0.00,531.5584
88,BYPL,48DSBYPL2023/02/19,0.0000,0.0000,0.0000,0.0000,0.0000,0.0000,0.0000,0.0000,33.9400,0.0000,8.5379,29.0000,0.0000,0.0000,0.0000,0.0000,19.5100,41.8400,0.0000,0.0000,48.4339,0.0000,0.0000,0.0000,74.7100,0.0000,0.0000,0.0000,0.0000,0.0000,0.0000,0.0000,158.1500,0.0000,0.0000,5.0600,0.0000,28.4500,23.8700,264.8900,47.5500,5.2600,6.7200,4.6700,8.4900,35.9800,0.0000,0.0000,0.0000,0.0000,0.0000,0.0000,0.0000,3.9300,0.0000,0.0000,0.0000,0.0000,0.0000,6.4000,0.0000,0.0000,0.0000,0.0000,8.8800,6.6000,0.0000,6.5100,4.2500,0.0000,0.0000,0.0000,5.2400,0.6900,2.8100,0.0000,0.0000,0.0000,0.0000,0.0000,0.0000,0.0000,0.0000,0.0000,0.0000,0.0000,0.0000,0.0000,0.0000,0.0000,0.0000,7.1200,0.0000,0.0000,0.0000,0.0000,0.0000,0.0000,0.0000,0.0000,0.0000,0.0000,0.0000,0.0000,0.0000,0.0000,0.0000,0.0000,0.0000,0.0000,0.0000,0.0000,0.0000,0.0000,0.0000,0.0000,0.0000,27.9300,0.0000,0.0000,0.0000,0.0000,0.0000,0.0000,0.0000,0.0000,0.0000,0.0000,0.0000,0.0000,0.0000,0.0000,0.0000,0.0000,0.0000,0.0000,0.0000,0.0000,0.0000,0.0000,0.0000,0.0000,0.0000,0.0000,0.0000,0.0000,4.8993,930.3211,-406.13,0.00,11.8968,0.00,512.2943
89,BYPL,48DSBYPL2023/02/19,0.0000,0.0000,0.0000,0.0000,0.0000,0.0000,0.0000,0.0000,33.9400,0.0000,8.5379,29.0000,0.0000,0.0000,0.0000,0.0000,19.5100,41.8400,0.0000,0.0000,48.4339,0.0000,0.0000,0.0000,74.7100,0.0000,0.0000,0.0000,0.0000,0.0000,0.0000,0.0000,158.1500,0.0000,0.0000,5.0600,0.0000,28.4500,23.8700,264.8900,47.5500,5.2600,6.7200,4.6700,8.4900,34.5500,0.0000,0.0000,0.0000,0.0000,0.0000,0.0000,0.0000,3.9300,0.0000,0.0000,0.0000,0.0000,0.0000,6.4000,0.0000,0.0000,0.0000,0.0000,8.8800,6.7100,0.0000,6.5100,4.2500,0.0000,0.0000,0.0000,5.2400,0.6900,1.4000,0.0000,0.0000,0.0000,0.0000,0.0000,0.0000,0.0000,0.0000,0.0000,0.0000,0.0000,0.0000,0.0000,0.0000,0.0000,0.0000,7.5900,0.0000,0.0000,0.0000,0.0000,0.0000,0.0000,0.0000,0.0000,0.0000,0.0000,0.0000,0.0000,0.0000,0.0000,0.0000,0.0000,0.0000,0.0000,0.0000,0.0000,0.0000,0.0000,0.0000,0.0000,0.0000,32.5000,0.0000,0.0000,0.0000,0.0000,0.0000,0.0000,0.0000,0.0000,0.0000,0.0000,0.0000,0.0000,0.0000,0.0000,0.0000,0.0000,0.0000,0.0000,0.0000,0.0000,0.0000,0.0000,0.0000,0.0000,0.0000,0.0000,0.0000,0.0000,4.8993,932.6311,-433.41,0.00,12.0389,0.00,487.1822
90,BYPL,48DSBYPL2023/02/19,0.0000,0.0000,0.0000,0.0000,0.0000,0.0000,0.0000,0.0000,33.9400,0.0000,8.5379,29.0000,0.0000,0.0000,0.0000,0.0000,19.5100,40.2900,0.0000,0.0000,48.4339,0.0000,0.0000,0.0000,74.7100,0.0000,0.0000,0.0000,0.0000,0.0000,0.0000,0.0000,158.1500,0.0000,0.0000,5.0600,0.0000,28.4500,23.8700,264.8900,47.5500,5.2600,6.7200,4.6700,8.4900,34.5500,0.0000,0.0000,0.0000,0.0000,0.0000,0.0000,0.0000,3.9300,0.0000,0.0000,0.0000,0.0000,0.0000,6.4000,0.0000,0.0000,0.0000,0.0000,8.8800,6.7100,0.0000,6.5100,4.2500,0.0000,0.0000,0.0000,5.2400,0.6900,1.4000,0.0000,0.0000,0.0000,0.0000,0.0000,0.0000,0.0000,0.0000,0.0000,0.0000,0.0000,0.0000,0.0000,0.0000,0.0000,0.0000,7.9500,0.0000,0.0000,0.0000,0.0000,0.0000,0.0000,0.0000,0.0000,0.0000,0.0000,0.0000,0.0000,0.0000,0.0000,0.0000,0.0000,0.0000,0.0000,0.0000,0.0000,0.0000,0.0000,0.0000,0.0000,0.0000,32.4600,0.0000,0.0000,0.0000,0.0000,0.0000,0.0000,0.0000,0.0000,0.0000,0.0000,0.0000,0.0000,0.0000,0.0000,0.0000,0.0000,0.0000,0.0000,0.0000,0.0000,0.0000,0.0000,0.0000,0.0000,0.0000,0.0000,0.0000,0.0000,4.8993,931.4011,-447.41,0.00,12.1513,0.00,471.8398
91,BYPL,48DSBYPL2023/02/19,0.0000,0.0000,0.0000,0.0000,0.0000,0.0000,0.0000,0.0000,33.9400,0.0000,8.5379,29.0000,0.0000,0.0000,0.0000,0.0000,19.5100,39.7300,0.0000,0.0000,48.4339,0.0000,0.0000,0.0000,74.7100,0.0000,0.0000,0.0000,0.0000,0.0000,0.0000,0.0000,158.1500,0.0000,0.0000,5.0600,0.0000,28.4500,23.8700,264.8900,47.9000,5.2600,6.7200,4.6700,8.4900,34.5500,0.0000,0.0000,0.0000,0.0000,0.0000,0.0000,0.0000,3.9300,0.0000,0.0000,0.0000,0.0000,0.0000,6.4000,0.0000,0.0000,0.0000,0.0000,8.8800,6.7100,0.0000,2.9900,2.1200,0.0000,0.0000,0.0000,5.2400,0.0000,1.4000,0.0000,0.0000,0.0000,0.0000,0.0000,0.0000,0.0000,0.0000,0.0000,0.0000,0.0000,0.0000,0.0000,0.0000,0.0000,0.0000,10.8900,0.0000,0.0000,0.0000,0.0000,0.0000,0.0000,0.0000,0.0000,0.0000,0.0000,0.0000,0.0000,0.0000,0.0000,0.0000,0.0000,0.0000,0.0000,0.0000,0.0000,0.0000,0.0000,0.0000,0.0000,0.0000,32.3700,0.0000,0.0000,0.0000,0.0000,0.0000,0.0000,0.0000,0.0000,0.0000,0.0000,0.0000,0.0000,0.0000,0.0000,0.0000,0.0000,0.0000,0.0000,0.0000,0.0000,0.0000,0.0000,0.0000,0.0000,0.0000,0.0000,0.0000,0.0000,4.8993,927.7011,-456.96,0.00,12.4395,0.00,458.3016
92,BYPL,48DSBYPL2023/02/19,0.0000,0.0000,0.0000,0.0000,0.0000,0.0000,0.0000,0.0000,33.9400,0.0000,8.5379,29.0000,0.0000,0.0000,0.0000,0.0000,19.5100,41.8400,0.0000,0.0000,48.4339,0.0000,0.0000,0.0000,74.7100,0.0000,0.0000,0.0000,0.0000,0.0000,0.0000,0.0000,158.1500,0.0000,0.0000,5.0600,0.0000,28.4500,23.8700,264.8900,47.9000,5.2600,6.7200,4.6700,8.4900,34.5500,0.0000,0.0000,0.0000,0.0000,0.0000,0.0000,0.0000,3.5900,0.0000,0.0000,0.0000,0.0000,0.0000,6.4000,0.0000,0.0000,0.0000,0.0000,8.8800,6.7100,0.0000,2.9900,2.1200,0.0000,0.0000,0.0000,5.2400,0.0000,1.4000,0.0000,0.0000,0.0000,0.0000,0.0000,0.0000,0.0000,0.0000,0.0000,0.0000,0.0000,0.0000,0.0000,0.0000,0.0000,0.0000,11.1800,0.0000,0.0000,0.0000,0.0000,0.0000,0.0000,0.0000,0.0000,0.0000,0.0000,0.0000,0.0000,0.0000,0.0000,0.0000,0.0000,0.0000,0.0000,0.0000,0.0000,0.0000,0.0000,0.0000,0.0000,0.0000,32.2800,0.0000,0.0000,0.0000,0.0000,0.0000,0.0000,0.0000,0.0000,0.0000,0.0000,0.0000,0.0000,0.0000,0.0000,0.0000,0.0000,0.0000,0.0000,0.0000,0.0000,0.0000,0.0000,0.0000,0.0000,0.0000,0.0000,0.0000,0.0000,3.7328,928.5046,-469.85,0.00,12.5092,0.00,446.1454
93,BYPL,48DSBYPL2023/02/19,0.0000,0.0000,0.0000,0.0000,0.0000,0.0000,0.0000,0.0000,33.9400,0.0000,8.5379,29.0000,0.0000,0.0000,0.0000,0.0000,19.5100,43.5600,0.0000,0.0000,47.3932,0.0000,0.0000,0.0000,74.7100,0.0000,0.0000,0.0000,0.0000,0.0000,0.0000,0.0000,158.1500,0.0000,0.0000,5.0600,0.0000,28.4500,23.8700,264.8900,47.9000,5.2600,6.7200,4.6700,8.4900,34.5500,0.0000,0.0000,0.0000,0.0000,0.0000,0.0000,0.0000,3.5900,0.0000,0.0000,0.0000,0.0000,0.0000,6.4000,0.0000,0.0000,0.0000,0.0000,8.8800,6.7100,0.0000,2.9900,2.1200,0.0000,0.0000,0.0000,5.2400,0.6900,1.4000,0.0000,0.0000,0.0000,0.0000,0.0000,0.0000,0.0000,0.0000,0.0000,0.0000,0.0000,0.0000,0.0000,0.0000,0.0000,0.0000,11.3500,0.0000,0.0000,0.0000,0.0000,0.0000,0.0000,0.0000,0.0000,0.0000,0.0000,0.0000,0.0000,0.0000,0.0000,0.0000,0.0000,0.0000,0.0000,0.0000,0.0000,0.0000,0.0000,0.0000,0.0000,0.0000,31.9500,0.0000,0.0000,0.0000,0.0000,0.0000,0.0000,0.0000,0.0000,0.0000,0.0000,0.0000,0.0000,0.0000,0.0000,0.0000,0.0000,0.0000,0.0000,0.0000,0.0000,0.0000,0.0000,0.0000,0.0000,0.0000,0.0000,0.0000,0.0000,3.7328,929.7139,-481.96,0.00,12.6772,0.00,435.0767
94,BYPL,48DSBYPL2023/02/19,0.0000,0.0000,0.0000,0.0000,0.0000,0.0000,0.0000,0.0000,33.9400,0.0000,8.5379,29.0000,0.0000,0.0000,0.0000,0.0000,19.5100,41.8400,0.0000,0.0000,47.3932,0.0000,0.0000,0.0000,74.7100,0.0000,0.0000,0.0000,0.0000,0.0000,0.0000,0.0000,158.1500,0.0000,0.0000,5.0600,0.0000,28.4500,23.8700,264.8900,47.9000,5.2600,6.7200,4.6700,8.4900,34.5500,0.0000,0.0000,0.0000,0.0000,0.0000,0.0000,0.0000,3.5900,0.0000,0.0000,0.0000,0.0000,0.0000,6.4000,0.0000,0.0000,0.0000,0.0000,8.8800,6.7100,0.0000,2.9900,2.1200,0.0000,0.0000,0.0000,5.2400,0.6900,1.4000,0.0000,0.0000,0.0000,0.0000,0.0000,0.0000,0.0000,0.0000,0.0000,0.0000,0.0000,0.0000,0.0000,0.0000,0.0000,0.0000,11.4300,0.0000,0.0000,0.0000,0.0000,0.0000,0.0000,0.0000,0.0000,0.0000,0.0000,0.0000,0.0000,0.0000,0.0000,0.0000,0.0000,0.0000,0.0000,0.0000,0.0000,0.0000,0.0000,0.0000,0.0000,0.0000,41.8400,0.0000,0.0000,0.0000,0.0000,0.0000,0.0000,0.0000,0.0000,0.0000,0.0000,0.0000,0.0000,0.0000,0.0000,0.0000,0.0000,0.0000,0.0000,0.0000,0.0000,0.0000,0.0000,0.0000,0.0000,0.0000,0.0000,0.0000,0.0000,3.7328,937.9639,-496.96,0.00,12.8818,0.00,428.1221
95,BYPL,48DSBYPL2023/02/19,0.0000,0.0000,0.0000,0.0000,0.0000,0.0000,0.0000,0.0000,33.9400,0.0000,8.5379,29.0000,0.0000,0.0000,0.0000,0.0000,19.5100,41.8400,0.0000,0.0000,47.3932,0.0000,0.0000,0.0000,74.7100,0.0000,0.0000,0.0000,0.0000,0.0000,0.0000,0.0000,158.1500,0.0000,0.0000,5.0600,0.0000,28.4500,23.8700,264.8900,47.9000,5.2600,6.7200,4.6700,8.4900,34.8000,0.0000,0.0000,0.0000,0.0000,0.0000,0.0000,0.0000,3.5900,0.0000,0.0000,0.0000,0.0000,0.0000,6.4000,0.0000,0.0000,0.0000,0.0000,8.8800,6.7100,0.0000,0.0000,2.1200,0.0000,0.0000,0.0000,5.2400,0.6900,2.9100,0.0000,0.0000,0.0000,0.0000,0.0000,0.0000,0.0000,0.0000,0.0000,0.0000,0.0000,0.0000,0.0000,0.0000,0.0000,0.0000,11.4800,0.0000,0.0000,0.0000,0.0000,0.0000,0.0000,0.0000,0.0000,0.0000,0.0000,0.0000,0.0000,0.0000,0.0000,0.0000,0.0000,0.0000,0.0000,0.0000,0.0000,0.0000,0.0000,0.0000,0.0000,0.0000,41.2100,0.0000,0.0000,0.0000,0.0000,0.0000,0.0000,0.0000,0.0000,0.0000,0.0000,0.0000,0.0000,0.0000,0.0000,0.0000,0.0000,0.0000,0.0000,0.0000,0.0000,0.0000,0.0000,0.0000,0.0000,0.0000,0.0000,0.0000,0.0000,3.7328,936.1539,-508.13,0.00,13.0316,0.00,414.9923
96,BYPL,48DSBYPL2023/02/19,0.0000,0.0000,0.0000,0.0000,0.0000,0.0000,0.0000,0.0000,33.9400,0.0000,8.5379,29.0000,0.0000,0.0000,0.0000,0.0000,19.5100,41.8400,0.0000,0.0000,47.3932,0.0000,0.0000,0.0000,74.7100,0.0000,0.0000,0.0000,0.0000,0.0000,0.0000,0.0000,158.1500,0.0000,0.0000,5.0600,0.0000,28.4500,23.8700,264.8900,47.9000,5.2600,6.7200,4.6700,8.4900,34.8000,0.0000,0.0000,0.0000,0.0000,0.0000,0.0000,0.0000,3.5900,0.0000,0.0000,0.0000,0.0000,0.0000,6.4000,0.0000,0.0000,0.0000,0.0000,8.8800,6.7100,0.0000,0.0000,0.0000,0.0000,0.0000,0.0000,5.2400,0.6900,2.9100,0.0000,0.0000,0.0000,0.0000,0.0000,0.0000,0.0000,0.0000,0.0000,0.0000,0.0000,0.0000,0.0000,0.0000,0.0000,0.0000,11.5000,0.0000,0.0000,0.0000,0.0000,0.0000,0.0000,0.0000,0.0000,0.0000,0.0000,0.0000,0.0000,0.0000,0.0000,0.0000,0.0000,0.0000,0.0000,0.0000,0.0000,0.0000,0.0000,0.0000,0.0000,0.0000,40.0800,0.0000,0.0000,0.0000,0.0000,0.0000,0.0000,0.0000,0.0000,0.0000,0.0000,0.0000,0.0000,0.0000,0.0000,0.0000,0.0000,0.0000,0.0000,0.0000,0.0000,0.0000,0.0000,0.0000,0.0000,0.0000,0.0000,0.0000,0.0000,3.7328,932.9239,-513.12,0.00,13.0473,0.00,406.7566
,,,,,,,,,,,,,,,,,,,,,,,,,,,,,,,,,,,,,,,,,,,,,,,,,,,,,,,,,,,,,,,,,,,,,,,,,,,,,,,,,,,,,,,,,,,,,,,,,,,,,,,,,,,,,,,,,,,,,,,,,,,,,,,,,,,,,,,,,,,,,,,,,,,,,,919.8672,-528.53,0.00,13.2368,0.00,378.1004
,,,,,,,,,,,,,,,,,,,,,,,,,,,,,,,,,,,,,,,,,,,,,,,,,,,,,,,,,,,,,,,,,,,,,,,,,,,,,,,,,,,,,,,,,,,,,,,,,,,,,,,,,,,,,,,,,,,,,,,,,,,,,,,,,,,,,,,,,,,,,,,,,,,,,,919.2272,-540.45,0.00,13.3022,0.00,365.4750
,,,,,,,,,,,,,,,,,,,,,,,,,,,,,,,,,,,,,,,,,,,,,,,,,,,,,,,,,,,,,,,,,,,,,,,,,,,,,,,,,,,,,,,,,,,,,,,,,,,,,,,,,,,,,,,,,,,,,,,,,,,,,,,,,,,,,,,,,,,,,,,,,,,,,,918.1672,-558.33,0.00,13.3996,0.00,346.4376
,,,,,,,,,,,,,,,,,,,,,,,,,,,,,,,,,,,,,,,,,,,,,,,,,,,,,,,,,,,,,,,,,,,,,,,,,,,,,,,,,,,,,,,,,,,,,,,,,,,,,,,,,,,,,,,,,,,,,,,,,,,,,,,,,,,,,,,,,,,,,,,,,,,,,,917.2072,-568.33,0.00,13.4791,0.00,335.3981
,,,,,,,,,,,,,,,,,,,,,,,,,,,,,,,,,,,,,,,,,,,,,,,,,,,,,,,,,,,,,,,,,,,,,,,,,,,,,,,,,,,,,,,,,,,,,,,,,,,,,,,,,,,,,,,,,,,,,,,,,,,,,,,,,,,,,,,,,,,,,,,,,,,,,,914.2572,-576.41,0.00,13.5580,0.00,324.2892
,,,,,,,,,,,,,,,,,,,,,,,,,,,,,,,,,,,,,,,,,,,,,,,,,,,,,,,,,,,,,,,,,,,,,,,,,,,,,,,,,,,,,,,,,,,,,,,,,,,,,,,,,,,,,,,,,,,,,,,,,,,,,,,,,,,,,,,,,,,,,,,,,,,,,,914.2472,-583.33,0.00,13.5851,0.00,317.3321
,,,,,,,,,,,,,,,,,,,,,,,,,,,,,,,,,,,,,,,,,,,,,,,,,,,,,,,,,,,,,,,,,,,,,,,,,,,,,,,,,,,,,,,,,,,,,,,,,,,,,,,,,,,,,,,,,,,,,,,,,,,,,,,,,,,,,,,,,,,,,,,,,,,,,,905.4116,-587.00,0.00,13.8270,0.00,304.5846
,,,,,,,,,,,,,,,,,,,,,,,,,,,,,,,,,,,,,,,,,,,,,,,,,,,,,,,,,,,,,,,,,,,,,,,,,,,,,,,,,,,,,,,,,,,,,,,,,,,,,,,,,,,,,,,,,,,,,,,,,,,,,,,,,,,,,,,,,,,,,,,,,,,,,,905.4016,-591.42,0.00,13.1896,0.00,300.7920
,,,,,,,,,,,,,,,,,,,,,,,,,,,,,,,,,,,,,,,,,,,,,,,,,,,,,,,,,,,,,,,,,,,,,,,,,,,,,,,,,,,,,,,,,,,,,,,,,,,,,,,,,,,,,,,,,,,,,,,,,,,,,,,,,,,,,,,,,,,,,,,,,,,,,,904.9116,-589.42,0.00,13.1677,0.00,302.3239
,,,,,,,,,,,,,,,,,,,,,,,,,,,,,,,,,,,,,,,,,,,,,,,,,,,,,,,,,,,,,,,,,,,,,,,,,,,,,,,,,,,,,,,,,,,,,,,,,,,,,,,,,,,,,,,,,,,,,,,,,,,,,,,,,,,,,,,,,,,,,,,,,,,,,,904.9416,-595.42,0.00,13.2208,0.00,296.3008
,,,,,,,,,,,,,,,,,,,,,,,,,,,,,,,,,,,,,,,,,,,,,,,,,,,,,,,,,,,,,,,,,,,,,,,,,,,,,,,,,,,,,,,,,,,,,,,,,,,,,,,,,,,,,,,,,,,,,,,,,,,,,,,,,,,,,,,,,,,,,,,,,,,,,,904.8746,-600.42,0.00,13.2642,0.00,291.1904
,,,,,,,,,,,,,,,,,,,,,,,,,,,,,,,,,,,,,,,,,,,,,,,,,,,,,,,,,,,,,,,,,,,,,,,,,,,,,,,,,,,,,,,,,,,,,,,,,,,,,,,,,,,,,,,,,,,,,,,,,,,,,,,,,,,,,,,,,,,,,,,,,,,,,,904.6546,-604.42,0.00,13.2975,0.00,286.9371
,,,,,,,,,,,,,,,,,,,,,,,,,,,,,,,,,,,,,,,,,,,,,,,,,,,,,,,,,,,,,,,,,,,,,,,,,,,,,,,,,,,,,,,,,,,,,,,,,,,,,,,,,,,,,,,,,,,,,,,,,,,,,,,,,,,,,,,,,,,,,,,,,,,,,,909.8016,-610.42,0.00,13.3956,0.00,285.9860
,,,,,,,,,,,,,,,,,,,,,,,,,,,,,,,,,,,,,,,,,,,,,,,,,,,,,,,,,,,,,,,,,,,,,,,,,,,,,,,,,,,,,,,,,,,,,,,,,,,,,,,,,,,,,,,,,,,,,,,,,,,,,,,,,,,,,,,,,,,,,,,,,,,,,,918.2316,-611.42,0.00,13.4785,0.00,293.3331
,,,,,,,,,,,,,,,,,,,,,,,,,,,,,,,,,,,,,,,,,,,,,,,,,,,,,,,,,,,,,,,,,,,,,,,,,,,,,,,,,,,,,,,,,,,,,,,,,,,,,,,,,,,,,,,,,,,,,,,,,,,,,,,,,,,,,,,,,,,,,,,,,,,,,,918.0016,-625.42,0.00,13.5997,0.00,278.9819
,,,,,,,,,,,,,,,,,,,,,,,,,,,,,,,,,,,,,,,,,,,,,,,,,,,,,,,,,,,,,,,,,,,,,,,,,,,,,,,,,,,,,,,,,,,,,,,,,,,,,,,,,,,,,,,,,,,,,,,,,,,,,,,,,,,,,,,,,,,,,,,,,,,,,,918.0016,-626.42,0.00,13.6085,0.00,277.9731
,,,,,,,,,,,,,,,,,,,,,,,,,,,,,,,,,,,,,,,,,,,,,,,,,,,,,,,,,,,,,,,,,,,,,,,,,,,,,,,,,,,,,,,,,,,,,,,,,,,,,,,,,,,,,,,,,,,,,,,,,,,,,,,,,,,,,,,,,,,,,,,,,,,,,,914.2416,-617.96,0.00,14.1603,0.00,282.1213
,,,,,,,,,,,,,,,,,,,,,,,,,,,,,,,,,,,,,,,,,,,,,,,,,,,,,,,,,,,,,,,,,,,,,,,,,,,,,,,,,,,,,,,,,,,,,,,,,,,,,,,,,,,,,,,,,,,,,,,,,,,,,,,,,,,,,,,,,,,,,,,,,,,,,,910.6316,-606.44,0.00,14.2299,0.00,289.9617
,,,,,,,,,,,,,,,,,,,,,,,,,,,,,,,,,,,,,,,,,,,,,,,,,,,,,,,,,,,,,,,,,,,,,,,,,,,,,,,,,,,,,,,,,,,,,,,,,,,,,,,,,,,,,,,,,,,,,,,,,,,,,,,,,,,,,,,,,,,,,,,,,,,,,,921.8172,-604.12,0.00,14.1727,0.00,303.5245
,,,,,,,,,,,,,,,,,,,,,,,,,,,,,,,,,,,,,,,,,,,,,,,,,,,,,,,,,,,,,,,,,,,,,,,,,,,,,,,,,,,,,,,,,,,,,,,,,,,,,,,,,,,,,,,,,,,,,,,,,,,,,,,,,,,,,,,,,,,,,,,,,,,,,,921.2772,-591.04,0.00,14.0191,0.00,316.2181
,,,,,,,,,,,,,,,,,,,,,,,,,,,,,,,,,,,,,,,,,,,,,,,,,,,,,,,,,,,,,,,,,,,,,,,,,,,,,,,,,,,,,,,,,,,,,,,,,,,,,,,,,,,,,,,,,,,,,,,,,,,,,,,,,,,,,,,,,,,,,,,,,,,,,,954.3438,-605.81,0.00,13.9161,0.00,334.6177
,,,,,,,,,,,,,,,,,,,,,,,,,,,,,,,,,,,,,,,,,,,,,,,,,,,,,,,,,,,,,,,,,,,,,,,,,,,,,,,,,,,,,,,,,,,,,,,,,,,,,,,,,,,,,,,,,,,,,,,,,,,,,,,,,,,,,,,,,,,,,,,,,,,,,,956.9938,-589.85,0.00,13.8159,0.00,353.3279
,,,,,,,,,,,,,,,,,,,,,,,,,,,,,,,,,,,,,,,,,,,,,,,,,,,,,,,,,,,,,,,,,,,,,,,,,,,,,,,,,,,,,,,,,,,,,,,,,,,,,,,,,,,,,,,,,,,,,,,,,,,,,,,,,,,,,,,,,,,,,,,,,,,,,,966.0338,-575.42,0.00,13.5824,0.00,377.0314
,,,,,,,,,,,,,,,,,,,,,,,,,,,,,,,,,,,,,,,,,,,,,,,,,,,,,,,,,,,,,,,,,,,,,,,,,,,,,,,,,,,,,,,,,,,,,,,,,,,,,,,,,,,,,,,,,,,,,,,,,,,,,,,,,,,,,,,,,,,,,,,,,,,,,,972.3338,-555.42,0.00,13.4618,0.00,403.4520
,,,,,,,,,,,,,,,,,,,,,,,,,,,,,,,,,,,,,,,,,,,,,,,,,,,,,,,,,,,,,,,,,,,,,,,,,,,,,,,,,,,,,,,,,,,,,,,,,,,,,,,,,,,,,,,,,,,,,,,,,,,,,,,,,,,,,,,,,,,,,,,,,,,,,,973.9438,-534.15,0.00,13.2888,0.00,426.5050
,,,,,,,,,,,,,,,,,,,,,,,,,,,,,,,,,,,,,,,,,,,,,,,,,,,,,,,,,,,,,,,,,,,,,,,,,,,,,,,,,,,,,,,,,,,,,,,,,,,,,,,,,,,,,,,,,,,,,,,,,,,,,,,,,,,,,,,,,,,,,,,,,,,,,,982.5938,-514.15,0.00,13.1889,0.00,455.2549
,,,,,,,,,,,,,,,,,,,,,,,,,,,,,,,,,,,,,,,,,,,,,,,,,,,,,,,,,,,,,,,,,,,,,,,,,,,,,,,,,,,,,,,,,,,,,,,,,,,,,,,,,,,,,,,,,,,,,,,,,,,,,,,,,,,,,,,,,,,,,,,,,,,,,,989.0238,-489.15,0.00,13.0255,0.00,486.8483
,,,,,,,,,,,,,,,,,,,,,,,,,,,,,,,,,,,,,,,,,,,,,,,,,,,,,,,,,,,,,,,,,,,,,,,,,,,,,,,,,,,,,,,,,,,,,,,,,,,,,,,,,,,,,,,,,,,,,,,,,,,,,,,,,,,,,,,,,,,,,,,,,,,,,,993.3538,-459.15,0.00,12.7996,0.00,521.4042
,,,,,,,,,,,,,,,,,,,,,,,,,,,,,,,,,,,,,,,,,,,,,,,,,,,,,,,,,,,,,,,,,,,,,,,,,,,,,,,,,,,,,,,,,,,,,,,,,,,,,,,,,,,,,,,,,,,,,,,,,,,,,,,,,,,,,,,,,,,,,,,,,,,,,,993.2538,-419.15,0.00,12.4468,0.00,561.6570
,,,,,,,,,,,,,,,,,,,,,,,,,,,,,,,,,,,,,,,,,,,,,,,,,,,,,,,,,,,,,,,,,,,,,,,,,,,,,,,,,,,,,,,,,,,,,,,,,,,,,,,,,,,,,,,,,,,,,,,,,,,,,,,,,,,,,,,,,,,,,,,,,,,,,,1011.4977,-393.53,0.00,12.2608,0.00,605.7069
,,,,,,,,,,,,,,,,,,,,,,,,,,,,,,,,,,,,,,,,,,,,,,,,,,,,,,,,,,,,,,,,,,,,,,,,,,,,,,,,,,,,,,,,,,,,,,,,,,,,,,,,,,,,,,,,,,,,,,,,,,,,,,,,,,,,,,,,,,,,,,,,,,,,,,1015.0647,-360.90,0.00,12.0154,0.00,642.1493
,,,,,,,,,,,,,,,,,,,,,,,,,,,,,,,,,,,,,,,,,,,,,,,,,,,,,,,,,,,,,,,,,,,,,,,,,,,,,,,,,,,,,,,,,,,,,,,,,,,,,,,,,,,,,,,,,,,,,,,,,,,,,,,,,,,,,,,,,,,,,,,,,,,,,,1025.4445,-343.55,0.00,11.9928,0.00,669.9017
,,,,,,,,,,,,,,,,,,,,,,,,,,,,,,,,,,,,,,,,,,,,,,,,,,,,,,,,,,,,,,,,,,,,,,,,,,,,,,,,,,,,,,,,,,,,,,,,,,,,,,,,,,,,,,,,,,,,,,,,,,,,,,,,,,,,,,,,,,,,,,,,,,,,,,1005.9581,-302.17,0.00,11.7194,0.00,692.0687
,,,,,,,,,,,,,,,,,,,,,,,,,,,,,,,,,,,,,,,,,,,,,,,,,,,,,,,,,,,,,,,,,,,,,,,,,,,,,,,,,,,,,,,,,,,,,,,,,,,,,,,,,,,,,,,,,,,,,,,,,,,,,,,,,,,,,,,,,,,,,,,,,,,,,,1021.1981,-307.47,0.00,11.9694,0.00,701.7587
,,,,,,,,,,,,,,,,,,,,,,,,,,,,,,,,,,,,,,,,,,,,,,,,,,,,,,,,,,,,,,,,,,,,,,,,,,,,,,,,,,,,,,,,,,,,,,,,,,,,,,,,,,,,,,,,,,,,,,,,,,,,,,,,,,,,,,,,,,,,,,,,,,,,,,1037.3881,-316.15,0.00,12.1959,0.00,709.0422
,,,,,,,,,,,,,,,,,,,,,,,,,,,,,,,,,,,,,,,,,,,,,,,,,,,,,,,,,,,,,,,,,,,,,,,,,,,,,,,,,,,,,,,,,,,,,,,,,,,,,,,,,,,,,,,,,,,,,,,,,,,,,,,,,,,,,,,,,,,,,,,,,,,,,,1050.7377,-315.27,0.00,12.3912,0.00,723.0765
,,,,,,,,,,,,,,,,,,,,,,,,,,,,,,,,,,,,,,,,,,,,,,,,,,,,,,,,,,,,,,,,,,,,,,,,,,,,,,,,,,,,,,,,,,,,,,,,,,,,,,,,,,,,,,,,,,,,,,,,,,,,,,,,,,,,,,,,,,,,,,,,,,,,,,1072.6277,-322.27,0.00,12.6853,0.00,737.6724
,,,,,,,,,,,,,,,,,,,,,,,,,,,,,,,,,,,,,,,,,,,,,,,,,,,,,,,,,,,,,,,,,,,,,,,,,,,,,,,,,,,,,,,,,,,,,,,,,,,,,,,,,,,,,,,,,,,,,,,,,,,,,,,,,,,,,,,,,,,,,,,,,,,,,,1078.3877,-311.87,0.00,12.7265,0.00,753.7912
,,,,,,,,,,,,,,,,,,,,,,,,,,,,,,,,,,,,,,,,,,,,,,,,,,,,,,,,,,,,,,,,,,,,,,,,,,,,,,,,,,,,,,,,,,,,,,,,,,,,,,,,,,,,,,,,,,,,,,,,,,,,,,,,,,,,,,,,,,,,,,,,,,,,,,1081.4774,-308.07,0.00,12.6881,0.00,760.7193
,,,,,,,,,,,,,,,,,,,,,,,,,,,,,,,,,,,,,,,,,,,,,,,,,,,,,,,,,,,,,,,,,,,,,,,,,,,,,,,,,,,,,,,,,,,,,,,,,,,,,,,,,,,,,,,,,,,,,,,,,,,,,,,,,,,,,,,,,,,,,,,,,,,,,,1088.0174,-296.47,0.00,12.7492,0.00,778.7982
,,,,,,,,,,,,,,,,,,,,,,,,,,,,,,,,,,,,,,,,,,,,,,,,,,,,,,,,,,,,,,,,,,,,,,,,,,,,,,,,,,,,,,,,,,,,,,,,,,,,,,,,,,,,,,,,,,,,,,,,,,,,,,,,,,,,,,,,,,,,,,,,,,,,,,1086.7374,-285.47,0.00,12.7382,0.00,788.5292
,,,,,,,,,,,,,,,,,,,,,,,,,,,,,,,,,,,,,,,,,,,,,,,,,,,,,,,,,,,,,,,,,,,,,,,,,,,,,,,,,,,,,,,,,,,,,,,,,,,,,,,,,,,,,,,,,,,,,,,,,,,,,,,,,,,,,,,,,,,,,,,,,,,,,,1088.0177,-271.87,-2.96,12.6861,0.00,800.5016
,,,,,,,,,,,,,,,,,,,,,,,,,,,,,,,,,,,,,,,,,,,,,,,,,,,,,,,,,,,,,,,,,,,,,,,,,,,,,,,,,,,,,,,,,,,,,,,,,,,,,,,,,,,,,,,,,,,,,,,,,,,,,,,,,,,,,,,,,,,,,,,,,,,,,,1076.4077,-262.47,0.00,12.7470,0.00,801.1907
,,,,,,,,,,,,,,,,,,,,,,,,,,,,,,,,,,,,,,,,,,,,,,,,,,,,,,,,,,,,,,,,,,,,,,,,,,,,,,,,,,,,,,,,,,,,,,,,,,,,,,,,,,,,,,,,,,,,,,,,,,,,,,,,,,,,,,,,,,,,,,,,,,,,,,1080.1877,-261.27,0.00,12.7844,0.00,806.1333
,,,,,,,,,,,,,,,,,,,,,,,,,,,,,,,,,,,,,,,,,,,,,,,,,,,,,,,,,,,,,,,,,,,,,,,,,,,,,,,,,,,,,,,,,,,,,,,,,,,,,,,,,,,,,,,,,,,,,,,,,,,,,,,,,,,,,,,,,,,,,,,,,,,,,,1078.6310,-264.26,0.00,13.2661,0.00,801.1049
,,,,,,,,,,,,,,,,,,,,,,,,,,,,,,,,,,,,,,,,,,,,,,,,,,,,,,,,,,,,,,,,,,,,,,,,,,,,,,,,,,,,,,,,,,,,,,,,,,,,,,,,,,,,,,,,,,,,,,,,,,,,,,,,,,,,,,,,,,,,,,,,,,,,,,1079.9910,-270.96,0.00,13.3889,0.00,795.6421
,,,,,,,,,,,,,,,,,,,,,,,,,,,,,,,,,,,,,,,,,,,,,,,,,,,,,,,,,,,,,,,,,,,,,,,,,,,,,,,,,,,,,,,,,,,,,,,,,,,,,,,,,,,,,,,,,,,,,,,,,,,,,,,,,,,,,,,,,,,,,,,,,,,,,,1085.7839,-284.16,0.00,13.3189,0.00,788.3050
,,,,,,,,,,,,,,,,,,,,,,,,,,,,,,,,,,,,,,,,,,,,,,,,,,,,,,,,,,,,,,,,,,,,,,,,,,,,,,,,,,,,,,,,,,,,,,,,,,,,,,,,,,,,,,,,,,,,,,,,,,,,,,,,,,,,,,,,,,,,,,,,,,,,,,1085.5439,-288.86,0.00,13.3600,0.00,783.3239
,,,,,,,,,,,,,,,,,,,,,,,,,,,,,,,,,,,,,,,,,,,,,,,,,,,,,,,,,,,,,,,,,,,,,,,,,,,,,,,,,,,,,,,,,,,,,,,,,,,,,,,,,,,,,,,,,,,,,,,,,,,,,,,,,,,,,,,,,,,,,,,,,,,,,,1043.9939,-239.07,0.00,12.2683,0.00,792.6556
,,,,,,,,,,,,,,,,,,,,,,,,,,,,,,,,,,,,,,,,,,,,,,,,,,,,,,,,,,,,,,,,,,,,,,,,,,,,,,,,,,,,,,,,,,,,,,,,,,,,,,,,,,,,,,,,,,,,,,,,,,,,,,,,,,,,,,,,,,,,,,,,,,,,,,1024.6006,-230.07,0.00,12.0170,0.00,782.5136
,,,,,,,,,,,,,,,,,,,,,,,,,,,,,,,,,,,,,,,,,,,,,,,,,,,,,,,,,,,,,,,,,,,,,,,,,,,,,,,,,,,,,,,,,,,,,,,,,,,,,,,,,,,,,,,,,,,,,,,,,,,,,,,,,,,,,,,,,,,,,,,,,,,,,,1012.4806,-245.07,0.00,12.0417,0.00,755.3689
,,,,,,,,,,,,,,,,,,,,,,,,,,,,,,,,,,,,,,,,,,,,,,,,,,,,,,,,,,,,,,,,,,,,,,,,,,,,,,,,,,,,,,,,,,,,,,,,,,,,,,,,,,,,,,,,,,,,,,,,,,,,,,,,,,,,,,,,,,,,,,,,,,,,,,1014.4106,-270.07,0.00,12.2783,0.00,732.0623
,,,,,,,,,,,,,,,,,,,,,,,,,,,,,,,,,,,,,,,,,,,,,,,,,,,,,,,,,,,,,,,,,,,,,,,,,,,,,,,,,,,,,,,,,,,,,,,,,,,,,,,,,,,,,,,,,,,,,,,,,,,,,,,,,,,,,,,,,,,,,,,,,,,,,,1009.4906,-310.07,0.00,12.5878,0.00,686.8328
,,,,,,,,,,,,,,,,,,,,,,,,,,,,,,,,,,,,,,,,,,,,,,,,,,,,,,,,,,,,,,,,,,,,,,,,,,,,,,,,,,,,,,,,,,,,,,,,,,,,,,,,,,,,,,,,,,,,,,,,,,,,,,,,,,,,,,,,,,,,,,,,,,,,,,1001.3306,-328.29,0.00,12.6779,0.00,660.3627
,,,,,,,,,,,,,,,,,,,,,,,,,,,,,,,,,,,,,,,,,,,,,,,,,,,,,,,,,,,,,,,,,,,,,,,,,,,,,,,,,,,,,,,,,,,,,,,,,,,,,,,,,,,,,,,,,,,,,,,,,,,,,,,,,,,,,,,,,,,,,,,,,,,,,,1009.6506,-354.17,0.00,12.9440,0.00,642.5366
,,,,,,,,,,,,,,,,,,,,,,,,,,,,,,,,,,,,,,,,,,,,,,,,,,,,,,,,,,,,,,,,,,,,,,,,,,,,,,,,,,,,,,,,,,,,,,,,,,,,,,,,,,,,,,,,,,,,,,,,,,,,,,,,,,,,,,,,,,,,,,,,,,,,,,982.9499,-348.07,0.00,12.6429,0.00,622.2370
,,,,,,,,,,,,,,,,,,,,,,,,,,,,,,,,,,,,,,,,,,,,,,,,,,,,,,,,,,,,,,,,,,,,,,,,,,,,,,,,,,,,,,,,,,,,,,,,,,,,,,,,,,,,,,,,,,,,,,,,,,,,,,,,,,,,,,,,,,,,,,,,,,,,,,977.8199,-338.97,0.00,12.5052,0.00,626.3447
,,,,,,,,,,,,,,,,,,,,,,,,,,,,,,,,,,,,,,,,,,,,,,,,,,,,,,,,,,,,,,,,,,,,,,,,,,,,,,,,,,,,,,,,,,,,,,,,,,,,,,,,,,,,,,,,,,,,,,,,,,,,,,,,,,,,,,,,,,,,,,,,,,,,,,977.2999,-351.07,0.00,12.5736,0.00,613.6563
,,,,,,,,,,,,,,,,,,,,,,,,,,,,,,,,,,,,,,,,,,,,,,,,,,,,,,,,,,,,,,,,,,,,,,,,,,,,,,,,,,,,,,,,,,,,,,,,,,,,,,,,,,,,,,,,,,,,,,,,,,,,,,,,,,,,,,,,,,,,,,,,,,,,,,971.8099,-354.70,0.00,12.7790,0.00,604.3309
,,,,,,,,,,,,,,,,,,,,,,,,,,,,,,,,,,,,,,,,,,,,,,,,,,,,,,,,,,,,,,,,,,,,,,,,,,,,,,,,,,,,,,,,,,,,,,,,,,,,,,,,,,,,,,,,,,,,,,,,,,,,,,,,,,,,,,,,,,,,,,,,,,,,,,970.3699,-357.70,0.00,12.7458,0.00,599.9241
,,,,,,,,,,,,,,,,,,,,,,,,,,,,,,,,,,,,,,,,,,,,,,,,,,,,,,,,,,,,,,,,,,,,,,,,,,,,,,,,,,,,,,,,,,,,,,,,,,,,,,,,,,,,,,,,,,,,,,,,,,,,,,,,,,,,,,,,,,,,,,,,,,,,,,954.6799,-370.67,0.00,12.3952,0.00,571.6147
,,,,,,,,,,,,,,,,,,,,,,,,,,,,,,,,,,,,,,,,,,,,,,,,,,,,,,,,,,,,,,,,,,,,,,,,,,,,,,,,,,,,,,,,,,,,,,,,,,,,,,,,,,,,,,,,,,,,,,,,,,,,,,,,,,,,,,,,,,,,,,,,,,,,,,951.4199,-361.57,0.00,12.2254,0.00,577.6245
,,,,,,,,,,,,,,,,,,,,,,,,,,,,,,,,,,,,,,,,,,,,,,,,,,,,,,,,,,,,,,,,,,,,,,,,,,,,,,,,,,,,,,,,,,,,,,,,,,,,,,,,,,,,,,,,,,,,,,,,,,,,,,,,,,,,,,,,,,,,,,,,,,,,,,952.1599,-342.87,0.00,12.0182,0.00,597.2717
,,,,,,,,,,,,,,,,,,,,,,,,,,,,,,,,,,,,,,,,,,,,,,,,,,,,,,,,,,,,,,,,,,,,,,,,,,,,,,,,,,,,,,,,,,,,,,,,,,,,,,,,,,,,,,,,,,,,,,,,,,,,,,,,,,,,,,,,,,,,,,,,,,,,,,944.5891,-345.57,0.00,11.9372,0.00,587.0819
,,,,,,,,,,,,,,,,,,,,,,,,,,,,,,,,,,,,,,,,,,,,,,,,,,,,,,,,,,,,,,,,,,,,,,,,,,,,,,,,,,,,,,,,,,,,,,,,,,,,,,,,,,,,,,,,,,,,,,,,,,,,,,,,,,,,,,,,,,,,,,,,,,,,,,963.8991,-370.76,0.00,12.6565,0.00,580.4826
,,,,,,,,,,,,,,,,,,,,,,,,,,,,,,,,,,,,,,,,,,,,,,,,,,,,,,,,,,,,,,,,,,,,,,,,,,,,,,,,,,,,,,,,,,,,,,,,,,,,,,,,,,,,,,,,,,,,,,,,,,,,,,,,,,,,,,,,,,,,,,,,,,,,,,1005.2590,-411.66,0.00,13.1442,0.00,580.4548
,,,,,,,,,,,,,,,,,,,,,,,,,,,,,,,,,,,,,,,,,,,,,,,,,,,,,,,,,,,,,,,,,,,,,,,,,,,,,,,,,,,,,,,,,,,,,,,,,,,,,,,,,,,,,,,,,,,,,,,,,,,,,,,,,,,,,,,,,,,,,,,,,,,,,,1001.4791,-388.26,0.00,13.0683,0.00,600.1508
,,,,,,,,,,,,,,,,,,,,,,,,,,,,,,,,,,,,,,,,,,,,,,,,,,,,,,,,,,,,,,,,,,,,,,,,,,,,,,,,,,,,,,,,,,,,,,,,,,,,,,,,,,,,,,,,,,,,,,,,,,,,,,,,,,,,,,,,,,,,,,,,,,,,,,997.2492,-373.46,0.00,12.7362,0.00,611.0530
,,,,,,,,,,,,,,,,,,,,,,,,,,,,,,,,,,,,,,,,,,,,,,,,,,,,,,,,,,,,,,,,,,,,,,,,,,,,,,,,,,,,,,,,,,,,,,,,,,,,,,,,,,,,,,,,,,,,,,,,,,,,,,,,,,,,,,,,,,,,,,,,,,,,,,974.0358,-347.57,0.00,11.8077,0.00,614.6581
,,,,,,,,,,,,,,,,,,,,,,,,,,,,,,,,,,,,,,,,,,,,,,,,,,,,,,,,,,,,,,,,,,,,,,,,,,,,,,,,,,,,,,,,,,,,,,,,,,,,,,,,,,,,,,,,,,,,,,,,,,,,,,,,,,,,,,,,,,,,,,,,,,,,,,994.1790,-353.57,0.00,11.9940,0.00,628.6150
,,,,,,,,,,,,,,,,,,,,,,,,,,,,,,,,,,,,,,,,,,,,,,,,,,,,,,,,,,,,,,,,,,,,,,,,,,,,,,,,,,,,,,,,,,,,,,,,,,,,,,,,,,,,,,,,,,,,,,,,,,,,,,,,,,,,,,,,,,,,,,,,,,,,,,1016.2517,-358.07,0.00,12.2346,0.00,645.9471
,,,,,,,,,,,,,,,,,,,,,,,,,,,,,,,,,,,,,,,,,,,,,,,,,,,,,,,,,,,,,,,,,,,,,,,,,,,,,,,,,,,,,,,,,,,,,,,,,,,,,,,,,,,,,,,,,,,,,,,,,,,,,,,,,,,,,,,,,,,,,,,,,,,,,,1019.1497,-351.47,0.00,12.3458,0.00,655.3339
,,,,,,,,,,,,,,,,,,,,,,,,,,,,,,,,,,,,,,,,,,,,,,,,,,,,,,,,,,,,,,,,,,,,,,,,,,,,,,,,,,,,,,,,,,,,,,,,,,,,,,,,,,,,,,,,,,,,,,,,,,,,,,,,,,,,,,,,,,,,,,,,,,,,,,1036.1872,-341.58,0.00,12.9562,0.00,681.6510
,,,,,,,,,,,,,,,,,,,,,,,,,,,,,,,,,,,,,,,,,,,,,,,,,,,,,,,,,,,,,,,,,,,,,,,,,,,,,,,,,,,,,,,,,,,,,,,,,,,,,,,,,,,,,,,,,,,,,,,,,,,,,,,,,,,,,,,,,,,,,,,,,,,,,,1016.9372,-325.37,0.00,12.9297,0.00,678.6375
,,,,,,,,,,,,,,,,,,,,,,,,,,,,,,,,,,,,,,,,,,,,,,,,,,,,,,,,,,,,,,,,,,,,,,,,,,,,,,,,,,,,,,,,,,,,,,,,,,,,,,,,,,,,,,,,,,,,,,,,,,,,,,,,,,,,,,,,,,,,,,,,,,,,,,1006.4472,-325.37,0.00,12.8374,0.00,668.2398
,,,,,,,,,,,,,,,,,,,,,,,,,,,,,,,,,,,,,,,,,,,,,,,,,,,,,,,,,,,,,,,,,,,,,,,,,,,,,,,,,,,,,,,,,,,,,,,,,,,,,,,,,,,,,,,,,,,,,,,,,,,,,,,,,,,,,,,,,,,,,,,,,,,,,,1014.9872,-325.37,0.00,12.9126,0.00,676.7046
,,,,,,,,,,,,,,,,,,,,,,,,,,,,,,,,,,,,,,,,,,,,,,,,,,,,,,,,,,,,,,,,,,,,,,,,,,,,,,,,,,,,,,,,,,,,,,,,,,,,,,,,,,,,,,,,,,,,,,,,,,,,,,,,,,,,,,,,,,,,,,,,,,,,,,1000.9372,-330.18,0.00,12.7466,0.00,658.0106
,,,,,,,,,,,,,,,,,,,,,,,,,,,,,,,,,,,,,,,,,,,,,,,,,,,,,,,,,,,,,,,,,,,,,,,,,,,,,,,,,,,,,,,,,,,,,,,,,,,,,,,,,,,,,,,,,,,,,,,,,,,,,,,,,,,,,,,,,,,,,,,,,,,,,,991.7572,-334.98,0.00,12.6236,0.00,644.1536
,,,,,,,,,,,,,,,,,,,,,,,,,,,,,,,,,,,,,,,,,,,,,,,,,,,,,,,,,,,,,,,,,,,,,,,,,,,,,,,,,,,,,,,,,,,,,,,,,,,,,,,,,,,,,,,,,,,,,,,,,,,,,,,,,,,,,,,,,,,,,,,,,,,,,,980.9872,-325.37,0.00,12.6134,0.00,643.0038
,,,,,,,,,,,,,,,,,,,,,,,,,,,,,,,,,,,,,,,,,,,,,,,,,,,,,,,,,,,,,,,,,,,,,,,,,,,,,,,,,,,,,,,,,,,,,,,,,,,,,,,,,,,,,,,,,,,,,,,,,,,,,,,,,,,,,,,,,,,,,,,,,,,,,,977.0672,-339.78,0.00,12.4521,0.00,624.8351
,,,,,,,,,,,,,,,,,,,,,,,,,,,,,,,,,,,,,,,,,,,,,,,,,,,,,,,,,,,,,,,,,,,,,,,,,,,,,,,,,,,,,,,,,,,,,,,,,,,,,,,,,,,,,,,,,,,,,,,,,,,,,,,,,,,,,,,,,,,,,,,,,,,,,,957.4172,-342.66,0.00,12.2538,0.00,602.5034
,,,,,,,,,,,,,,,,,,,,,,,,,,,,,,,,,,,,,,,,,,,,,,,,,,,,,,,,,,,,,,,,,,,,,,,,,,,,,,,,,,,,,,,,,,,,,,,,,,,,,,,,,,,,,,,,,,,,,,,,,,,,,,,,,,,,,,,,,,,,,,,,,,,,,,955.9572,-351.31,0.00,12.1648,0.00,592.4824
,,,,,,,,,,,,,,,,,,,,,,,,,,,,,,,,,,,,,,,,,,,,,,,,,,,,,,,,,,,,,,,,,,,,,,,,,,,,,,,,,,,,,,,,,,,,,,,,,,,,,,,,,,,,,,,,,,,,,,,,,,,,,,,,,,,,,,,,,,,,,,,,,,,,,,954.8072,-363.79,0.00,12.0449,0.00,578.9723
,,,,,,,,,,,,,,,,,,,,,,,,,,,,,,,,,,,,,,,,,,,,,,,,,,,,,,,,,,,,,,,,,,,,,,,,,,,,,,,,,,,,,,,,,,,,,,,,,,,,,,,,,,,,,,,,,,,,,,,,,,,,,,,,,,,,,,,,,,,,,,,,,,,,,,953.0272,-372.43,0.00,11.9532,0.00,568.6440
,,,,,,,,,,,,,,,,,,,,,,,,,,,,,,,,,,,,,,,,,,,,,,,,,,,,,,,,,,,,,,,,,,,,,,,,,,,,,,,,,,,,,,,,,,,,,,,,,,,,,,,,,,,,,,,,,,,,,,,,,,,,,,,,,,,,,,,,,,,,,,,,,,,,,,956.8972,-379.21,0.00,11.9276,0.00,565.7596
,,,,,,,,,,,,,,,,,,,,,,,,,,,,,,,,,,,,,,,,,,,,,,,,,,,,,,,,,,,,,,,,,,,,,,,,,,,,,,,,,,,,,,,,,,,,,,,,,,,,,,,,,,,,,,,,,,,,,,,,,,,,,,,,,,,,,,,,,,,,,,,,,,,,,,955.6472,-387.85,0.00,11.8406,0.00,555.9566
,,,,,,,,,,,,,,,,,,,,,,,,,,,,,,,,,,,,,,,,,,,,,,,,,,,,,,,,,,,,,,,,,,,,,,,,,,,,,,,,,,,,,,,,,,,,,,,,,,,,,,,,,,,,,,,,,,,,,,,,,,,,,,,,,,,,,,,,,,,,,,,,,,,,,,929.4011,-386.13,0.00,11.7127,0.00,531.5584
,,,,,,,,,,,,,,,,,,,,,,,,,,,,,,,,,,,,,,,,,,,,,,,,,,,,,,,,,,,,,,,,,,,,,,,,,,,,,,,,,,,,,,,,,,,,,,,,,,,,,,,,,,,,,,,,,,,,,,,,,,,,,,,,,,,,,,,,,,,,,,,,,,,,,,930.3211,-406.13,0.00,11.8968,0.00,512.2943
,,,,,,,,,,,,,,,,,,,,,,,,,,,,,,,,,,,,,,,,,,,,,,,,,,,,,,,,,,,,,,,,,,,,,,,,,,,,,,,,,,,,,,,,,,,,,,,,,,,,,,,,,,,,,,,,,,,,,,,,,,,,,,,,,,,,,,,,,,,,,,,,,,,,,,932.6311,-433.41,0.00,12.0389,0.00,487.1822
,,,,,,,,,,,,,,,,,,,,,,,,,,,,,,,,,,,,,,,,,,,,,,,,,,,,,,,,,,,,,,,,,,,,,,,,,,,,,,,,,,,,,,,,,,,,,,,,,,,,,,,,,,,,,,,,,,,,,,,,,,,,,,,,,,,,,,,,,,,,,,,,,,,,,,931.4011,-447.41,0.00,12.1513,0.00,471.8398
,,,,,,,,,,,,,,,,,,,,,,,,,,,,,,,,,,,,,,,,,,,,,,,,,,,,,,,,,,,,,,,,,,,,,,,,,,,,,,,,,,,,,,,,,,,,,,,,,,,,,,,,,,,,,,,,,,,,,,,,,,,,,,,,,,,,,,,,,,,,,,,,,,,,,,927.7011,-456.96,0.00,12.4395,0.00,458.3016
,,,,,,,,,,,,,,,,,,,,,,,,,,,,,,,,,,,,,,,,,,,,,,,,,,,,,,,,,,,,,,,,,,,,,,,,,,,,,,,,,,,,,,,,,,,,,,,,,,,,,,,,,,,,,,,,,,,,,,,,,,,,,,,,,,,,,,,,,,,,,,,,,,,,,,928.5046,-469.85,0.00,12.5092,0.00,446.1454
,,,,,,,,,,,,,,,,,,,,,,,,,,,,,,,,,,,,,,,,,,,,,,,,,,,,,,,,,,,,,,,,,,,,,,,,,,,,,,,,,,,,,,,,,,,,,,,,,,,,,,,,,,,,,,,,,,,,,,,,,,,,,,,,,,,,,,,,,,,,,,,,,,,,,,929.7139,-481.96,0.00,12.6772,0.00,435.0767
,,,,,,,,,,,,,,,,,,,,,,,,,,,,,,,,,,,,,,,,,,,,,,,,,,,,,,,,,,,,,,,,,,,,,,,,,,,,,,,,,,,,,,,,,,,,,,,,,,,,,,,,,,,,,,,,,,,,,,,,,,,,,,,,,,,,,,,,,,,,,,,,,,,,,,937.9639,-496.96,0.00,12.8818,0.00,428.1221
,,,,,,,,,,,,,,,,,,,,,,,,,,,,,,,,,,,,,,,,,,,,,,,,,,,,,,,,,,,,,,,,,,,,,,,,,,,,,,,,,,,,,,,,,,,,,,,,,,,,,,,,,,,,,,,,,,,,,,,,,,,,,,,,,,,,,,,,,,,,,,,,,,,,,,936.1539,-508.13,0.00,13.0316,0.00,414.9923
,,,,,,,,,,,,,,,,,,,,,,,,,,,,,,,,,,,,,,,,,,,,,,,,,,,,,,,,,,,,,,,,,,,,,,,,,,,,,,,,,,,,,,,,,,,,,,,,,,,,,,,,,,,,,,,,,,,,,,,,,,,,,,,,,,,,,,,,,,,,,,,,,,,,,,932.9239,-513.12,0.00,13.0473,0.00,406.7566
