timeslot,revisionno,discomcode,BTPS,PRAGATI,RPH,DADRI_T,GT_OC,CSGS,GT_RLNG,PRG_RLNG,DVC,GT_LF,GT_CC,PRG_G_CC,GT_RLG_C,GT_LF_CC,PG_RLG_C,REGULATE,MTPS6,JHAJJAR,NJPC,CCGT_OC,CCGT_CC,CCGT_RCC,CCGT_ROC,CLPJHAJR,MEJIA7,MAITHON,SECI,RITHL_CC,RITHL_OC,RITHL_RC,RITHL_RO,NHPC,DADRI_T2,ANTA_GF,AURY_GF,FARAKKA,RIHAND1,RIHAND2,RIHAND3,SASAN,SNGRAULI,UNCHHAR1,UNCHHAR2,UNCHHAR3,KAHLGAN1,KAHLGAN2,DADRI_GF,ANTA_RF,AURY_RF,DADRI_RF,KOLDAM,TH_HPP,KTWR_HEP,SEWA2,DMSWSL,NAPP,RAPPB,MUNDRA,RAMPUR,RAPPC,TALA,ANTA_LF,AURY_LF,DADRI_LF,URI,URI2,CHAMERA1,CHAMERA2,CHAMERA3,DHAULIGNGA,DULHASTI,PARBATI3,SALAL,TANAKPUR,BSIUL,UNCHAHAR4,PRG_CCLF,PRG_OCLF,CCGTCCSPOT,CCGTOCSPOT,SNG_HYDRO,SHEP,GIREL,RUMS_DMRC,SEIPL,THPPL,NHPPL,ANTA_CRF,AURY_CRF,DADR_CRF,ALFANR_I,ALFANR_II,ALFANR_III,ERCPL_FTG,ERPCL_FTG2,AP41PL_BHDL,ASE4PL,KUDGI,SRIJAN_M,SITAC_BRPL,SITAC_BYPL,TANDA2,KSHNGNGA,SOLAPUR,MEJA,TWEPL,GBHHPL,THAR_BYPL,THAR_BRPL,ASEJ2PL_BYPL,ASEJ2PL_TPDDL,CHANJUII,SECI_BRPL,SECI_BYPL,SECI_TPDDL,APSEPL_FTG,PARBATI2,KHURJA,GHATAMPUR,RAPPD,TEHRIPSP,TEHRIPSP_P
1,69EnNDMC2025/08/08,NDMC,0.0000,0.0000,0.0000,0.0000,0.0000,0.0000,0.0000,0.0000,0.0000,0.0000,3.7620,87.0870,0.0000,0.0000,0.0000,0.0000,0.0000,8.0737,12.0944,0.0000,22.2345,0.0000,0.0000,0.0000,0.0000,0.0000,0.0000,0.0000,0.0000,0.0000,0.0000,0.0000,3.2914,0.0000,0.0000,0.0000,3.3429,3.4449,3.4542,0.0000,5.0733,0.4243,1.3860,0.6867,0.0000,0.0000,0.0000,4.6725,7.0149,9.3797,4.5634,7.3142,2.8499,1.3407,0.0000,2.0862,0.0000,0.0000,3.0017,7.4445,0.0000,0.0000,0.0000,0.0000,0.0000,2.7167,0.0000,4.0240,2.5828,3.1293,3.9063,2.8286,0.0000,0.0000,0.0000,1.7047,0.0000,0.0000,70.7130,0.0000,0.0000,0.0000,0.0000,0.0000,0.0000,0.0000,0.0000,0.0000,0.0000,0.0000,0.0000,0.0000,0.0000,0.0000,0.0000,0.0000,0.0000,0.0000,0.0000,0.0000,0.0000,3.0335,1.2282,0.0000,6.9616,1.1907,0.0000,0.0000,0.0000,0.0000,0.0000,0.0000,0.0000,0.0000,0.0000,0.0000,2.5079,4.6852,3.2452,2.8872,0.0000,0.0000
2,69EnNDMC2025/08/08,NDMC,0.0000,0.0000,0.0000,0.0000,0.0000,0.0000,0.0000,0.0000,0.0000,0.0000,3.7620,87.0870,0.0000,0.0000,0.0000,0.0000,0.0000,0.6000,12.0944,0.0000,22.2345,0.0000,0.0000,0.0000,0.0000,0.0000,0.0000,0.0000,0.0000,0.0000,0.0000,0.0000,3.2914,0.0000,0.0000,0.0000,3.3429,3.4449,3.4542,0.0000,5.0733,0.4243,1.3860,0.6867,0.0000,0.0000,0.0000,4.6725,7.0149,9.3797,4.5634,7.3142,2.8353,1.3407,0.0000,2.0862,0.0000,0.0000,3.0017,7.4445,0.0000,0.0000,0.0000,0.0000,0.0000,2.7167,0.0000,4.0240,2.5828,3.1293,3.9063,2.8286,0.0000,0.0000,0.0000,1.7047,0.0000,0.0000,70.7130,0.0000,0.0000,0.0000,0.0000,0.0000,0.0000,0.0000,0.0000,0.0000,0.0000,0.0000,0.0000,0.0000,0.0000,0.0000,0.0000,0.0000,0.0000,0.0000,0.0000,0.0000,0.0000,3.0335,1.2282,0.0000,6.9616,1.1907,0.0000,0.0000,0.0000,0.0000,0.0000,0.0000,0.0000,0.0000,0.0000,0.0000,2.5079,4.6852,3.2452,2.8872,0.0000,0.0000
3,69EnNDMC2025/08/08,NDMC,0.0000,0.0000,0.0000,0.0000,0.0000,0.0000,0.0000,0.0000,0.0000,0.0000,3.7620,87.0870,0.0000,0.0000,0.0000,0.0000,0.0000,1.3100,12.0944,0.0000,22.2345,0.0000,0.0000,0.0000,0.0000,0.0000,0.0000,0.0000,0.0000,0.0000,0.0000,0.0000,3.2914,0.0000,0.0000,0.0000,3.3429,3.4449,3.4542,0.0000,5.0733,0.4243,1.3860,0.6867,0.0000,0.0000,0.0000,4.6725,7.0149,9.3797,4.5634,7.3142,2.8353,1.3407,0.0000,2.0862,0.0000,0.0000,3.0017,7.4445,0.0000,0.0000,0.0000,0.0000,0.0000,2.3769,0.0000,4.0240,2.5828,3.1293,3.9063,2.8286,0.0000,0.0000,0.0000,1.7047,0.0000,0.0000,70.7130,0.0000,0.0000,0.0000,0.0000,0.0000,0.0000,0.0000,0.0000,0.0000,0.0000,0.0000,0.0000,0.0000,0.0000,0.0000,0.0000,0.0000,0.0000,0.0000,0.0000,0.0000,0.0000,3.0335,1.2282,0.0000,6.9616,1.1907,0.0000,0.0000,0.0000,0.0000,0.0000,0.0000,0.0000,0.0000,0.0000,0.0000,2.5079,4.6852,3.2452,2.8872,0.0000,0.0000
4,69EnNDMC2025/08/08,NDMC,0.0000,0.0000,0.0000,0.0000,0.0000,0.0000,0.0000,0.0000,0.0000,0.0000,3.7620,87.0870,0.0000,0.0000,0.0000,0.0000,0.0000,8.0737,12.0944,0.0000,22.2345,0.0000,0.0000,0.0000,0.0000,0.0000,0.0000,0.0000,0.0000,0.0000,0.0000,0.0000,3.2914,0.0000,0.0000,0.0000,3.3429,3.4449,3.4542,0.0000,5.0733,0.4243,1.3860,0.6867,0.0000,0.0000,0.0000,4.6725,7.0149,9.3797,4.5634,7.3142,2.8353,1.3407,0.0000,2.0862,0.0000,0.0000,3.0017,7.4445,0.0000,0.0000,0.0000,0.0000,0.0000,2.3769,0.0000,4.0240,2.5828,3.1293,3.9063,2.8286,0.0000,0.0000,0.0000,1.7047,0.0000,0.0000,70.7130,0.0000,0.0000,0.0000,0.0000,0.0000,0.0000,0.0000,0.0000,0.0000,0.0000,0.0000,0.0000,0.0000,0.0000,0.0000,0.0000,0.0000,0.0000,0.0000,0.0000,0.0000,0.0000,3.0335,1.2282,0.0000,6.9616,1.1907,0.0000,0.0000,0.0000,0.0000,0.0000,0.0000,0.0000,0.0000,0.0000,0.0000,2.5079,4.6852,3.2452,2.8872,0.0000,0.0000
5,69EnNDMC2025/08/08,NDMC,0.0000,0.0000,0.0000,0.0000,0.0000,0.0000,0.0000,0.0000,0.0000,0.0000,3.7620,87.0870,0.0000,0.0000,0.0000,0.0000,0.0000,8.0737,12.0944,0.0000,22.2345,0.0000,0.0000,0.0000,0.0000,0.0000,0.0000,0.0000,0.0000,0.0000,0.0000,0.0000,3.2914,0.0000,0.0000,0.0000,3.3429,3.4449,3.4542,0.0000,5.0733,0.4243,1.3860,0.6867,0.0000,0.0000,0.0000,4.6949,7.0149,9.3797,4.5634,7.3142,2.8353,1.3407,0.0000,2.0862,0.0000,0.0000,3.0017,7.4445,0.0000,0.0000,0.0000,0.0000,0.0000,2.7167,0.0000,4.0240,2.5828,3.1293,3.9063,2.8286,0.0000,0.0000,0.0000,1.7047,0.0000,0.0000,70.7130,0.0000,0.0000,0.0000,0.0000,0.0000,0.0000,0.0000,0.0000,0.0000,0.0000,0.0000,0.0000,0.0000,0.0000,0.0000,0.0000,0.0000,0.0000,0.0000,0.0000,0.0000,0.0000,3.0335,1.2282,0.0000,6.9616,1.1907,0.0000,0.0000,0.0000,0.0000,0.0000,0.0000,0.0000,0.0000,0.0000,0.0000,2.5079,4.6852,3.2452,2.8872,0.0000,0.0000
6,69EnNDMC2025/08/08,NDMC,0.0000,0.0000,0.0000,0.0000,0.0000,0.0000,0.0000,0.0000,0.0000,0.0000,3.7620,87.0870,0.0000,0.0000,0.0000,0.0000,0.0000,8.0737,12.0944,0.0000,22.2345,0.0000,0.0000,0.0000,0.0000,0.0000,0.0000,0.0000,0.0000,0.0000,0.0000,0.0000,3.2914,0.0000,0.0000,0.0000,3.3429,3.4449,3.4542,0.0000,5.0733,0.4243,1.3860,0.6867,0.0000,0.0000,0.0000,4.6949,7.0149,9.3797,4.5634,7.3142,2.8353,1.3407,0.0000,2.0862,0.0000,0.0000,3.0017,7.4445,0.0000,0.0000,0.0000,0.0000,0.0000,2.7167,0.0000,4.0240,2.5828,3.1293,3.9063,2.8286,0.0000,0.0000,0.0000,1.7047,0.0000,0.0000,70.7130,0.0000,0.0000,0.0000,0.0000,0.0000,0.0000,0.0000,0.0000,0.0000,0.0000,0.0000,0.0000,0.0000,0.0000,0.0000,0.0000,0.0000,0.0000,0.0000,0.0000,0.0000,0.0000,3.0335,1.2282,0.0000,6.9616,1.1907,0.0000,0.0000,0.0000,0.0000,0.0000,0.0000,0.0000,0.0000,0.0000,0.0000,2.5079,4.6852,3.2452,2.8872,0.0000,0.0000
7,69EnNDMC2025/08/08,NDMC,0.0000,0.0000,0.0000,0.0000,0.0000,0.0000,0.0000,0.0000,0.0000,0.0000,3.7620,87.0870,0.0000,0.0000,0.0000,0.0000,0.0000,8.0737,12.0944,0.0000,22.2345,0.0000,0.0000,0.0000,0.0000,0.0000,0.0000,0.0000,0.0000,0.0000,0.0000,0.0000,3.3090,0.0000,0.0000,0.0000,3.3429,3.4449,3.4542,0.0000,5.0733,0.4243,1.3860,0.6867,0.0000,0.0000,0.0000,4.6949,7.0149,9.3797,4.5634,7.3142,2.8353,1.3407,0.0000,2.0862,0.0000,0.0000,3.0017,7.4445,0.0000,0.0000,0.0000,0.0000,0.0000,2.0372,0.0000,4.0240,2.5828,3.1293,3.9063,2.8286,0.0000,0.0000,0.0000,1.7047,0.0000,0.0000,70.7130,0.0000,0.0000,0.0000,0.0000,0.0000,0.0000,0.0000,0.0000,0.0000,0.0000,0.0000,0.0000,0.0000,0.0000,0.0000,0.0000,0.0000,0.0000,0.0000,0.0000,0.0000,0.0000,3.0335,1.2282,0.0000,6.9616,1.1907,0.0000,0.0000,0.0000,0.0000,0.0000,0.0000,0.0000,0.0000,0.0000,0.0000,2.5079,4.6852,3.2452,2.8872,0.0000,0.0000
8,69EnNDMC2025/08/08,NDMC,0.0000,0.0000,0.0000,0.0000,0.0000,0.0000,0.0000,0.0000,0.0000,0.0000,3.7620,87.0870,0.0000,0.0000,0.0000,0.0000,0.0000,8.0737,12.0944,0.0000,22.2345,0.0000,0.0000,0.0000,0.0000,0.0000,0.0000,0.0000,0.0000,0.0000,0.0000,0.0000,3.3090,0.0000,0.0000,0.0000,3.3429,3.4449,3.4542,0.0000,5.0733,0.4243,1.3860,0.6867,0.0000,0.0000,0.0000,4.6949,7.0149,9.3797,4.5634,7.3142,2.8353,1.3407,0.0000,2.0862,0.0000,0.0000,3.0017,7.4445,0.0000,0.0000,0.0000,0.0000,0.0000,2.0372,0.0000,4.0240,2.5828,3.1293,3.9063,2.8286,0.0000,0.0000,0.0000,1.7047,0.0000,0.0000,70.7130,0.0000,0.0000,0.0000,0.0000,0.0000,0.0000,0.0000,0.0000,0.0000,0.0000,0.0000,0.0000,0.0000,0.0000,0.0000,0.0000,0.0000,0.0000,0.0000,0.0000,0.0000,0.0000,3.0335,1.2282,0.0000,6.9616,1.1907,0.0000,0.0000,0.0000,0.0000,0.0000,0.0000,0.0000,0.0000,0.0000,0.0000,2.5079,4.6852,3.2452,2.8872,0.0000,0.0000
9,69EnNDMC2025/08/08,NDMC,0.0000,0.0000,0.0000,0.0000,0.0000,0.0000,0.0000,0.0000,0.0000,0.0000,3.7620,87.0870,0.0000,0.0000,0.0000,0.0000,0.0000,8.0737,12.0944,0.0000,22.2345,0.0000,0.0000,0.0000,0.0000,0.0000,0.0000,0.0000,0.0000,0.0000,0.0000,0.0000,3.3090,0.0000,0.0000,0.0000,3.3429,3.4449,3.4542,0.0000,5.0733,0.4243,1.3860,0.6867,0.0000,0.0000,0.0000,4.7173,7.0149,9.3797,4.5634,7.3142,2.8353,1.3407,0.0000,2.0862,0.0000,0.0000,3.0017,7.4445,0.0000,0.0000,0.0000,0.0000,0.0000,2.7167,0.0000,4.0240,2.5828,3.1293,3.9063,2.8286,0.0000,0.0000,0.0000,1.7047,0.0000,0.0000,70.7130,0.0000,0.0000,0.0000,0.0000,0.0000,0.0000,0.0000,0.0000,0.0000,0.0000,0.0000,0.0000,0.0000,0.0000,0.0000,0.0000,0.0000,0.0000,0.0000,0.0000,0.0000,0.0000,3.0335,1.2282,0.0000,6.9616,1.1907,0.0000,0.0000,0.0000,0.0000,0.0000,0.0000,0.0000,0.0000,0.0000,0.0000,2.5079,4.6852,3.2452,2.8872,0.0000,0.0000
10,69EnNDMC2025/08/08,NDMC,0.0000,0.0000,0.0000,0.0000,0.0000,0.0000,0.0000,0.0000,0.0000,0.0000,3.7620,87.0870,0.0000,0.0000,0.0000,0.0000,0.0000,8.0737,12.0944,0.0000,22.2345,0.0000,0.0000,0.0000,0.0000,0.0000,0.0000,0.0000,0.0000,0.0000,0.0000,0.0000,3.3090,0.0000,0.0000,0.0000,3.3429,3.4449,3.4542,0.0000,5.0733,0.4243,1.3860,0.6867,0.0000,0.0000,0.0000,4.7173,7.0149,9.3797,4.5634,7.3142,2.8353,1.3407,0.0000,2.0862,0.0000,0.0000,3.0017,7.4445,0.0000,0.0000,0.0000,0.0000,0.0000,2.7167,0.0000,4.0240,2.5828,3.1293,3.9063,2.8286,0.0000,0.0000,0.0000,1.7047,0.0000,0.0000,70.7130,0.0000,0.0000,0.0000,0.0000,0.0000,0.0000,0.0000,0.0000,0.0000,0.0000,0.0000,0.0000,0.0000,0.0000,0.0000,0.0000,0.0000,0.0000,0.0000,0.0000,0.0000,0.0000,3.0335,1.2282,0.0000,6.9616,1.1907,0.0000,0.0000,0.0000,0.0000,0.0000,0.0000,0.0000,0.0000,0.0000,0.0000,2.5079,4.6852,3.2452,2.8872,0.0000,0.0000
11,69EnNDMC2025/08/08,NDMC,0.0000,0.0000,0.0000,0.0000,0.0000,0.0000,0.0000,0.0000,0.0000,0.0000,3.7620,87.0870,0.0000,0.0000,0.0000,0.0000,0.0000,8.0737,12.0944,0.0000,22.2345,0.0000,0.0000,0.0000,0.0000,0.0000,0.0000,0.0000,0.0000,0.0000,0.0000,0.0000,3.3090,0.0000,0.0000,0.0000,3.3429,3.4449,3.4542,0.0000,5.0733,0.4243,1.3860,0.6867,0.0000,0.0000,0.0000,4.7173,7.0149,9.3797,4.5634,7.3142,2.8353,1.3407,0.0000,2.0862,0.0000,0.0000,3.0017,7.4445,0.0000,0.0000,0.0000,0.0000,0.0000,2.0372,0.0000,4.0240,2.5828,3.1293,3.9063,2.8286,0.0000,0.0000,0.0000,1.7047,0.0000,0.0000,70.7130,0.0000,0.0000,0.0000,0.0000,0.0000,0.0000,0.0000,0.0000,0.0000,0.0000,0.0000,0.0000,0.0000,0.0000,0.0000,0.0000,0.0000,0.0000,0.0000,0.0000,0.0000,0.0000,3.0335,1.2282,0.0000,6.9616,1.1907,0.0000,0.0000,0.0000,0.0000,0.0000,0.0000,0.0000,0.0000,0.0000,0.0000,2.5079,4.6852,3.2452,2.8872,0.0000,0.0000
12,69EnNDMC2025/08/08,NDMC,0.0000,0.0000,0.0000,0.0000,0.0000,0.0000,0.0000,0.0000,0.0000,0.0000,3.7620,87.0870,0.0000,0.0000,0.0000,0.0000,0.0000,8.0737,12.0944,0.0000,22.2345,0.0000,0.0000,0.0000,0.0000,0.0000,0.0000,0.0000,0.0000,0.0000,0.0000,0.0000,3.3090,0.0000,0.0000,0.0000,3.3429,3.4449,3.4542,0.0000,5.0733,0.4243,1.3860,0.6867,0.0000,0.0000,0.0000,4.7173,7.0149,9.3797,4.5634,7.3142,2.8353,1.3407,0.0000,2.0862,0.0000,0.0000,3.0017,7.4445,0.0000,0.0000,0.0000,0.0000,0.0000,2.0372,0.0000,4.0240,2.5828,3.1293,3.9063,2.8286,0.0000,0.0000,0.0000,1.7047,0.0000,0.0000,70.7130,0.0000,0.0000,0.0000,0.0000,0.0000,0.0000,0.0000,0.0000,0.0000,0.0000,0.0000,0.0000,0.0000,0.0000,0.0000,0.0000,0.0000,0.0000,0.0000,0.0000,0.0000,0.0000,3.0335,1.2282,0.0000,6.9616,1.1907,0.0000,0.0000,0.0000,0.0000,0.0000,0.0000,0.0000,0.0000,0.0000,0.0000,2.5079,4.6852,3.2452,2.8872,0.0000,0.0000
13,69EnNDMC2025/08/08,NDMC,0.0000,0.0000,0.0000,0.0000,0.0000,0.0000,0.0000,0.0000,0.0000,0.0000,3.7620,87.0870,0.0000,0.0000,0.0000,0.0000,0.0000,8.0737,12.0944,0.0000,22.2345,0.0000,0.0000,0.0000,0.0000,0.0000,0.0000,0.0000,0.0000,0.0000,0.0000,0.0000,3.3090,0.0000,0.0000,0.0000,3.3429,3.4449,3.4542,0.0000,5.0733,0.4243,1.3860,0.6867,0.0000,0.0000,0.0000,4.7173,7.0149,9.3797,4.5634,7.3142,2.8353,1.3407,0.0000,2.0862,0.0000,0.0000,3.0017,7.4445,0.0000,0.0000,0.0000,0.0000,0.0000,2.7167,0.0000,4.0240,2.5828,3.1293,3.9063,2.8286,0.0000,0.0000,0.0000,1.7047,0.0000,0.0000,70.7130,0.0000,0.0000,0.0000,0.0000,0.0000,0.0000,0.0000,0.0000,0.0000,0.0000,0.0000,0.0000,0.0000,0.0000,0.0000,0.0000,0.0000,0.0000,0.0000,0.0000,0.0000,0.0000,3.0335,1.2282,0.0000,6.9616,1.1907,0.0000,0.0000,0.0000,0.0000,0.0000,0.0000,0.0000,0.0000,0.0000,0.0000,2.5079,4.6852,3.2452,2.8872,0.0000,0.0000
14,69EnNDMC2025/08/08,NDMC,0.0000,0.0000,0.0000,0.0000,0.0000,0.0000,0.0000,0.0000,0.0000,0.0000,3.7620,87.0870,0.0000,0.0000,0.0000,0.0000,0.0000,8.0737,12.0944,0.0000,22.2345,0.0000,0.0000,0.0000,0.0000,0.0000,0.0000,0.0000,0.0000,0.0000,0.0000,0.0000,3.3090,0.0000,0.0000,0.0000,3.3429,3.4449,3.4542,0.0000,5.0733,0.4243,1.3860,0.6867,0.0000,0.0000,0.0000,4.7173,7.0149,9.3797,4.5634,7.3142,2.8353,1.3407,0.0000,2.0862,0.0000,0.0000,3.0017,7.4445,0.0000,0.0000,0.0000,0.0000,0.0000,2.7167,0.0000,4.0240,2.5828,3.1293,3.9063,2.8286,0.0000,0.0000,0.0000,1.7047,0.0000,0.0000,70.7130,0.0000,0.0000,0.0000,0.0000,0.0000,0.0000,0.0000,0.0000,0.0000,0.0000,0.0000,0.0000,0.0000,0.0000,0.0000,0.0000,0.0000,0.0000,0.0000,0.0000,0.0000,0.0000,3.0335,1.2282,0.0000,6.9616,1.1907,0.0000,0.0000,0.0000,0.0000,0.0000,0.0000,0.0000,0.0000,0.0000,0.0000,2.5079,4.6852,3.2452,2.8872,0.0000,0.0000
15,69EnNDMC2025/08/08,NDMC,0.0000,0.0000,0.0000,0.0000,0.0000,0.0000,0.0000,0.0000,0.0000,0.0000,3.7620,87.0870,0.0000,0.0000,0.0000,0.0000,0.0000,8.0737,12.0944,0.0000,22.2345,0.0000,0.0000,0.0000,0.0000,0.0000,0.0000,0.0000,0.0000,0.0000,0.0000,0.0000,3.3090,0.0000,0.0000,0.0000,3.3429,3.4449,3.4542,0.0000,5.0733,0.4243,1.3860,0.6867,0.0000,0.0000,0.0000,4.7173,7.0149,9.3797,4.5634,7.3142,2.8353,1.3407,0.0000,2.0862,0.0000,0.0000,3.0017,7.4445,0.0000,0.0000,0.0000,0.0000,0.0000,2.0372,0.0000,4.0240,2.5828,3.1293,3.9063,2.8286,0.0000,0.0000,0.0000,1.7047,0.0000,0.0000,70.7130,0.0000,0.0000,0.0000,0.0000,0.0000,0.0000,0.0000,0.0000,0.0000,0.0000,0.0000,0.0000,0.0000,0.0000,0.0000,0.0000,0.0000,0.0000,0.0000,0.0000,0.0000,0.0000,3.0335,1.2282,0.0000,6.9616,1.1907,0.0000,0.0000,0.0000,0.0000,0.0000,0.0000,0.0000,0.0000,0.0000,0.0000,2.5079,4.6852,3.2452,2.8872,0.0000,0.0000
16,69EnNDMC2025/08/08,NDMC,0.0000,0.0000,0.0000,0.0000,0.0000,0.0000,0.0000,0.0000,0.0000,0.0000,3.7620,87.0870,0.0000,0.0000,0.0000,0.0000,0.0000,8.0737,12.0944,0.0000,22.2345,0.0000,0.0000,0.0000,0.0000,0.0000,0.0000,0.0000,0.0000,0.0000,0.0000,0.0000,3.3090,0.0000,0.0000,0.0000,3.3429,3.4449,3.4542,0.0000,5.0733,0.4243,1.3860,0.6867,0.0000,0.0000,0.0000,4.7173,7.0149,9.3797,4.5634,7.3142,2.8353,1.3407,0.0000,2.0862,0.0000,0.0000,3.0017,7.4445,0.0000,0.0000,0.0000,0.0000,0.0000,2.0372,0.0000,4.0240,2.5828,3.1293,3.9063,2.8286,0.0000,0.0000,0.0000,1.7047,0.0000,0.0000,70.7130,0.0000,0.0000,0.0000,0.0000,0.0000,0.0000,0.0000,0.0000,0.0000,0.0000,0.0000,0.0000,0.0000,0.0000,0.0000,0.0000,0.0000,0.0000,0.0000,0.0000,0.0000,0.0000,3.0335,1.2282,0.0000,6.9616,1.1907,0.0000,0.0000,0.0000,0.0000,0.0000,0.0000,0.0000,0.0000,0.0000,0.0000,2.5079,4.6852,3.2452,2.8872,0.0000,0.0000
17,69EnNDMC2025/08/08,NDMC,0.0000,0.0000,0.0000,0.0000,0.0000,0.0000,0.0000,0.0000,0.0000,0.0000,3.7620,87.0870,0.0000,0.0000,0.0000,0.0000,0.0000,8.0737,12.0944,0.0000,22.2345,0.0000,0.0000,0.0000,0.0000,0.0000,0.0000,0.0000,0.0000,0.0000,0.0000,0.0000,3.3090,0.0000,0.0000,0.0000,3.3429,3.4449,3.4542,0.0000,5.0733,0.4243,1.3860,0.6867,0.0000,0.0000,0.0000,4.7406,7.0149,9.3797,4.5634,7.3142,2.8353,1.3407,0.0000,2.0862,0.0000,0.0000,3.0017,7.4445,0.0000,0.0000,0.0000,0.0000,0.0000,1.6974,0.0000,4.0240,2.5828,3.1293,3.9063,2.8286,0.0000,0.0000,0.0000,1.7047,0.0000,0.0000,70.7130,0.0000,0.0000,0.0000,0.0000,0.0000,0.0000,0.0000,0.0000,0.0000,0.0000,0.0000,0.0000,0.0000,0.0000,0.0000,0.0000,0.0000,0.0000,0.0000,0.0000,0.0000,0.0000,3.0335,1.2282,0.0000,6.9616,1.1907,0.0000,0.0000,0.0000,0.0000,0.0000,0.0000,0.0000,0.0000,0.0000,0.0000,2.5079,4.6852,3.2452,2.8872,0.0000,0.0000
18,69EnNDMC2025/08/08,NDMC,0.0000,0.0000,0.0000,0.0000,0.0000,0.0000,0.0000,0.0000,0.0000,0.0000,3.7620,87.0870,0.0000,0.0000,0.0000,0.0000,0.0000,8.0737,12.0944,0.0000,22.2345,0.0000,0.0000,0.0000,0.0000,0.0000,0.0000,0.0000,0.0000,0.0000,0.0000,0.0000,3.3090,0.0000,0.0000,0.0000,3.3429,3.4449,3.4542,0.0000,5.0733,0.4243,1.3860,0.6867,0.0000,0.0000,0.0000,4.7406,7.0149,9.3797,4.5634,7.3142,2.8353,1.3407,0.0000,2.0862,0.0000,0.0000,3.0017,7.4445,0.0000,0.0000,0.0000,0.0000,0.0000,1.6974,0.0000,4.0240,2.5828,3.1293,3.9063,2.8286,0.0000,0.0000,0.0000,1.7047,0.0000,0.0000,70.7130,0.0000,0.0000,0.0000,0.0000,0.0000,0.0000,0.0000,0.0000,0.0000,0.0000,0.0000,0.0000,0.0000,0.0000,0.0000,0.0000,0.0000,0.0000,0.0000,0.0000,0.0000,0.0000,3.0335,1.2282,0.0000,6.9616,1.1907,0.0000,0.0000,0.0000,0.0000,0.0000,0.0000,0.0000,0.0000,0.0000,0.0000,2.5079,4.6852,3.2452,2.8872,0.0000,0.0000
19,69EnNDMC2025/08/08,NDMC,0.0000,0.0000,0.0000,0.0000,0.0000,0.0000,0.0000,0.0000,0.0000,0.0000,3.7620,87.0870,0.0000,0.0000,0.0000,0.0000,0.0000,8.0737,12.0944,0.0000,22.2345,0.0000,0.0000,0.0000,0.0000,0.0000,0.0000,0.0000,0.0000,0.0000,0.0000,0.0000,3.3090,0.0000,0.0000,0.0000,3.3429,3.4449,3.4542,0.0000,5.0733,0.4243,1.3860,0.6867,0.0000,0.0000,0.0000,4.7406,7.0149,9.3797,4.5634,7.3142,2.8353,1.3407,0.0000,2.0862,0.0000,0.0000,3.0017,7.4445,0.0000,0.0000,0.0000,0.0000,0.0000,1.6974,0.0000,4.0240,2.5828,3.1293,3.9063,2.8286,0.0000,0.0000,0.0000,1.7047,0.0000,0.0000,70.7130,0.0000,0.0000,0.0000,0.0000,0.0000,0.0000,0.0000,0.0000,0.0000,0.0000,0.0000,0.0000,0.0000,0.0000,0.0000,0.0000,0.0000,0.0000,0.0000,0.0000,0.0000,0.0000,3.0335,1.2282,0.0000,6.9616,1.1907,0.0000,0.0000,0.0000,0.0000,0.0000,0.0000,0.0000,0.0000,0.0000,0.0000,2.5079,4.6852,3.2452,2.8872,0.0000,0.0000
20,69EnNDMC2025/08/08,NDMC,0.0000,0.0000,0.0000,0.0000,0.0000,0.0000,0.0000,0.0000,0.0000,0.0000,3.7620,87.0870,0.0000,0.0000,0.0000,0.0000,0.0000,8.0737,12.0944,0.0000,22.2345,0.0000,0.0000,0.0000,0.0000,0.0000,0.0000,0.0000,0.0000,0.0000,0.0000,0.0000,3.3090,0.0000,0.0000,0.0000,3.3429,3.4449,3.4542,0.0000,5.0733,0.4243,1.3860,0.6867,0.0000,0.0000,0.0000,4.7406,7.0149,9.3797,4.5634,7.3142,2.8353,1.3407,0.0000,2.0862,0.0000,0.0000,3.0017,7.4445,0.0000,0.0000,0.0000,0.0000,0.0000,1.6974,0.0000,4.0240,2.5828,3.1293,3.9063,2.8286,0.0000,0.0000,0.0000,1.7047,0.0000,0.0000,70.7130,0.0000,0.0000,0.0000,0.0000,0.0000,0.0000,0.0000,0.0000,0.0000,0.0000,0.0000,0.0000,0.0000,0.0000,0.0000,0.0000,0.0000,0.0000,0.0000,0.0000,0.0000,0.0000,3.0335,1.2282,0.0000,6.9616,1.1907,0.0000,0.0000,0.0000,0.0000,0.0000,0.0000,0.0000,0.0000,0.0000,0.0000,2.5079,4.6852,3.2452,2.8872,0.0000,0.0000
21,69EnNDMC2025/08/08,NDMC,0.0000,0.0000,0.0000,0.0000,0.0000,0.0000,0.0000,0.0000,0.0000,0.0000,3.7620,87.0870,0.0000,0.0000,0.0000,0.0000,0.0000,8.0737,12.0944,0.0000,22.2345,0.0000,0.0000,0.0000,0.0000,0.0000,0.0000,0.0000,0.0000,0.0000,0.0000,0.0000,3.3090,0.0000,0.0000,0.0000,3.3429,3.4449,3.4542,0.0000,5.0733,0.4243,1.3860,0.6867,0.0000,0.0000,0.0000,4.7406,7.0149,9.3797,4.5634,7.3142,2.0145,1.3407,0.0000,2.0862,0.0000,0.0000,3.0017,7.4445,0.0000,0.0000,0.0000,0.0000,0.0000,1.8106,0.0000,4.0240,2.5828,3.1293,3.9063,2.8286,0.0000,0.0000,0.0000,1.7047,0.0000,0.0000,70.7130,0.0000,0.0000,0.0000,0.0000,0.0000,0.0000,0.0000,0.0000,0.0000,0.0000,0.0000,0.0000,0.0000,0.0000,0.0000,0.0000,0.0000,0.0000,0.0000,0.0000,0.0000,0.0000,3.0335,1.2282,0.0000,6.9616,1.1907,0.0000,0.0000,0.0000,0.0000,0.0000,0.0000,0.0000,0.0000,0.0000,0.0000,2.5079,4.6852,3.2452,2.8872,0.0000,0.0000
22,69EnNDMC2025/08/08,NDMC,0.0000,0.0000,0.0000,0.0000,0.0000,0.0000,0.0000,0.0000,0.0000,0.0000,3.7620,87.0870,0.0000,0.0000,0.0000,0.0000,0.0000,8.0737,12.0944,0.0000,22.2345,0.0000,0.0000,0.0000,0.0000,0.0000,0.0000,0.0000,0.0000,0.0000,0.0000,0.0000,3.3090,0.0000,0.0000,0.0000,3.3429,3.4449,3.4542,0.0000,5.0733,0.4243,1.3860,0.6867,0.0000,0.0000,0.0000,4.7406,7.0149,9.3797,4.5634,7.3142,2.0145,1.3407,0.0000,2.0862,0.0000,0.0000,3.0017,7.4445,0.0000,0.0000,0.0000,0.0000,0.0000,1.8106,0.0000,4.0240,2.5828,3.1293,3.9063,2.8286,0.0000,0.0000,0.0000,1.7047,0.0000,0.0000,70.7130,0.0000,0.0000,0.0000,0.0000,0.0000,0.0000,0.0000,0.0000,0.0000,0.0000,0.0000,0.0000,0.0000,0.0000,0.0000,0.0000,0.0000,0.0000,0.0000,0.0000,0.0000,0.0000,3.0335,1.2282,0.0000,6.9616,1.1907,0.0000,0.0000,0.0000,0.0000,0.0000,0.0000,0.0000,0.0000,0.0000,0.0000,2.5079,4.6852,3.2452,2.8872,0.0000,0.0000
23,69EnNDMC2025/08/08,NDMC,0.0000,0.0000,0.0000,0.0000,0.0000,0.0000,0.0000,0.0000,0.0000,0.0000,3.7620,87.0870,0.0000,0.0000,0.0000,0.0000,0.0000,8.0737,12.0944,0.0000,22.2345,0.0000,0.0000,0.0000,0.0000,0.0000,0.0000,0.0000,0.0000,0.0000,0.0000,0.0000,3.3090,0.0000,0.0000,0.0000,3.3429,3.4449,3.4542,0.0000,5.0733,0.4243,1.3860,0.6867,0.0000,0.0000,0.0000,4.7406,7.0149,9.3797,4.5634,7.3142,1.3432,1.3407,0.0000,2.0862,0.0000,0.0000,3.0017,7.4445,0.0000,0.0000,0.0000,0.0000,0.0000,1.8106,0.0000,4.0240,2.5828,3.1293,3.9063,2.8286,0.0000,0.0000,0.0000,1.7047,0.0000,0.0000,70.7130,0.0000,0.0000,0.0000,0.0000,0.0000,0.0000,0.0000,0.0000,0.0000,0.0000,0.0000,0.0000,0.0000,0.0000,0.0000,0.0000,0.0000,0.0000,0.0000,0.0000,0.0000,0.0000,3.0335,1.2282,0.0000,6.9616,1.1907,0.0000,0.0000,0.0000,0.0000,0.0000,0.0000,0.0000,0.0000,0.0000,0.0000,2.5079,4.6852,3.2452,2.8872,0.0000,0.0000
24,69EnNDMC2025/08/08,NDMC,0.0000,0.0000,0.0000,0.0000,0.0000,0.0000,0.0000,0.0000,0.0000,0.0000,3.7620,87.0870,0.0000,0.0000,0.0000,0.0000,0.0000,8.0737,12.0944,0.0000,22.2345,0.0000,0.0000,0.0000,0.0000,0.0000,0.0000,0.0000,0.0000,0.0000,0.0000,0.0000,3.3090,0.0000,0.0000,0.0000,3.3429,3.4449,3.4542,0.0000,5.0733,0.4243,1.3860,0.6867,0.0000,0.0000,0.0000,4.7406,7.0149,9.3797,4.5634,7.3142,1.3432,1.3407,0.0000,2.0862,0.0000,0.0000,3.0017,7.4445,0.0000,0.0000,0.0000,0.0000,0.0000,1.8106,0.0000,4.0240,2.5828,3.1293,3.9063,2.8286,0.0000,0.0000,0.0000,1.7047,0.0000,0.0000,70.7130,0.0000,0.0000,0.0000,0.0000,0.0000,0.0000,0.0000,0.0000,0.0000,0.0000,0.0000,0.0000,0.0000,0.0000,0.0000,0.0000,0.0000,0.0000,0.0000,0.0000,0.0000,0.0000,3.0335,1.2282,0.0000,6.9616,1.1907,0.0000,0.0000,0.0000,0.0000,0.0000,0.0000,0.0000,0.0000,0.0000,0.0000,2.5079,4.6852,3.2452,2.8872,0.0000,0.0000
25,69EnNDMC2025/08/08,NDMC,0.0000,0.0000,0.0000,0.0000,0.0000,0.0000,0.0000,0.0000,0.0000,0.0000,3.7620,87.0870,0.0000,0.0000,0.0000,0.0000,0.0000,8.0737,12.0944,0.0000,22.2345,0.0000,0.0000,0.0000,0.0000,0.0000,0.0000,0.0000,0.0000,0.0000,0.0000,0.0000,3.2914,0.0000,0.0000,0.0000,3.3429,3.4449,3.4542,0.0000,5.0733,0.4243,1.3860,0.6867,0.0000,0.0000,0.0000,4.7173,7.0149,9.3797,4.5634,7.3142,1.3432,1.3407,0.0000,2.0862,0.0000,0.0000,3.0017,7.4445,0.0000,0.0000,0.0000,0.0000,0.0000,1.8106,0.0000,4.0240,2.5828,3.1293,3.9063,2.8286,0.0000,0.0000,0.0000,1.7047,0.0000,0.0000,70.7130,0.0000,0.0000,0.0000,0.0000,0.0000,0.0000,0.0000,0.0000,0.0000,0.0000,0.0000,0.0000,0.0000,0.0000,0.0000,0.0000,0.0000,0.0000,0.0000,0.0000,0.0000,0.0000,3.0335,1.2282,0.0000,6.9616,1.1907,0.0000,0.0000,0.0000,0.0000,0.0000,0.0000,0.0000,0.0000,0.0000,0.0000,2.2286,4.6852,3.2452,2.8872,0.0000,0.0000
26,69EnNDMC2025/08/08,NDMC,0.0000,0.0000,0.0000,0.0000,0.0000,0.0000,0.0000,0.0000,0.0000,0.0000,3.7620,87.0870,0.0000,0.0000,0.0000,0.0000,0.0000,8.0737,12.0944,0.0000,22.2345,0.0000,0.0000,0.0000,0.0000,0.0000,0.0000,0.0000,0.0000,0.0000,0.0000,0.0000,3.2914,0.0000,0.0000,0.0000,3.3429,3.4449,3.4542,0.0000,5.0733,0.4243,1.3860,0.6867,0.0000,0.0000,0.0000,4.7173,7.0149,9.3797,4.5634,7.3142,1.3432,1.3407,0.0000,2.0862,0.0000,0.0000,3.0017,7.4445,0.0000,0.0000,0.0000,0.0000,0.0000,1.8106,0.0000,4.0240,2.5828,3.1293,3.9063,2.8286,0.0000,0.0000,0.0000,1.7047,0.0000,0.0000,70.7130,0.0000,0.0000,0.0000,0.0000,0.0000,0.0000,0.0000,0.0000,0.0000,0.0000,0.0000,0.0000,0.0000,0.0000,0.0000,0.0000,0.0000,0.0000,0.0000,0.0000,0.0000,0.0000,3.0335,1.2282,0.0000,6.9616,1.1907,0.0000,0.0000,0.0000,0.0000,0.0000,0.0000,0.0000,0.0000,0.0000,0.0000,2.2286,4.6852,3.2452,2.8872,0.0000,0.0000
27,69EnNDMC2025/08/08,NDMC,0.0000,0.0000,0.0000,0.0000,0.0000,0.0000,0.0000,0.0000,0.0000,0.0000,3.7620,87.0870,0.0000,0.0000,0.0000,0.0000,0.0000,8.0737,12.0944,0.0000,22.2345,0.0000,0.0000,0.0000,0.0000,0.0000,0.0000,0.0000,0.0000,0.0000,0.0000,0.0000,3.2914,0.0000,0.0000,0.0000,3.3429,3.4449,3.4542,0.0000,5.0733,0.4243,1.3860,0.6867,0.0000,0.0000,0.0000,4.7173,7.0149,9.3797,4.5634,7.3142,0.6713,1.3407,0.0000,2.0862,0.0000,0.0000,3.0017,7.4445,0.0000,0.0000,0.0000,0.0000,0.0000,2.0372,0.0000,4.0240,2.5828,3.1293,3.9063,2.8286,0.0000,0.0000,0.0000,1.7047,0.0000,0.0000,70.7130,0.0000,0.0000,0.0000,0.0000,0.0000,0.0000,0.0000,0.0000,0.0000,0.0000,0.0000,0.0000,0.0000,0.0000,0.0000,0.0000,0.0000,0.0000,0.0000,0.0000,0.0000,0.0000,3.0335,1.2282,0.0000,6.9616,1.1907,0.0000,0.0000,0.0000,0.0000,0.0000,0.0000,0.0000,0.0000,0.0000,0.0000,2.2286,4.6852,3.2452,2.8872,0.0000,0.0000
28,69EnNDMC2025/08/08,NDMC,0.0000,0.0000,0.0000,0.0000,0.0000,0.0000,0.0000,0.0000,0.0000,0.0000,3.7620,87.0870,0.0000,0.0000,0.0000,0.0000,0.0000,8.0737,12.0944,0.0000,22.2345,0.0000,0.0000,0.0000,0.0000,0.0000,0.0000,0.0000,0.0000,0.0000,0.0000,0.0000,3.3090,0.0000,0.0000,0.0000,3.3429,3.4449,3.4542,0.0000,5.0733,0.4243,1.3860,0.6867,0.0000,0.0000,0.0000,4.7173,7.0149,9.3797,4.5634,7.3142,0.6713,1.3407,0.0000,2.0862,0.0000,0.0000,3.0017,7.4445,0.0000,0.0000,0.0000,0.0000,0.0000,2.0372,0.0000,4.0240,2.5828,3.1293,3.9063,2.8286,0.0000,0.0000,0.0000,1.7047,0.0000,0.0000,70.7130,0.0000,0.0000,0.0000,0.0000,0.0000,0.0000,0.0000,0.0000,0.0000,0.0000,0.0000,0.0000,0.0000,0.0000,0.0000,0.0000,0.0000,0.0000,0.0000,0.0000,0.0000,0.0000,3.0335,1.2282,0.0000,6.9616,1.1907,0.0000,0.0000,0.0000,0.0000,0.0000,0.0000,0.0000,0.0000,0.0000,0.0000,2.2286,4.6852,3.2452,2.8872,0.0000,0.0000
29,69EnNDMC2025/08/08,NDMC,0.0000,0.0000,0.0000,0.0000,0.0000,0.0000,0.0000,0.0000,0.0000,0.0000,3.7620,87.0870,0.0000,0.0000,0.0000,0.0000,0.0000,8.0737,12.0944,0.0000,22.2345,0.0000,0.0000,0.0000,0.0000,0.0000,0.0000,0.0000,0.0000,0.0000,0.0000,0.0000,3.3090,0.0000,0.0000,0.0000,3.3429,3.4449,3.4542,0.0000,5.0733,0.4243,1.3860,0.6867,0.0000,0.0000,0.0000,4.7173,7.0149,9.3797,4.5634,7.3142,0.6713,1.3407,0.0000,2.0862,0.0000,0.0000,3.0017,7.4445,0.0000,0.0000,0.0000,0.0000,0.0000,2.0372,0.0000,4.0240,2.5828,3.1293,3.9063,2.8286,0.0000,0.0000,0.0000,1.7047,0.0000,0.0000,70.7130,0.0000,0.0000,0.0000,0.0000,0.0000,0.0000,0.0000,0.0000,0.0000,0.0000,0.0000,0.0000,0.0000,0.0000,0.0000,0.0000,0.0000,0.0000,0.0000,0.0000,0.0000,0.0000,3.0335,1.2282,0.0000,6.9616,1.1907,0.0000,0.0000,0.0000,0.0000,0.0000,0.0000,0.0000,0.0000,0.0000,0.0000,2.2286,4.6852,3.2452,2.8872,0.0000,0.0000
30,69EnNDMC2025/08/08,NDMC,0.0000,0.0000,0.0000,0.0000,0.0000,0.0000,0.0000,0.0000,0.0000,0.0000,3.7620,87.0870,0.0000,0.0000,0.0000,0.0000,0.0000,8.0737,12.0944,0.0000,22.2345,0.0000,0.0000,0.0000,0.0000,0.0000,0.0000,0.0000,0.0000,0.0000,0.0000,0.0000,3.3090,0.0000,0.0000,0.0000,3.3429,3.4449,3.4542,0.0000,5.0733,0.4243,1.3860,0.6867,0.0000,0.0000,0.0000,4.7173,7.0149,9.3797,4.5634,7.3142,0.6713,1.3407,0.0000,2.0862,0.0000,0.0000,3.0017,7.4445,0.0000,0.0000,0.0000,0.0000,0.0000,2.0372,0.0000,4.0240,2.5828,3.1293,3.9063,2.8286,0.0000,0.0000,0.0000,1.7047,0.0000,0.0000,70.7130,0.0000,0.0000,0.0000,0.0000,0.0000,0.0000,0.0000,0.0000,0.0000,0.0000,0.0000,0.0000,0.0000,0.0000,0.0000,0.0000,0.0000,0.0000,0.0000,0.0000,0.0000,0.0000,3.0335,1.2282,0.0000,6.9616,1.1907,0.0000,0.0000,0.0000,0.0000,0.0000,0.0000,0.0000,0.0000,0.0000,0.0000,2.2286,4.6852,3.2452,2.8872,0.0000,0.0000
31,69EnNDMC2025/08/08,NDMC,0.0000,0.0000,0.0000,0.0000,0.0000,0.0000,0.0000,0.0000,0.0000,0.0000,3.7620,87.0870,0.0000,0.0000,0.0000,0.0000,0.0000,8.0737,12.0944,0.0000,22.2345,0.0000,0.0000,0.0000,0.0000,0.0000,0.0000,0.0000,0.0000,0.0000,0.0000,0.0000,3.3090,0.0000,0.0000,0.0000,3.3429,3.4449,3.4542,0.0000,5.0733,0.4243,1.3860,0.6867,0.0000,0.0000,0.0000,4.7173,7.0149,9.3797,4.5634,7.3142,0.6713,1.3407,0.0000,2.0862,0.0000,0.0000,3.0017,7.4445,0.0000,0.0000,0.0000,0.0000,0.0000,1.8106,0.0000,4.0240,2.5828,3.1293,3.9063,2.8286,0.0000,0.0000,0.0000,1.7047,0.0000,0.0000,70.7130,0.0000,0.0000,0.0000,0.0000,0.0000,0.0000,0.0000,0.0000,0.0000,0.0000,0.0000,0.0000,0.0000,0.0000,0.0000,0.0000,0.0000,0.0000,0.0000,0.0000,0.0000,0.0000,3.0335,1.2282,0.0000,6.9616,1.1907,0.0000,0.0000,0.0000,0.0000,0.0000,0.0000,0.0000,0.0000,0.0000,0.0000,2.2286,4.6852,3.2452,2.8872,0.0000,0.0000
32,69EnNDMC2025/08/08,NDMC,0.0000,0.0000,0.0000,0.0000,0.0000,0.0000,0.0000,0.0000,0.0000,0.0000,3.7620,87.0870,0.0000,0.0000,0.0000,0.0000,0.0000,8.0737,12.0944,0.0000,22.2345,0.0000,0.0000,0.0000,0.0000,0.0000,0.0000,0.0000,0.0000,0.0000,0.0000,0.0000,3.3090,0.0000,0.0000,0.0000,3.3429,3.4449,3.4542,0.0000,5.0733,0.4243,1.3860,0.6867,0.0000,0.0000,0.0000,4.7173,7.0149,9.3797,4.5634,7.3142,0.6713,1.3407,0.0000,2.0862,0.0000,0.0000,3.0017,7.4445,0.0000,0.0000,0.0000,0.0000,0.0000,1.8106,0.0000,4.0240,2.5828,3.1293,3.9063,2.8286,0.0000,0.0000,0.0000,1.7047,0.0000,0.0000,70.7130,0.0000,0.0000,0.0000,0.0000,0.0000,0.0000,0.0000,0.0000,0.0000,0.0000,0.0000,0.0000,0.0000,0.0000,0.0000,0.0000,0.0000,0.0000,0.0000,0.0000,0.0000,0.0000,3.0335,1.2282,0.0000,6.9616,1.1907,0.0000,0.0000,0.0000,0.0000,0.0000,0.0000,0.0000,0.0000,0.0000,0.0000,2.2286,4.6852,3.2452,2.8872,0.0000,0.0000
33,69EnNDMC2025/08/08,NDMC,0.0000,0.0000,0.0000,0.0000,0.0000,0.0000,0.0000,0.0000,0.0000,0.0000,3.7620,87.0870,0.0000,0.0000,0.0000,0.0000,0.0000,8.0737,12.0944,0.0000,22.2345,0.0000,0.0000,0.0000,0.0000,0.0000,0.0000,0.0000,0.0000,0.0000,0.0000,0.0000,3.3090,0.0000,0.0000,0.0000,3.3429,3.4449,3.4542,0.0000,5.0733,0.4243,1.3860,0.6867,0.0000,0.0000,0.0000,4.6725,7.0149,9.1448,4.5634,7.3142,0.6713,1.3407,0.0000,2.0862,0.0000,0.0000,3.0017,7.4445,0.0000,0.0000,0.0000,0.0000,0.0000,1.8106,0.0000,4.0240,2.5828,3.1293,3.9063,2.8286,0.0000,0.0000,0.0000,1.7047,0.0000,0.0000,70.7130,0.0000,0.0000,0.0000,0.0000,0.0000,0.0000,0.0000,0.0000,0.0000,0.0000,0.0000,0.0000,0.0000,0.0000,0.0000,0.0000,0.0000,0.0000,0.0000,0.0000,0.0000,0.0000,3.0335,1.2282,0.0000,6.9616,1.1907,0.0000,0.0000,0.0000,0.0000,0.0000,0.0000,0.0000,0.0000,0.0000,0.0000,2.2286,4.6852,3.2452,2.8872,0.0000,0.0000
34,69EnNDMC2025/08/08,NDMC,0.0000,0.0000,0.0000,0.0000,0.0000,0.0000,0.0000,0.0000,0.0000,0.0000,3.7620,87.0870,0.0000,0.0000,0.0000,0.0000,0.0000,8.0737,12.0944,0.0000,22.2345,0.0000,0.0000,0.0000,0.0000,0.0000,0.0000,0.0000,0.0000,0.0000,0.0000,0.0000,3.3090,0.0000,0.0000,0.0000,3.3429,3.4449,3.4542,0.0000,5.0733,0.4243,1.3860,0.6867,0.0000,0.0000,0.0000,4.6725,7.0149,9.1448,4.5634,7.3142,0.6713,1.3407,0.0000,2.0862,0.0000,0.0000,3.0017,7.4445,0.0000,0.0000,0.0000,0.0000,0.0000,1.8106,0.0000,4.0240,2.5828,3.1293,3.9063,2.8286,0.0000,0.0000,0.0000,1.7047,0.0000,0.0000,70.7130,0.0000,0.0000,0.0000,0.0000,0.0000,0.0000,0.0000,0.0000,0.0000,0.0000,0.0000,0.0000,0.0000,0.0000,0.0000,0.0000,0.0000,0.0000,0.0000,0.0000,0.0000,0.0000,3.0335,1.2282,0.0000,6.9616,1.1907,0.0000,0.0000,0.0000,0.0000,0.0000,0.0000,0.0000,0.0000,0.0000,0.0000,2.2286,4.6852,3.2452,2.8872,0.0000,0.0000
35,69EnNDMC2025/08/08,NDMC,0.0000,0.0000,0.0000,0.0000,0.0000,0.0000,0.0000,0.0000,0.0000,0.0000,3.7620,87.0870,0.0000,0.0000,0.0000,0.0000,0.0000,8.0737,12.0944,0.0000,22.2345,0.0000,0.0000,0.0000,0.0000,0.0000,0.0000,0.0000,0.0000,0.0000,0.0000,0.0000,3.3090,0.0000,0.0000,0.0000,3.3429,3.4449,3.4542,0.0000,5.0733,0.4243,1.3860,0.6867,0.0000,0.0000,0.0000,4.6725,7.0149,9.1448,4.5634,7.3142,0.6713,1.3407,0.0000,2.0862,0.0000,0.0000,3.0017,7.4445,0.0000,0.0000,0.0000,0.0000,0.0000,1.8106,0.0000,4.0240,2.5828,3.1293,3.9063,2.8286,0.0000,0.0000,0.0000,1.7047,0.0000,0.0000,70.7130,0.0000,0.0000,0.0000,0.0000,0.0000,0.0000,0.0000,0.0000,0.0000,0.0000,0.0000,0.0000,0.0000,0.0000,0.0000,0.0000,0.0000,0.0000,0.0000,0.0000,0.0000,0.0000,3.0335,1.2282,0.0000,6.9616,1.1907,0.0000,0.0000,0.0000,0.0000,0.0000,0.0000,0.0000,0.0000,0.0000,0.0000,2.2286,4.6852,3.2452,2.8872,0.0000,0.0000
36,69EnNDMC2025/08/08,NDMC,0.0000,0.0000,0.0000,0.0000,0.0000,0.0000,0.0000,0.0000,0.0000,0.0000,3.7620,87.0870,0.0000,0.0000,0.0000,0.0000,0.0000,8.0737,12.0944,0.0000,22.2345,0.0000,0.0000,0.0000,0.0000,0.0000,0.0000,0.0000,0.0000,0.0000,0.0000,0.0000,3.3090,0.0000,0.0000,0.0000,3.3429,3.4449,3.4542,0.0000,5.0733,0.4243,1.3860,0.6867,0.0000,0.0000,0.0000,4.6725,7.0149,9.1448,4.5634,7.3142,0.6713,1.3407,0.0000,2.0862,0.0000,0.0000,3.0017,7.4445,0.0000,0.0000,0.0000,0.0000,0.0000,1.8106,0.0000,4.0240,2.5828,3.1293,3.9063,2.8286,0.0000,0.0000,0.0000,1.7047,0.0000,0.0000,70.7130,0.0000,0.0000,0.0000,0.0000,0.0000,0.0000,0.0000,0.0000,0.0000,0.0000,0.0000,0.0000,0.0000,0.0000,0.0000,0.0000,0.0000,0.0000,0.0000,0.0000,0.0000,0.0000,3.0335,1.2282,0.0000,6.9616,1.1907,0.0000,0.0000,0.0000,0.0000,0.0000,0.0000,0.0000,0.0000,0.0000,0.0000,2.2286,4.6852,3.2452,2.8872,0.0000,0.0000
37,69EnNDMC2025/08/08,NDMC,0.0000,0.0000,0.0000,0.0000,0.0000,0.0000,0.0000,0.0000,0.0000,0.0000,3.7620,87.0870,0.0000,0.0000,0.0000,0.0000,0.0000,8.0737,12.0944,0.0000,21.8700,0.0000,0.0000,0.0000,0.0000,0.0000,0.0000,0.0000,0.0000,0.0000,0.0000,0.0000,3.3090,0.0000,0.0000,0.0000,3.3429,3.4449,3.4542,0.0000,5.0733,0.4243,1.3860,0.6867,0.0000,0.0000,0.0000,4.6276,6.9924,9.1448,4.5634,5.4857,0.6713,1.3407,0.0000,2.0862,0.0000,0.0000,3.0017,7.4445,0.0000,0.0000,0.0000,0.0000,0.0000,2.7167,0.0000,4.0240,2.5828,3.1293,3.9063,2.8286,0.0000,0.0000,0.0000,1.7047,0.0000,0.0000,69.6195,0.0000,0.0000,0.0000,0.0000,0.0000,0.0000,0.0000,0.0000,0.0000,0.0000,0.0000,0.0000,0.0000,0.0000,0.0000,0.0000,0.0000,0.0000,0.0000,0.0000,0.0000,0.0000,3.0335,1.2282,0.0000,6.9616,1.1907,0.0000,0.0000,0.0000,0.0000,0.0000,0.0000,0.0000,0.0000,0.0000,0.0000,2.2286,4.6852,3.2452,2.8872,0.0000,0.0000
38,69EnNDMC2025/08/08,NDMC,0.0000,0.0000,0.0000,0.0000,0.0000,0.0000,0.0000,0.0000,0.0000,0.0000,3.7620,87.0870,0.0000,0.0000,0.0000,0.0000,0.0000,8.0737,12.0944,0.0000,21.8700,0.0000,0.0000,0.0000,0.0000,0.0000,0.0000,0.0000,0.0000,0.0000,0.0000,0.0000,3.3090,0.0000,0.0000,0.0000,3.3429,3.4449,3.4542,0.0000,5.0733,0.4243,1.3860,0.6867,0.0000,0.0000,0.0000,4.6276,6.9924,9.1448,4.5634,3.6571,0.6713,1.3407,0.0000,2.0862,0.0000,0.0000,3.0017,7.4445,0.0000,0.0000,0.0000,0.0000,0.0000,2.7167,0.0000,4.0240,2.5828,3.1293,3.9063,2.8286,0.0000,0.0000,0.0000,1.7047,0.0000,0.0000,69.6195,0.0000,0.0000,0.0000,0.0000,0.0000,0.0000,0.0000,0.0000,0.0000,0.0000,0.0000,0.0000,0.0000,0.0000,0.0000,0.0000,0.0000,0.0000,0.0000,0.0000,0.0000,0.0000,3.0335,1.2282,0.0000,6.9616,1.1907,0.0000,0.0000,0.0000,0.0000,0.0000,0.0000,0.0000,0.0000,0.0000,0.0000,2.2286,4.6852,3.2452,2.8872,0.0000,0.0000
39,69EnNDMC2025/08/08,NDMC,0.0000,0.0000,0.0000,0.0000,0.0000,0.0000,0.0000,0.0000,0.0000,0.0000,3.7620,87.0870,0.0000,0.0000,0.0000,0.0000,0.0000,8.0737,12.0944,0.0000,21.8700,0.0000,0.0000,0.0000,0.0000,0.0000,0.0000,0.0000,0.0000,0.0000,0.0000,0.0000,3.3090,0.0000,0.0000,0.0000,3.3429,3.4449,3.4542,0.0000,5.0733,0.4243,1.3860,0.6867,0.0000,0.0000,0.0000,4.6276,6.9924,9.1448,4.5634,1.8286,0.6713,1.3407,0.0000,2.0862,0.0000,0.0000,3.0017,7.4445,0.0000,0.0000,0.0000,0.0000,0.0000,1.8106,0.0000,4.0240,2.5828,3.1293,3.9063,2.8286,0.0000,0.0000,0.0000,1.7047,0.0000,0.0000,69.6195,0.0000,0.0000,0.0000,0.0000,0.0000,0.0000,0.0000,0.0000,0.0000,0.0000,0.0000,0.0000,0.0000,0.0000,0.0000,0.0000,0.0000,0.0000,0.0000,0.0000,0.0000,0.0000,3.0335,1.2282,0.0000,6.9616,1.1907,0.0000,0.0000,0.0000,0.0000,0.0000,0.0000,0.0000,0.0000,0.0000,0.0000,2.2286,4.6852,3.2452,2.8872,0.0000,0.0000
40,69EnNDMC2025/08/08,NDMC,0.0000,0.0000,0.0000,0.0000,0.0000,0.0000,0.0000,0.0000,0.0000,0.0000,3.7620,87.0870,0.0000,0.0000,0.0000,0.0000,0.0000,8.0737,12.0944,0.0000,21.8700,0.0000,0.0000,0.0000,0.0000,0.0000,0.0000,0.0000,0.0000,0.0000,0.0000,0.0000,3.3090,0.0000,0.0000,0.0000,3.3429,3.4449,3.4542,0.0000,5.0733,0.4243,1.3860,0.6867,0.0000,0.0000,0.0000,4.6276,6.9924,9.1448,4.5634,0.0000,0.6713,1.3407,0.0000,2.0862,0.0000,0.0000,3.0017,7.4445,0.0000,0.0000,0.0000,0.0000,0.0000,1.8106,0.0000,4.0240,2.5828,3.1293,3.9063,2.8286,0.0000,0.0000,0.0000,1.7047,0.0000,0.0000,69.6195,0.0000,0.0000,0.0000,0.0000,0.0000,0.0000,0.0000,0.0000,0.0000,0.0000,0.0000,0.0000,0.0000,0.0000,0.0000,0.0000,0.0000,0.0000,0.0000,0.0000,0.0000,0.0000,3.0335,1.2282,0.0000,6.9616,1.1907,0.0000,0.0000,0.0000,0.0000,0.0000,0.0000,0.0000,0.0000,0.0000,0.0000,2.2286,4.6852,3.2452,2.8872,0.0000,0.0000
41,69EnNDMC2025/08/08,NDMC,0.0000,0.0000,0.0000,0.0000,0.0000,0.0000,0.0000,0.0000,0.0000,0.0000,3.7620,87.0870,0.0000,0.0000,0.0000,0.0000,0.0000,8.0737,12.0944,0.0000,21.8700,0.0000,0.0000,0.0000,0.0000,0.0000,0.0000,0.0000,0.0000,0.0000,0.0000,0.0000,3.3090,0.0000,0.0000,0.0000,2.6163,3.4449,3.4542,0.0000,5.0733,0.4243,1.3860,0.6867,0.0000,0.0000,0.0000,4.5586,6.9924,9.1448,4.5634,0.0000,0.6713,1.3407,0.0000,2.0862,0.0000,0.0000,3.0017,7.4445,0.0000,0.0000,0.0000,0.0000,0.0000,1.8106,0.0000,4.0240,2.5828,3.1293,3.9063,2.8286,0.0000,0.0000,0.0000,1.7047,0.0000,0.0000,69.6195,0.0000,0.0000,0.0000,0.0000,0.0000,0.0000,0.0000,0.0000,0.0000,0.0000,0.0000,0.0000,0.0000,0.0000,0.0000,0.0000,0.0000,0.0000,0.0000,0.0000,0.0000,0.0000,3.0335,1.2282,0.0000,6.9616,1.1907,0.0000,0.0000,0.0000,0.0000,0.0000,0.0000,0.0000,0.0000,0.0000,0.0000,2.2286,4.6852,3.2452,2.8872,0.0000,0.0000
42,69EnNDMC2025/08/08,NDMC,0.0000,0.0000,0.0000,0.0000,0.0000,0.0000,0.0000,0.0000,0.0000,0.0000,3.7620,87.0870,0.0000,0.0000,0.0000,0.0000,0.0000,8.0737,12.0944,0.0000,21.8700,0.0000,0.0000,0.0000,0.0000,0.0000,0.0000,0.0000,0.0000,0.0000,0.0000,0.0000,3.3090,0.0000,0.0000,0.0000,2.2528,3.4449,3.4542,0.0000,5.0733,0.4243,1.3860,0.6867,0.0000,0.0000,0.0000,4.5586,6.9924,9.1448,4.5634,0.0000,0.6713,1.3407,0.0000,2.0862,0.0000,0.0000,3.0017,7.4445,0.0000,0.0000,0.0000,0.0000,0.0000,1.8106,0.0000,4.0240,2.5828,3.1293,3.9063,2.8286,0.0000,0.0000,0.0000,1.7047,0.0000,0.0000,69.6195,0.0000,0.0000,0.0000,0.0000,0.0000,0.0000,0.0000,0.0000,0.0000,0.0000,0.0000,0.0000,0.0000,0.0000,0.0000,0.0000,0.0000,0.0000,0.0000,0.0000,0.0000,0.0000,3.0335,1.2282,0.0000,6.9616,1.1907,0.0000,0.0000,0.0000,0.0000,0.0000,0.0000,0.0000,0.0000,0.0000,0.0000,2.2286,4.6852,3.2452,2.8872,0.0000,0.0000
43,69EnNDMC2025/08/08,NDMC,0.0000,0.0000,0.0000,0.0000,0.0000,0.0000,0.0000,0.0000,0.0000,0.0000,3.7620,87.0870,0.0000,0.0000,0.0000,0.0000,0.0000,8.0737,12.0944,0.0000,21.8700,0.0000,0.0000,0.0000,0.0000,0.0000,0.0000,0.0000,0.0000,0.0000,0.0000,0.0000,3.3090,0.0000,0.0000,0.0000,2.2528,3.4449,3.4542,0.0000,5.0733,0.4243,1.3860,0.6867,0.0000,0.0000,0.0000,4.5361,6.9924,9.1448,4.5634,0.0000,0.6713,1.3407,0.0000,2.0862,0.0000,0.0000,3.0017,7.4445,0.0000,0.0000,0.0000,0.0000,0.0000,1.8106,0.0000,4.0240,2.5828,3.1293,3.9063,2.8286,0.0000,0.0000,0.0000,1.7047,0.0000,0.0000,69.6195,0.0000,0.0000,0.0000,0.0000,0.0000,0.0000,0.0000,0.0000,0.0000,0.0000,0.0000,0.0000,0.0000,0.0000,0.0000,0.0000,0.0000,0.0000,0.0000,0.0000,0.0000,0.0000,3.0335,1.2282,0.0000,6.9616,1.1907,0.0000,0.0000,0.0000,0.0000,0.0000,0.0000,0.0000,0.0000,0.0000,0.0000,2.2286,4.6852,3.2452,2.8872,0.0000,0.0000
44,69EnNDMC2025/08/08,NDMC,0.0000,0.0000,0.0000,0.0000,0.0000,0.0000,0.0000,0.0000,0.0000,0.0000,3.7620,87.0870,0.0000,0.0000,0.0000,0.0000,0.0000,8.0737,12.0944,0.0000,21.8700,0.0000,0.0000,0.0000,0.0000,0.0000,0.0000,0.0000,0.0000,0.0000,0.0000,0.0000,3.3090,0.0000,0.0000,0.0000,2.2528,3.4449,3.4542,0.0000,5.0733,0.4243,1.3860,0.6867,0.0000,0.0000,0.0000,4.5361,6.9924,9.1448,4.5634,0.0000,0.6713,1.3407,0.0000,2.0862,0.0000,0.0000,3.0017,7.4445,0.0000,0.0000,0.0000,0.0000,0.0000,1.8106,0.0000,4.0240,2.5828,3.1293,3.9063,2.8286,0.0000,0.0000,0.0000,1.7047,0.0000,0.0000,69.6195,0.0000,0.0000,0.0000,0.0000,0.0000,0.0000,0.0000,0.0000,0.0000,0.0000,0.0000,0.0000,0.0000,0.0000,0.0000,0.0000,0.0000,0.0000,0.0000,0.0000,0.0000,0.0000,3.0335,1.2282,0.0000,6.9616,1.1907,0.0000,0.0000,0.0000,0.0000,0.0000,0.0000,0.0000,0.0000,0.0000,0.0000,2.2286,4.6852,3.2452,2.8872,0.0000,0.0000
45,69EnNDMC2025/08/08,NDMC,0.0000,0.0000,0.0000,0.0000,0.0000,0.0000,0.0000,0.0000,0.0000,0.0000,3.7620,87.0870,0.0000,0.0000,0.0000,0.0000,0.0000,8.0737,12.0944,0.0000,21.8700,0.0000,0.0000,0.0000,0.0000,0.0000,0.0000,0.0000,0.0000,0.0000,0.0000,0.0000,3.3090,0.0000,0.0000,0.0000,2.2528,3.4449,3.4542,0.0000,5.0733,0.4243,1.3860,0.6867,0.0000,0.0000,0.0000,4.4904,6.9924,9.1448,4.5634,0.0000,0.6713,1.3407,0.0000,2.0862,0.0000,0.0000,3.0017,7.4445,0.0000,0.0000,0.0000,0.0000,0.0000,1.8106,0.0000,4.0240,2.5828,3.1293,3.9063,2.8286,0.0000,0.0000,0.0000,1.7047,0.0000,0.0000,69.6195,0.0000,0.0000,0.0000,0.0000,0.0000,0.0000,0.0000,0.0000,0.0000,0.0000,0.0000,0.0000,0.0000,0.0000,0.0000,0.0000,0.0000,0.0000,0.0000,0.0000,0.0000,0.0000,3.0335,1.2282,0.0000,6.9616,1.1907,0.0000,0.0000,0.0000,0.0000,0.0000,0.0000,0.0000,0.0000,0.0000,0.0000,2.2286,4.6852,3.2452,2.8872,0.0000,0.0000
46,69EnNDMC2025/08/08,NDMC,0.0000,0.0000,0.0000,0.0000,0.0000,0.0000,0.0000,0.0000,0.0000,0.0000,3.7620,87.0870,0.0000,0.0000,0.0000,0.0000,0.0000,8.0737,12.0944,0.0000,21.8700,0.0000,0.0000,0.0000,0.0000,0.0000,0.0000,0.0000,0.0000,0.0000,0.0000,0.0000,3.3090,0.0000,0.0000,0.0000,2.2528,3.4449,3.4542,0.0000,5.0733,0.4243,1.3860,0.6867,0.0000,0.0000,0.0000,4.4904,6.9585,9.1448,4.5634,0.0000,0.6713,1.3407,0.0000,2.0862,0.0000,0.0000,3.0017,7.4445,0.0000,0.0000,0.0000,0.0000,0.0000,1.8106,0.0000,4.0240,2.5828,3.1293,3.9063,2.8286,0.0000,0.0000,0.0000,1.7047,0.0000,0.0000,69.6195,0.0000,0.0000,0.0000,0.0000,0.0000,0.0000,0.0000,0.0000,0.0000,0.0000,0.0000,0.0000,0.0000,0.0000,0.0000,0.0000,0.0000,0.0000,0.0000,0.0000,0.0000,0.0000,3.0335,1.2282,0.0000,6.9616,1.1907,0.0000,0.0000,0.0000,0.0000,0.0000,0.0000,0.0000,0.0000,0.0000,0.0000,2.2286,4.6852,3.2452,2.8872,0.0000,0.0000
47,69EnNDMC2025/08/08,NDMC,0.0000,0.0000,0.0000,0.0000,0.0000,0.0000,0.0000,0.0000,0.0000,0.0000,3.7620,87.0870,0.0000,0.0000,0.0000,0.0000,0.0000,8.0737,12.0944,0.0000,21.8700,0.0000,0.0000,0.0000,0.0000,0.0000,0.0000,0.0000,0.0000,0.0000,0.0000,0.0000,3.3090,0.0000,0.0000,0.0000,2.2528,3.4449,3.4542,0.0000,5.0733,0.4243,1.3860,0.6867,0.0000,0.0000,0.0000,4.4904,6.9585,9.1448,4.5634,0.0000,0.6713,1.3407,0.0000,2.0862,0.0000,0.0000,3.0017,7.4445,0.0000,0.0000,0.0000,0.0000,0.0000,1.8106,0.0000,4.0240,2.5828,3.1293,3.9063,2.8286,0.0000,0.0000,0.0000,1.7047,0.0000,0.0000,69.6195,0.0000,0.0000,0.0000,0.0000,0.0000,0.0000,0.0000,0.0000,0.0000,0.0000,0.0000,0.0000,0.0000,0.0000,0.0000,0.0000,0.0000,0.0000,0.0000,0.0000,0.0000,0.0000,3.0335,1.2282,0.0000,6.9616,1.1907,0.0000,0.0000,0.0000,0.0000,0.0000,0.0000,0.0000,0.0000,0.0000,0.0000,2.2286,4.6852,3.2452,2.8872,0.0000,0.0000
48,69EnNDMC2025/08/08,NDMC,0.0000,0.0000,0.0000,0.0000,0.0000,0.0000,0.0000,0.0000,0.0000,0.0000,3.7620,87.0870,0.0000,0.0000,0.0000,0.0000,0.0000,8.0737,12.0944,0.0000,21.8700,0.0000,0.0000,0.0000,0.0000,0.0000,0.0000,0.0000,0.0000,0.0000,0.0000,0.0000,3.3090,0.0000,0.0000,0.0000,2.2528,3.4449,3.4542,0.0000,5.0733,0.4243,1.3860,0.6867,0.0000,0.0000,0.0000,4.4904,6.9585,9.1448,4.5634,0.0000,0.6713,1.3407,0.0000,2.0862,0.0000,0.0000,3.0017,7.4445,0.0000,0.0000,0.0000,0.0000,0.0000,1.8106,0.0000,4.0240,2.5828,3.1293,3.9063,2.8286,0.0000,0.0000,0.0000,1.7047,0.0000,0.0000,69.6195,0.0000,0.0000,0.0000,0.0000,0.0000,0.0000,0.0000,0.0000,0.0000,0.0000,0.0000,0.0000,0.0000,0.0000,0.0000,0.0000,0.0000,0.0000,0.0000,0.0000,0.0000,0.0000,3.0335,1.2282,0.0000,6.9616,1.1907,0.0000,0.0000,0.0000,0.0000,0.0000,0.0000,0.0000,0.0000,0.0000,0.0000,2.2286,4.6852,3.2452,2.8872,0.0000,0.0000
49,69EnNDMC2025/08/08,NDMC,0.0000,0.0000,0.0000,0.0000,0.0000,0.0000,0.0000,0.0000,0.0000,0.0000,3.7620,87.0870,0.0000,0.0000,0.0000,0.0000,0.0000,8.0737,12.0944,0.0000,21.5055,0.0000,0.0000,0.0000,0.0000,0.0000,0.0000,0.0000,0.0000,0.0000,0.0000,0.0000,3.3090,0.0000,0.0000,0.0000,1.5987,3.4449,3.4542,0.0000,5.0733,0.4243,1.3860,0.6867,0.0000,0.0000,0.0000,4.4680,6.9585,9.1448,4.5634,0.0000,0.6713,1.3407,0.0000,2.0862,0.0000,0.0000,3.0017,7.4445,0.0000,0.0000,0.0000,0.0000,0.0000,1.8106,0.0000,4.0240,2.5828,3.1293,3.9063,2.8286,0.0000,0.0000,0.0000,1.7047,0.0000,0.0000,68.5260,0.0000,0.0000,0.0000,0.0000,0.0000,0.0000,0.0000,0.0000,0.0000,0.0000,0.0000,0.0000,0.0000,0.0000,0.0000,0.0000,0.0000,0.0000,0.0000,0.0000,0.0000,0.0000,3.0335,1.2282,0.0000,6.9616,1.1907,0.0000,0.0000,0.0000,0.0000,0.0000,0.0000,0.0000,0.0000,0.0000,0.0000,2.2286,4.6852,3.2452,2.8872,0.0000,0.0000
50,69EnNDMC2025/08/08,NDMC,0.0000,0.0000,0.0000,0.0000,0.0000,0.0000,0.0000,0.0000,0.0000,0.0000,3.7620,87.0870,0.0000,0.0000,0.0000,0.0000,0.0000,8.0737,12.0944,0.0000,21.5055,0.0000,0.0000,0.0000,0.0000,0.0000,0.0000,0.0000,0.0000,0.0000,0.0000,0.0000,3.3090,0.0000,0.0000,0.0000,1.5987,3.4449,3.4542,0.0000,5.0733,0.4243,1.3860,0.6867,0.0000,0.0000,0.0000,4.4680,6.9585,9.1448,4.5634,0.0000,0.6713,1.3407,0.0000,2.0862,0.0000,0.0000,3.0017,7.4445,0.0000,0.0000,0.0000,0.0000,0.0000,1.8106,0.0000,4.0240,2.5828,3.1293,3.9063,2.8286,0.0000,0.0000,0.0000,1.7047,0.0000,0.0000,68.5260,0.0000,0.0000,0.0000,0.0000,0.0000,0.0000,0.0000,0.0000,0.0000,0.0000,0.0000,0.0000,0.0000,0.0000,0.0000,0.0000,0.0000,0.0000,0.0000,0.0000,0.0000,0.0000,3.0335,1.2282,0.0000,6.9616,1.1907,0.0000,0.0000,0.0000,0.0000,0.0000,0.0000,0.0000,0.0000,0.0000,0.0000,2.2286,4.6852,3.2452,2.8872,0.0000,0.0000
51,69EnNDMC2025/08/08,NDMC,0.0000,0.0000,0.0000,0.0000,0.0000,0.0000,0.0000,0.0000,0.0000,0.0000,3.7620,87.0870,0.0000,0.0000,0.0000,0.0000,0.0000,8.0737,12.0944,0.0000,21.5055,0.0000,0.0000,0.0000,0.0000,0.0000,0.0000,0.0000,0.0000,0.0000,0.0000,0.0000,3.3090,0.0000,0.0000,0.0000,1.5987,3.4449,3.4542,0.0000,5.0733,0.4243,1.3860,0.6867,0.0000,0.0000,0.0000,4.4680,6.9585,9.1448,4.5634,0.0000,0.6713,1.3407,0.0000,2.0862,0.0000,0.0000,3.0017,7.4445,0.0000,0.0000,0.0000,0.0000,0.0000,1.8106,0.0000,4.0240,2.5828,3.1293,3.9063,2.8286,0.0000,0.0000,0.0000,1.7047,0.0000,0.0000,68.5260,0.0000,0.0000,0.0000,0.0000,0.0000,0.0000,0.0000,0.0000,0.0000,0.0000,0.0000,0.0000,0.0000,0.0000,0.0000,0.0000,0.0000,0.0000,0.0000,0.0000,0.0000,0.0000,3.0335,1.2282,0.0000,6.9616,1.1907,0.0000,0.0000,0.0000,0.0000,0.0000,0.0000,0.0000,0.0000,0.0000,0.0000,2.2286,4.6852,3.2452,2.8872,0.0000,0.0000
52,69EnNDMC2025/08/08,NDMC,0.0000,0.0000,0.0000,0.0000,0.0000,0.0000,0.0000,0.0000,0.0000,0.0000,3.7620,87.0870,0.0000,0.0000,0.0000,0.0000,0.0000,8.0737,12.0944,0.0000,21.5055,0.0000,0.0000,0.0000,0.0000,0.0000,0.0000,0.0000,0.0000,0.0000,0.0000,0.0000,3.3090,0.0000,0.0000,0.0000,1.5987,3.4449,3.4542,0.0000,5.0733,0.4243,1.3860,0.6867,0.0000,0.0000,0.0000,4.4680,6.9585,9.1448,4.5634,0.0000,0.6713,1.3407,0.0000,2.0862,0.0000,0.0000,3.0017,7.4445,0.0000,0.0000,0.0000,0.0000,0.0000,1.8106,0.0000,4.0240,2.5828,3.1293,3.9063,2.8286,0.0000,0.0000,0.0000,1.7047,0.0000,0.0000,68.5260,0.0000,0.0000,0.0000,0.0000,0.0000,0.0000,0.0000,0.0000,0.0000,0.0000,0.0000,0.0000,0.0000,0.0000,0.0000,0.0000,0.0000,0.0000,0.0000,0.0000,0.0000,0.0000,3.0335,1.2282,0.0000,6.9616,1.1907,0.0000,0.0000,0.0000,0.0000,0.0000,0.0000,0.0000,0.0000,0.0000,0.0000,2.2286,4.6852,3.2452,2.8872,0.0000,0.0000
53,69EnNDMC2025/08/08,NDMC,0.0000,0.0000,0.0000,0.0000,0.0000,0.0000,0.0000,0.0000,0.0000,0.0000,3.7620,87.0870,0.0000,0.0000,0.0000,0.0000,0.0000,8.0737,12.0944,0.0000,21.5055,0.0000,0.0000,0.0000,0.0000,0.0000,0.0000,0.0000,0.0000,0.0000,0.0000,0.0000,3.3090,0.0000,0.0000,0.0000,1.5987,3.4449,3.4542,0.0000,5.0733,0.4243,1.3860,0.6867,0.0000,0.0000,0.0000,4.4455,6.9585,9.1448,4.5634,0.0000,0.6713,1.3407,0.0000,2.0862,0.0000,0.0000,3.0017,7.4445,0.0000,0.0000,0.0000,0.0000,0.0000,1.8106,0.0000,4.0240,2.5828,3.1293,3.9063,2.8286,0.0000,0.0000,0.0000,1.7047,0.0000,0.0000,68.5260,0.0000,0.0000,0.0000,0.0000,0.0000,0.0000,0.0000,0.0000,0.0000,0.0000,0.0000,0.0000,0.0000,0.0000,0.0000,0.0000,0.0000,0.0000,0.0000,0.0000,0.0000,0.0000,3.0335,2.4564,0.0000,6.9616,1.1907,0.0000,0.0000,0.0000,0.0000,0.0000,0.0000,0.0000,0.0000,0.0000,0.0000,2.2286,4.6852,3.2452,2.8872,0.0000,0.0000
54,69EnNDMC2025/08/08,NDMC,0.0000,0.0000,0.0000,0.0000,0.0000,0.0000,0.0000,0.0000,0.0000,0.0000,3.7620,87.0870,0.0000,0.0000,0.0000,0.0000,0.0000,8.0737,12.0944,0.0000,21.5055,0.0000,0.0000,0.0000,0.0000,0.0000,0.0000,0.0000,0.0000,0.0000,0.0000,0.0000,3.3090,0.0000,0.0000,0.0000,1.5987,3.4449,3.4542,0.0000,5.0733,0.4243,1.3860,0.6867,0.0000,0.0000,0.0000,4.4455,6.8909,9.1448,4.5634,0.0000,0.6713,1.3407,0.0000,2.0862,0.0000,0.0000,3.0017,7.4445,0.0000,0.0000,0.0000,0.0000,0.0000,1.8106,0.0000,4.0240,2.5828,3.1293,3.9063,2.8286,0.0000,0.0000,0.0000,1.7047,0.0000,0.0000,68.5260,0.0000,0.0000,0.0000,0.0000,0.0000,0.0000,0.0000,0.0000,0.0000,0.0000,0.0000,0.0000,0.0000,0.0000,0.0000,0.0000,0.0000,0.0000,0.0000,0.0000,0.0000,0.0000,3.0335,2.4564,0.0000,6.9616,1.1907,0.0000,0.0000,0.0000,0.0000,0.0000,0.0000,0.0000,0.0000,0.0000,0.0000,2.2286,4.6852,3.2452,2.8872,0.0000,0.0000
55,69EnNDMC2025/08/08,NDMC,0.0000,0.0000,0.0000,0.0000,0.0000,0.0000,0.0000,0.0000,0.0000,0.0000,3.7620,87.0870,0.0000,0.0000,0.0000,0.0000,0.0000,8.0737,12.0944,0.0000,21.5055,0.0000,0.0000,0.0000,0.0000,0.0000,0.0000,0.0000,0.0000,0.0000,0.0000,0.0000,3.3090,0.0000,0.0000,0.0000,1.5987,3.4449,3.4542,0.0000,5.0733,0.4243,1.3860,0.6867,0.0000,0.0000,0.0000,4.4007,6.8909,9.1448,4.5634,0.0000,0.6713,1.3407,0.0000,2.0862,0.0000,0.0000,3.0017,7.4445,0.0000,0.0000,0.0000,0.0000,0.0000,1.8106,0.0000,4.0240,2.5828,3.1293,3.9063,2.8286,0.0000,0.0000,0.0000,1.7047,0.0000,0.0000,68.5260,0.0000,0.0000,0.0000,0.0000,0.0000,0.0000,0.0000,0.0000,0.0000,0.0000,0.0000,0.0000,0.0000,0.0000,0.0000,0.0000,0.0000,0.0000,0.0000,0.0000,0.0000,0.0000,3.0335,2.4564,0.0000,6.9616,1.1907,0.0000,0.0000,0.0000,0.0000,0.0000,0.0000,0.0000,0.0000,0.0000,0.0000,2.2286,4.6852,3.2452,2.8872,0.0000,0.0000
56,69EnNDMC2025/08/08,NDMC,0.0000,0.0000,0.0000,0.0000,0.0000,0.0000,0.0000,0.0000,0.0000,0.0000,3.7620,87.0870,0.0000,0.0000,0.0000,0.0000,0.0000,8.0737,12.0944,0.0000,21.5055,0.0000,0.0000,0.0000,0.0000,0.0000,0.0000,0.0000,0.0000,0.0000,0.0000,0.0000,3.3090,0.0000,0.0000,0.0000,1.5987,3.4449,3.4542,0.0000,5.0733,0.4243,1.3860,0.6867,0.0000,0.0000,0.0000,4.4007,6.8909,9.1448,4.5634,0.0000,0.6713,1.3407,0.0000,2.0862,0.0000,0.0000,3.0017,7.4445,0.0000,0.0000,0.0000,0.0000,0.0000,1.8106,0.0000,4.0240,2.5828,3.1293,3.9063,2.8286,0.0000,0.0000,0.0000,1.7047,0.0000,0.0000,68.5260,0.0000,0.0000,0.0000,0.0000,0.0000,0.0000,0.0000,0.0000,0.0000,0.0000,0.0000,0.0000,0.0000,0.0000,0.0000,0.0000,0.0000,0.0000,0.0000,0.0000,0.0000,0.0000,3.0335,2.4564,0.0000,6.9616,1.1907,0.0000,0.0000,0.0000,0.0000,0.0000,0.0000,0.0000,0.0000,0.0000,0.0000,2.2286,4.6852,3.2452,2.8872,0.0000,0.0000
57,69EnNDMC2025/08/08,NDMC,0.0000,0.0000,0.0000,0.0000,0.0000,0.0000,0.0000,0.0000,0.0000,0.0000,3.7620,87.0870,0.0000,0.0000,0.0000,0.0000,0.0000,8.0737,12.0944,0.0000,21.5055,0.0000,0.0000,0.0000,0.0000,0.0000,0.0000,0.0000,0.0000,0.0000,0.0000,0.0000,3.3090,0.0000,0.0000,0.0000,1.5987,3.4449,3.4542,0.0000,5.0733,0.4243,1.3860,0.6867,0.0000,0.0000,0.0000,4.4007,6.8909,9.1448,4.5634,0.0000,1.3432,1.3407,0.0000,2.0862,0.0000,0.0000,3.0017,7.4445,0.0000,0.0000,0.0000,0.0000,0.0000,1.8106,0.0000,4.0240,2.5828,3.1293,3.9063,2.8286,0.0000,0.0000,0.0000,1.7047,0.0000,0.0000,68.5260,0.0000,0.0000,0.0000,0.0000,0.0000,0.0000,0.0000,0.0000,0.0000,0.0000,0.0000,0.0000,0.0000,0.0000,0.0000,0.0000,0.0000,0.0000,0.0000,0.0000,0.0000,0.0000,3.0335,2.4564,0.0000,6.9616,1.1907,0.0000,0.0000,0.0000,0.0000,0.0000,0.0000,0.0000,0.0000,0.0000,0.0000,2.2286,4.6852,3.2452,2.8872,0.0000,0.0000
58,69EnNDMC2025/08/08,NDMC,0.0000,0.0000,0.0000,0.0000,0.0000,0.0000,0.0000,0.0000,0.0000,0.0000,3.7620,87.0870,0.0000,0.0000,0.0000,0.0000,0.0000,8.0737,12.0944,0.0000,21.5055,0.0000,0.0000,0.0000,0.0000,0.0000,0.0000,0.0000,0.0000,0.0000,0.0000,0.0000,3.3090,0.0000,0.0000,0.0000,1.5987,3.4449,3.4542,0.0000,5.0733,0.4243,1.3860,0.6867,0.0000,0.0000,0.0000,4.4007,6.8909,9.1448,4.5634,0.0000,2.0145,1.3407,0.0000,2.0862,0.0000,0.0000,3.0017,7.4445,0.0000,0.0000,0.0000,0.0000,0.0000,1.8106,0.0000,4.0240,2.5828,3.1293,3.9063,2.8286,0.0000,0.0000,0.0000,1.7047,0.0000,0.0000,68.5260,0.0000,0.0000,0.0000,0.0000,0.0000,0.0000,0.0000,0.0000,0.0000,0.0000,0.0000,0.0000,0.0000,0.0000,0.0000,0.0000,0.0000,0.0000,0.0000,0.0000,0.0000,0.0000,3.0335,2.4564,0.0000,6.9616,1.1907,0.0000,0.0000,0.0000,0.0000,0.0000,0.0000,0.0000,0.0000,0.0000,0.0000,2.2286,4.6852,3.2452,2.8872,0.0000,0.0000
59,69EnNDMC2025/08/08,NDMC,0.0000,0.0000,0.0000,0.0000,0.0000,0.0000,0.0000,0.0000,0.0000,0.0000,3.7620,87.0870,0.0000,0.0000,0.0000,0.0000,0.0000,8.0737,12.0944,0.0000,21.5055,0.0000,0.0000,0.0000,0.0000,0.0000,0.0000,0.0000,0.0000,0.0000,0.0000,0.0000,3.3090,0.0000,0.0000,0.0000,1.5987,3.4449,3.4542,0.0000,5.0733,0.4243,1.3860,0.6867,0.0000,0.0000,0.0000,4.4007,6.8909,9.1448,4.5634,1.8286,2.6857,1.3407,0.0000,2.0862,0.0000,0.0000,3.0017,7.4445,0.0000,0.0000,0.0000,0.0000,0.0000,1.8106,0.0000,4.0240,2.5828,3.1293,3.9063,2.8286,0.0000,0.0000,0.0000,1.7047,0.0000,0.0000,68.5260,0.0000,0.0000,0.0000,0.0000,0.0000,0.0000,0.0000,0.0000,0.0000,0.0000,0.0000,0.0000,0.0000,0.0000,0.0000,0.0000,0.0000,0.0000,0.0000,0.0000,0.0000,0.0000,3.0335,2.4564,0.0000,6.9616,1.1907,0.0000,0.0000,0.0000,0.0000,0.0000,0.0000,0.0000,0.0000,0.0000,0.0000,2.2286,4.6852,3.2452,2.8872,0.0000,0.0000
60,69EnNDMC2025/08/08,NDMC,0.0000,0.0000,0.0000,0.0000,0.0000,0.0000,0.0000,0.0000,0.0000,0.0000,3.7620,87.0870,0.0000,0.0000,0.0000,0.0000,0.0000,8.0737,12.0944,0.0000,21.5055,0.0000,0.0000,0.0000,0.0000,0.0000,0.0000,0.0000,0.0000,0.0000,0.0000,0.0000,3.3090,0.0000,0.0000,0.0000,1.5987,3.4449,3.4542,0.0000,5.0733,0.4243,1.3860,0.6867,0.0000,0.0000,0.0000,4.4007,6.8909,9.1448,4.5634,3.6571,2.6857,1.3407,0.0000,2.0862,0.0000,0.0000,3.0017,7.4445,0.0000,0.0000,0.0000,0.0000,0.0000,1.8106,0.0000,4.0240,2.5828,3.1293,3.9063,2.8286,0.0000,0.0000,0.0000,1.7047,0.0000,0.0000,68.5260,0.0000,0.0000,0.0000,0.0000,0.0000,0.0000,0.0000,0.0000,0.0000,0.0000,0.0000,0.0000,0.0000,0.0000,0.0000,0.0000,0.0000,0.0000,0.0000,0.0000,0.0000,0.0000,3.0335,2.4564,0.0000,6.9616,1.1907,0.0000,0.0000,0.0000,0.0000,0.0000,0.0000,0.0000,0.0000,0.0000,0.0000,2.2286,4.6852,3.2452,2.8872,0.0000,0.0000
61,69EnNDMC2025/08/08,NDMC,0.0000,0.0000,0.0000,0.0000,0.0000,0.0000,0.0000,0.0000,0.0000,0.0000,3.7620,87.0870,0.0000,0.0000,0.0000,0.0000,0.0000,8.0737,12.0944,0.0000,21.5055,0.0000,0.0000,0.0000,0.0000,0.0000,0.0000,0.0000,0.0000,0.0000,0.0000,0.0000,3.3090,0.0000,0.0000,0.0000,1.5987,3.4449,3.4542,0.0000,5.0733,0.4243,1.3860,0.6867,0.0000,0.0000,0.0000,4.3549,6.8909,9.1448,4.5634,5.4857,2.6857,1.3407,0.0000,2.0862,0.0000,0.0000,3.0017,7.4445,0.0000,0.0000,0.0000,0.0000,0.0000,1.8106,0.0000,4.0240,2.5828,3.1293,3.9063,2.8286,0.0000,0.0000,0.0000,1.7047,0.0000,0.0000,68.5260,0.0000,0.0000,0.0000,0.0000,0.0000,0.0000,0.0000,0.0000,0.0000,0.0000,0.0000,0.0000,0.0000,0.0000,0.0000,0.0000,0.0000,0.0000,0.0000,0.0000,0.0000,0.0000,3.0335,2.4564,0.0000,6.9616,1.1907,0.0000,0.0000,0.0000,0.0000,0.0000,0.0000,0.0000,0.0000,0.0000,0.0000,2.2286,4.6852,3.2452,2.8872,0.0000,0.0000
62,69EnNDMC2025/08/08,NDMC,0.0000,0.0000,0.0000,0.0000,0.0000,0.0000,0.0000,0.0000,0.0000,0.0000,3.7620,87.0870,0.0000,0.0000,0.0000,0.0000,0.0000,8.0737,12.0944,0.0000,21.5055,0.0000,0.0000,0.0000,0.0000,0.0000,0.0000,0.0000,0.0000,0.0000,0.0000,0.0000,3.3090,0.0000,0.0000,0.0000,1.5987,3.4449,3.4542,0.0000,5.0733,0.4243,1.3860,0.6867,0.0000,0.0000,0.0000,4.3549,6.8909,9.1448,4.5634,7.3142,2.6857,1.3407,0.0000,2.0862,0.0000,0.0000,3.0017,7.4445,0.0000,0.0000,0.0000,0.0000,0.0000,1.8106,0.0000,4.0240,2.5828,3.1293,3.9063,2.8286,0.0000,0.0000,0.0000,1.7047,0.0000,0.0000,68.5260,0.0000,0.0000,0.0000,0.0000,0.0000,0.0000,0.0000,0.0000,0.0000,0.0000,0.0000,0.0000,0.0000,0.0000,0.0000,0.0000,0.0000,0.0000,0.0000,0.0000,0.0000,0.0000,3.0335,2.4564,0.0000,6.9616,1.1907,0.0000,0.0000,0.0000,0.0000,0.0000,0.0000,0.0000,0.0000,0.0000,0.0000,2.2286,4.6852,3.2452,2.8872,0.0000,0.0000
63,69EnNDMC2025/08/08,NDMC,0.0000,0.0000,0.0000,0.0000,0.0000,0.0000,0.0000,0.0000,0.0000,0.0000,3.7620,87.0870,0.0000,0.0000,0.0000,0.0000,0.0000,8.0737,12.0944,0.0000,21.5055,0.0000,0.0000,0.0000,0.0000,0.0000,0.0000,0.0000,0.0000,0.0000,0.0000,0.0000,3.3090,0.0000,0.0000,0.0000,1.5987,3.4449,3.4542,0.0000,5.0733,0.4243,1.3860,0.6867,0.0000,0.0000,0.0000,4.3549,6.8909,9.1448,4.5634,7.3142,2.6857,1.3407,0.0000,2.0862,0.0000,0.0000,3.0017,7.4445,0.0000,0.0000,0.0000,0.0000,0.0000,1.8106,0.0000,4.0240,2.5828,3.1293,3.9063,2.8286,0.0000,0.0000,0.0000,1.7047,0.0000,0.0000,68.5260,0.0000,0.0000,0.0000,0.0000,0.0000,0.0000,0.0000,0.0000,0.0000,0.0000,0.0000,0.0000,0.0000,0.0000,0.0000,0.0000,0.0000,0.0000,0.0000,0.0000,0.0000,0.0000,3.0335,2.4564,0.0000,6.9616,1.1907,0.0000,0.0000,0.0000,0.0000,0.0000,0.0000,0.0000,0.0000,0.0000,0.0000,2.2286,4.6852,3.2452,2.8872,0.0000,0.0000
64,69EnNDMC2025/08/08,NDMC,0.0000,0.0000,0.0000,0.0000,0.0000,0.0000,0.0000,0.0000,0.0000,0.0000,3.7620,87.0870,0.0000,0.0000,0.0000,0.0000,0.0000,8.0737,12.0944,0.0000,21.5055,0.0000,0.0000,0.0000,0.0000,0.0000,0.0000,0.0000,0.0000,0.0000,0.0000,0.0000,3.3090,0.0000,0.0000,0.0000,1.5987,3.4449,3.4542,0.0000,5.0733,0.4243,1.3860,0.6867,0.0000,0.0000,0.0000,4.3549,6.8909,9.1448,4.5634,7.3142,2.6857,1.3407,0.0000,2.0862,0.0000,0.0000,3.0017,7.4445,0.0000,0.0000,0.0000,0.0000,0.0000,1.8106,0.0000,4.0240,2.5828,3.1293,3.9063,2.8286,0.0000,0.0000,0.0000,1.7047,0.0000,0.0000,68.5260,0.0000,0.0000,0.0000,0.0000,0.0000,0.0000,0.0000,0.0000,0.0000,0.0000,0.0000,0.0000,0.0000,0.0000,0.0000,0.0000,0.0000,0.0000,0.0000,0.0000,0.0000,0.0000,3.0335,2.4564,0.0000,6.9616,1.1907,0.0000,0.0000,0.0000,0.0000,0.0000,0.0000,0.0000,0.0000,0.0000,0.0000,2.2286,4.6852,3.2452,2.8872,0.0000,0.0000
65,69EnNDMC2025/08/08,NDMC,0.0000,0.0000,0.0000,0.0000,0.0000,0.0000,0.0000,0.0000,0.0000,0.0000,3.7620,87.0870,0.0000,0.0000,0.0000,0.0000,0.0000,8.0737,12.0944,0.0000,21.5055,0.0000,0.0000,0.0000,0.0000,0.0000,0.0000,0.0000,0.0000,0.0000,0.0000,0.0000,3.3090,0.0000,0.0000,0.0000,1.5987,3.4449,3.4542,0.0000,5.0733,0.4243,1.3860,0.6867,0.0000,0.0000,0.0000,4.3092,6.8909,9.1448,4.5634,7.3142,2.6857,1.3407,0.0000,2.0862,0.0000,0.0000,3.0017,7.4445,0.0000,0.0000,0.0000,0.0000,0.0000,1.8106,0.0000,4.0240,2.5828,3.1293,3.9063,2.8286,0.0000,0.0000,0.0000,1.7047,0.0000,0.0000,68.5260,0.0000,0.0000,0.0000,0.0000,0.0000,0.0000,0.0000,0.0000,0.0000,0.0000,0.0000,0.0000,0.0000,0.0000,0.0000,0.0000,0.0000,0.0000,0.0000,0.0000,0.0000,0.0000,3.0335,2.4564,0.0000,6.9616,1.1907,0.0000,0.0000,0.0000,0.0000,0.0000,0.0000,0.0000,0.0000,0.0000,0.0000,2.2286,4.6852,3.2452,2.8872,0.0000,0.0000
66,69EnNDMC2025/08/08,NDMC,0.0000,0.0000,0.0000,0.0000,0.0000,0.0000,0.0000,0.0000,0.0000,0.0000,3.7620,87.0870,0.0000,0.0000,0.0000,0.0000,0.0000,8.0737,12.0944,0.0000,21.5055,0.0000,0.0000,0.0000,0.0000,0.0000,0.0000,0.0000,0.0000,0.0000,0.0000,0.0000,3.3090,0.0000,0.0000,0.0000,1.5987,3.4449,3.4542,0.0000,5.0733,0.4243,1.3860,0.6867,0.0000,0.0000,0.0000,4.3092,6.8909,9.1448,4.5634,7.3142,2.6857,1.3407,0.0000,2.0862,0.0000,0.0000,3.0017,7.4445,0.0000,0.0000,0.0000,0.0000,0.0000,1.8106,0.0000,4.0240,2.5828,3.1293,3.9063,2.8286,0.0000,0.0000,0.0000,1.7047,0.0000,0.0000,68.5260,0.0000,0.0000,0.0000,0.0000,0.0000,0.0000,0.0000,0.0000,0.0000,0.0000,0.0000,0.0000,0.0000,0.0000,0.0000,0.0000,0.0000,0.0000,0.0000,0.0000,0.0000,0.0000,3.0335,2.4564,0.0000,6.9616,1.1907,0.0000,0.0000,0.0000,0.0000,0.0000,0.0000,0.0000,0.0000,0.0000,0.0000,2.2286,4.6852,3.2452,2.8872,0.0000,0.0000
67,69EnNDMC2025/08/08,NDMC,0.0000,0.0000,0.0000,0.0000,0.0000,0.0000,0.0000,0.0000,0.0000,0.0000,3.7620,87.0870,0.0000,0.0000,0.0000,0.0000,0.0000,8.0737,12.0944,0.0000,21.5055,0.0000,0.0000,0.0000,0.0000,0.0000,0.0000,0.0000,0.0000,0.0000,0.0000,0.0000,3.3090,0.0000,0.0000,0.0000,1.5987,3.4449,3.4542,0.0000,5.0733,0.4243,1.3860,0.6867,0.0000,0.0000,0.0000,4.3092,6.8909,9.1448,4.5634,7.3142,2.6857,1.3407,0.0000,2.0862,0.0000,0.0000,3.0017,7.4445,0.0000,0.0000,0.0000,0.0000,0.0000,1.8106,0.0000,4.0240,2.5828,3.1293,3.9063,2.8286,0.0000,0.0000,0.0000,1.7047,0.0000,0.0000,68.5260,0.0000,0.0000,0.0000,0.0000,0.0000,0.0000,0.0000,0.0000,0.0000,0.0000,0.0000,0.0000,0.0000,0.0000,0.0000,0.0000,0.0000,0.0000,0.0000,0.0000,0.0000,0.0000,3.0335,2.4564,0.0000,6.9616,1.1907,0.0000,0.0000,0.0000,0.0000,0.0000,0.0000,0.0000,0.0000,0.0000,0.0000,2.2286,4.6852,3.2452,2.8872,0.0000,0.0000
68,69EnNDMC2025/08/08,NDMC,0.0000,0.0000,0.0000,0.0000,0.0000,0.0000,0.0000,0.0000,0.0000,0.0000,3.7620,87.0870,0.0000,0.0000,0.0000,0.0000,0.0000,8.0737,12.0944,0.0000,21.5055,0.0000,0.0000,0.0000,0.0000,0.0000,0.0000,0.0000,0.0000,0.0000,0.0000,0.0000,3.3090,0.0000,0.0000,0.0000,1.5987,3.4449,3.4542,0.0000,5.0733,0.4243,1.3860,0.6867,0.0000,0.0000,0.0000,4.3092,6.8909,9.1448,4.5634,7.3142,2.6857,1.3407,0.0000,2.0862,0.0000,0.0000,3.0017,7.4445,0.0000,0.0000,0.0000,0.0000,0.0000,1.8106,0.0000,4.0240,2.5828,3.1293,3.9063,2.8286,0.0000,0.0000,0.0000,1.7047,0.0000,0.0000,68.5260,0.0000,0.0000,0.0000,0.0000,0.0000,0.0000,0.0000,0.0000,0.0000,0.0000,0.0000,0.0000,0.0000,0.0000,0.0000,0.0000,0.0000,0.0000,0.0000,0.0000,0.0000,0.0000,3.0335,2.4564,0.0000,6.9616,1.1907,0.0000,0.0000,0.0000,0.0000,0.0000,0.0000,0.0000,0.0000,0.0000,0.0000,2.2286,4.6852,3.2452,2.8872,0.0000,0.0000
69,69EnNDMC2025/08/08,NDMC,0.0000,0.0000,0.0000,0.0000,0.0000,0.0000,0.0000,0.0000,0.0000,0.0000,3.7620,87.0870,0.0000,0.0000,0.0000,0.0000,0.0000,8.0737,12.0944,0.0000,21.5055,0.0000,0.0000,0.0000,0.0000,0.0000,0.0000,0.0000,0.0000,0.0000,0.0000,0.0000,3.3090,0.0000,0.0000,0.0000,1.5987,3.4449,3.4542,0.0000,5.0733,0.4243,1.3860,0.6867,0.0000,0.0000,0.0000,4.2634,6.8909,9.1448,4.5634,7.3142,2.6857,1.3407,0.0000,2.0862,0.0000,0.0000,3.0017,7.4445,0.0000,0.0000,0.0000,0.0000,0.0000,1.8106,0.0000,4.0240,2.5828,3.1293,3.9063,2.8286,0.0000,0.0000,0.0000,1.7047,0.0000,0.0000,68.5260,0.0000,0.0000,0.0000,0.0000,0.0000,0.0000,0.0000,0.0000,0.0000,0.0000,0.0000,0.0000,0.0000,0.0000,0.0000,0.0000,0.0000,0.0000,0.0000,0.0000,0.0000,0.0000,3.0335,2.4564,0.0000,6.9616,1.1907,0.0000,0.0000,0.0000,0.0000,0.0000,0.0000,0.0000,0.0000,0.0000,0.0000,4.8792,4.6852,3.2452,2.8872,0.0000,0.0000
70,69EnNDMC2025/08/08,NDMC,0.0000,0.0000,0.0000,0.0000,0.0000,0.0000,0.0000,0.0000,0.0000,0.0000,3.7620,87.0870,0.0000,0.0000,0.0000,0.0000,0.0000,8.0737,12.0944,0.0000,21.5055,0.0000,0.0000,0.0000,0.0000,0.0000,0.0000,0.0000,0.0000,0.0000,0.0000,0.0000,3.3090,0.0000,0.0000,0.0000,1.5987,3.4449,3.4542,0.0000,5.0733,0.4243,1.3860,0.6867,0.0000,0.0000,0.0000,4.2634,6.8909,9.1448,4.5634,7.3142,2.6857,1.3407,0.0000,2.0862,0.0000,0.0000,3.0017,7.4445,0.0000,0.0000,0.0000,0.0000,0.0000,1.8106,0.0000,4.0240,2.5828,3.1293,3.9063,2.8286,0.0000,0.0000,0.0000,1.7047,0.0000,0.0000,68.5260,0.0000,0.0000,0.0000,0.0000,0.0000,0.0000,0.0000,0.0000,0.0000,0.0000,0.0000,0.0000,0.0000,0.0000,0.0000,0.0000,0.0000,0.0000,0.0000,0.0000,0.0000,0.0000,3.0335,2.4564,0.0000,6.9616,1.1907,0.0000,0.0000,0.0000,0.0000,0.0000,0.0000,0.0000,0.0000,0.0000,0.0000,4.8792,4.6852,3.2452,2.8872,0.0000,0.0000
71,69EnNDMC2025/08/08,NDMC,0.0000,0.0000,0.0000,0.0000,0.0000,0.0000,0.0000,0.0000,0.0000,0.0000,3.7620,87.0870,0.0000,0.0000,0.0000,0.0000,0.0000,8.0737,12.0944,0.0000,21.5055,0.0000,0.0000,0.0000,0.0000,0.0000,0.0000,0.0000,0.0000,0.0000,0.0000,0.0000,3.3090,0.0000,0.0000,0.0000,1.5987,3.4449,3.4542,0.0000,5.0733,0.4243,1.3860,0.6867,0.0000,0.0000,0.0000,4.2634,6.8909,9.1448,4.5634,7.3142,2.6857,1.3407,0.0000,2.0862,0.0000,0.0000,3.0017,7.4445,0.0000,0.0000,0.0000,0.0000,0.0000,1.8106,0.0000,4.0240,2.5828,3.1293,3.9063,2.8286,0.0000,0.0000,0.0000,1.7047,0.0000,0.0000,68.5260,0.0000,0.0000,0.0000,0.0000,0.0000,0.0000,0.0000,0.0000,0.0000,0.0000,0.0000,0.0000,0.0000,0.0000,0.0000,0.0000,0.0000,0.0000,0.0000,0.0000,0.0000,0.0000,3.0335,2.4564,0.0000,6.9616,1.1907,0.0000,0.0000,0.0000,0.0000,0.0000,0.0000,0.0000,0.0000,0.0000,0.0000,4.8792,4.6852,3.2452,2.8872,0.0000,0.0000
72,69EnNDMC2025/08/08,NDMC,0.0000,0.0000,0.0000,0.0000,0.0000,0.0000,0.0000,0.0000,0.0000,0.0000,3.7620,87.0870,0.0000,0.0000,0.0000,0.0000,0.0000,8.0737,12.0944,0.0000,21.5055,0.0000,0.0000,0.0000,0.0000,0.0000,0.0000,0.0000,0.0000,0.0000,0.0000,0.0000,3.3090,0.0000,0.0000,0.0000,1.5987,3.4449,3.4542,0.0000,5.0733,0.4243,1.3860,0.6867,0.0000,0.0000,0.0000,4.2634,6.8909,9.1448,4.5634,7.3142,2.6857,1.3407,0.0000,2.0862,0.0000,0.0000,3.0017,7.4445,0.0000,0.0000,0.0000,0.0000,0.0000,1.8106,0.0000,4.0240,2.5828,3.1293,3.9063,2.8286,0.0000,0.0000,0.0000,1.7047,0.0000,0.0000,68.5260,0.0000,0.0000,0.0000,0.0000,0.0000,0.0000,0.0000,0.0000,0.0000,0.0000,0.0000,0.0000,0.0000,0.0000,0.0000,0.0000,0.0000,0.0000,0.0000,0.0000,0.0000,0.0000,3.0335,2.4564,0.0000,6.9616,1.1907,0.0000,0.0000,0.0000,0.0000,0.0000,0.0000,0.0000,0.0000,0.0000,0.0000,4.8792,4.6852,3.2452,2.8872,0.0000,0.0000
73,69EnNDMC2025/08/08,NDMC,0.0000,0.0000,0.0000,0.0000,0.0000,0.0000,0.0000,0.0000,0.0000,0.0000,3.7620,87.0870,0.0000,0.0000,0.0000,0.0000,0.0000,8.0737,12.0944,0.0000,21.8700,0.0000,0.0000,0.0000,0.0000,0.0000,0.0000,0.0000,0.0000,0.0000,0.0000,0.0000,3.3090,0.0000,0.0000,0.0000,1.5987,3.4449,3.4542,0.0000,5.0733,0.4243,1.3860,0.6867,0.0000,0.0000,0.0000,4.2634,6.8909,9.1448,4.5634,7.3142,2.6857,1.3407,0.0000,2.0862,0.0000,0.0000,3.0017,7.4445,0.0000,0.0000,0.0000,0.0000,0.0000,1.8106,0.0000,4.0240,2.5828,3.1293,3.9063,2.8286,0.0000,0.0000,0.0000,1.7047,0.0000,0.0000,69.6195,0.0000,0.0000,0.0000,0.0000,0.0000,0.0000,0.0000,0.0000,0.0000,0.0000,0.0000,0.0000,0.0000,0.0000,0.0000,0.0000,0.0000,0.0000,0.0000,0.0000,0.0000,0.0000,3.0335,2.4564,0.0000,6.9616,1.1907,0.0000,0.0000,0.0000,0.0000,0.0000,0.0000,0.0000,0.0000,0.0000,0.0000,4.8792,4.6852,3.2452,2.8872,0.0000,0.0000
74,69EnNDMC2025/08/08,NDMC,0.0000,0.0000,0.0000,0.0000,0.0000,0.0000,0.0000,0.0000,0.0000,0.0000,3.7620,87.0870,0.0000,0.0000,0.0000,0.0000,0.0000,8.0737,12.0944,0.0000,21.8700,0.0000,0.0000,0.0000,0.0000,0.0000,0.0000,0.0000,0.0000,0.0000,0.0000,0.0000,3.3090,0.0000,0.0000,0.0000,1.5987,3.4449,3.4542,0.0000,5.0733,0.4243,1.3860,0.6867,0.0000,0.0000,0.0000,4.2634,6.8909,9.1448,4.5634,7.3142,2.6857,1.3407,0.0000,2.0862,0.0000,0.0000,3.0017,7.4445,0.0000,0.0000,0.0000,0.0000,0.0000,1.8106,0.0000,4.0240,2.5828,3.1293,3.9063,2.8286,0.0000,0.0000,0.0000,1.7047,0.0000,0.0000,69.6195,0.0000,0.0000,0.0000,0.0000,0.0000,0.0000,0.0000,0.0000,0.0000,0.0000,0.0000,0.0000,0.0000,0.0000,0.0000,0.0000,0.0000,0.0000,0.0000,0.0000,0.0000,0.0000,3.0335,2.4564,0.0000,6.9616,1.1907,0.0000,0.0000,0.0000,0.0000,0.0000,0.0000,0.0000,0.0000,0.0000,0.0000,4.8792,4.6852,3.2452,2.8872,0.0000,0.0000
75,69EnNDMC2025/08/08,NDMC,0.0000,0.0000,0.0000,0.0000,0.0000,0.0000,0.0000,0.0000,0.0000,0.0000,3.7620,87.0870,0.0000,0.0000,0.0000,0.0000,0.0000,8.0700,12.0944,0.0000,21.8700,0.0000,0.0000,0.0000,0.0000,0.0000,0.0000,0.0000,0.0000,0.0000,0.0000,0.0000,3.3072,0.0000,0.0000,0.0000,1.5987,3.4449,3.4542,0.0000,5.0733,0.4243,1.3860,0.6867,0.0000,0.0000,0.0000,4.2410,6.8909,9.1448,4.5634,7.3142,2.6857,1.3407,0.0000,2.0862,0.0000,0.0000,3.0017,7.4445,0.0000,0.0000,0.0000,0.0000,0.0000,1.8106,0.0000,4.0240,2.5828,3.1293,3.9063,2.8286,0.0000,0.0000,0.0000,1.7047,0.0000,0.0000,69.6195,0.0000,0.0000,0.0000,0.0000,0.0000,0.0000,0.0000,0.0000,0.0000,0.0000,0.0000,0.0000,0.0000,0.0000,0.0000,0.0000,0.0000,0.0000,0.0000,0.0000,0.0000,0.0000,3.0335,3.6846,0.0000,6.9616,1.1907,0.0000,0.0000,0.0000,0.0000,0.0000,0.0000,0.0000,0.0000,0.0000,0.0000,4.8792,4.6852,3.2452,2.8872,0.0000,0.0000
76,69EnNDMC2025/08/08,NDMC,0.0000,0.0000,0.0000,0.0000,0.0000,0.0000,0.0000,0.0000,0.0000,0.0000,3.7620,87.0870,0.0000,0.0000,0.0000,0.0000,0.0000,8.0700,12.2079,0.0000,21.8700,0.0000,0.0000,0.0000,0.0000,0.0000,0.0000,0.0000,0.0000,0.0000,0.0000,0.0000,3.3072,0.0000,0.0000,0.0000,1.5987,3.4449,3.4542,0.0000,5.0733,0.4243,1.3860,0.6867,0.0000,0.0000,0.0000,4.2410,6.9247,9.1448,4.5634,7.3742,2.9552,1.4021,0.0000,2.0862,0.0000,0.0000,3.0917,7.4445,0.0000,0.0000,0.0000,0.0000,0.0000,1.8106,0.0000,4.2350,2.7160,3.3025,4.1811,2.9413,0.0000,0.0000,0.0000,1.7047,0.0000,0.0000,69.6195,0.0000,0.0000,0.0000,0.0000,0.0000,0.0000,0.0000,0.0000,0.0000,0.0000,0.0000,0.0000,0.0000,0.0000,0.0000,0.0000,0.0000,0.0000,0.0000,0.0000,0.0000,0.0000,3.0335,3.8011,0.0000,6.9616,1.1907,0.0000,0.0000,0.0000,0.0000,0.0000,0.0000,0.0000,0.0000,0.0000,0.0000,5.5765,4.6852,3.2452,2.8872,0.0000,0.0000
77,69EnNDMC2025/08/08,NDMC,0.0000,0.0000,0.0000,0.0000,0.0000,0.0000,0.0000,0.0000,0.0000,0.0000,3.7620,87.0870,0.0000,0.0000,0.0000,0.0000,0.0000,8.0700,12.2079,0.0000,21.8700,0.0000,0.0000,0.0000,0.0000,0.0000,0.0000,0.0000,0.0000,0.0000,0.0000,0.0000,3.3072,0.0000,0.0000,0.0000,1.5987,3.4449,3.4542,0.0000,5.0733,0.4243,1.3860,0.6867,0.0000,0.0000,0.0000,4.2410,6.9247,9.1448,4.5634,7.3742,2.9552,1.4021,0.0000,2.0862,0.0000,0.0000,3.0917,7.4445,0.0000,0.0000,0.0000,0.0000,0.0000,1.8106,0.0000,4.2350,2.7160,3.3025,4.1811,2.9413,0.0000,0.0000,0.0000,1.7047,0.0000,0.0000,69.6195,0.0000,0.0000,0.0000,0.0000,0.0000,0.0000,0.0000,0.0000,0.0000,0.0000,0.0000,0.0000,0.0000,0.0000,0.0000,0.0000,0.0000,0.0000,0.0000,0.0000,0.0000,0.0000,3.0335,3.8011,0.0000,6.9616,1.1907,0.0000,0.0000,0.0000,0.0000,0.0000,0.0000,0.0000,0.0000,0.0000,0.0000,5.5765,4.6852,3.2452,2.8872,0.0000,0.0000
78,69EnNDMC2025/08/08,NDMC,0.0000,0.0000,0.0000,0.0000,0.0000,0.0000,0.0000,0.0000,0.0000,0.0000,3.7620,87.0870,0.0000,0.0000,0.0000,0.0000,0.0000,8.0700,12.2079,0.0000,21.8700,0.0000,0.0000,0.0000,0.0000,0.0000,0.0000,0.0000,0.0000,0.0000,0.0000,0.0000,3.3072,0.0000,0.0000,0.0000,1.5987,3.4449,3.4542,0.0000,5.0733,0.4243,1.3860,0.6867,0.0000,0.0000,0.0000,4.2410,6.9247,9.1448,4.5634,7.3742,2.9552,1.4021,0.0000,2.0862,0.0000,0.0000,3.0917,7.4445,0.0000,0.0000,0.0000,0.0000,0.0000,1.8106,0.0000,4.2350,2.7160,3.3025,4.1811,2.9413,0.0000,0.0000,0.0000,1.7047,0.0000,0.0000,69.6195,0.0000,0.0000,0.0000,0.0000,0.0000,0.0000,0.0000,0.0000,0.0000,0.0000,0.0000,0.0000,0.0000,0.0000,0.0000,0.0000,0.0000,0.0000,0.0000,0.0000,0.0000,0.0000,3.0335,3.8011,0.0000,6.9616,1.1907,0.0000,0.0000,0.0000,0.0000,0.0000,0.0000,0.0000,0.0000,0.0000,0.0000,5.5765,4.6852,3.2452,2.8872,0.0000,0.0000
79,69EnNDMC2025/08/08,NDMC,0.0000,0.0000,0.0000,0.0000,0.0000,0.0000,0.0000,0.0000,0.0000,0.0000,1.8810,87.0870,0.0000,0.0000,0.0000,0.0000,0.0000,8.0700,12.2079,0.0000,21.8700,0.0000,0.0000,0.0000,0.0000,0.0000,0.0000,0.0000,0.0000,0.0000,0.0000,0.0000,3.3072,0.0000,0.0000,0.0000,1.5987,3.4449,3.4542,0.0000,5.0733,0.4243,1.3860,0.6867,0.0000,0.0000,0.0000,4.2868,6.9247,9.1448,4.5634,7.3742,2.9552,1.4021,0.0000,2.0862,0.0000,0.0000,3.0917,7.4445,0.0000,0.0000,0.0000,0.0000,0.0000,1.8106,0.0000,4.2350,2.7160,3.3025,4.1811,2.9413,0.0000,0.0000,0.0000,1.7047,0.0000,0.0000,69.6195,0.0000,0.0000,0.0000,0.0000,0.0000,0.0000,0.0000,0.0000,0.0000,0.0000,0.0000,0.0000,0.0000,0.0000,0.0000,0.0000,0.0000,0.0000,0.0000,0.0000,0.0000,0.0000,3.0335,3.8011,0.0000,6.9616,1.1907,0.0000,0.0000,0.0000,0.0000,0.0000,0.0000,0.0000,0.0000,0.0000,0.0000,5.5765,4.6852,3.2452,2.8872,0.0000,0.0000
80,69EnNDMC2025/08/08,NDMC,0.0000,0.0000,0.0000,0.0000,0.0000,0.0000,0.0000,0.0000,0.0000,0.0000,1.8810,87.0870,0.0000,0.0000,0.0000,0.0000,0.0000,8.0700,12.2079,0.0000,21.8700,0.0000,0.0000,0.0000,0.0000,0.0000,0.0000,0.0000,0.0000,0.0000,0.0000,0.0000,3.3072,0.0000,0.0000,0.0000,1.5987,3.4449,3.4542,0.0000,5.0733,0.4243,1.3860,0.6867,0.0000,0.0000,0.0000,4.2868,6.9247,9.1448,4.5634,7.3742,2.9552,1.4021,0.0000,2.0862,0.0000,0.0000,3.0917,7.4445,0.0000,0.0000,0.0000,0.0000,0.0000,1.8106,0.0000,4.2350,2.7160,3.3025,4.1811,2.9413,0.0000,0.0000,0.0000,1.7047,0.0000,0.0000,69.6195,0.0000,0.0000,0.0000,0.0000,0.0000,0.0000,0.0000,0.0000,0.0000,0.0000,0.0000,0.0000,0.0000,0.0000,0.0000,0.0000,0.0000,0.0000,0.0000,0.0000,0.0000,0.0000,3.0335,3.8011,0.0000,6.9616,1.1907,0.0000,0.0000,0.0000,0.0000,0.0000,0.0000,0.0000,0.0000,0.0000,0.0000,5.5765,4.6852,3.2452,2.8872,0.0000,0.0000
81,69EnNDMC2025/08/08,NDMC,0.0000,0.0000,0.0000,0.0000,0.0000,0.0000,0.0000,0.0000,0.0000,0.0000,1.8810,87.0870,0.0000,0.0000,0.0000,0.0000,0.0000,8.0700,12.2079,0.0000,21.8700,0.0000,0.0000,0.0000,0.0000,0.0000,0.0000,0.0000,0.0000,0.0000,0.0000,0.0000,3.3072,0.0000,0.0000,0.0000,1.5987,3.4449,3.4542,0.0000,5.0733,0.4243,1.3860,0.6867,0.0000,0.0000,0.0000,4.3549,6.9247,9.3797,4.5634,7.3742,2.9552,1.4021,0.0000,2.0862,0.0000,0.0000,3.0917,7.4445,0.0000,0.0000,0.0000,0.0000,0.0000,1.8106,0.0000,4.2350,2.7160,3.3025,4.1811,2.9413,0.0000,0.0000,0.0000,1.7047,0.0000,0.0000,69.6195,0.0000,0.0000,0.0000,0.0000,0.0000,0.0000,0.0000,0.0000,0.0000,0.0000,0.0000,0.0000,0.0000,0.0000,0.0000,0.0000,0.0000,0.0000,0.0000,0.0000,0.0000,0.0000,3.0335,3.8011,0.0000,6.9616,1.1907,0.0000,0.0000,0.0000,0.0000,0.0000,0.0000,0.0000,0.0000,0.0000,0.0000,5.5765,4.6852,3.2452,2.8872,0.0000,0.0000
82,69EnNDMC2025/08/08,NDMC,0.0000,0.0000,0.0000,0.0000,0.0000,0.0000,0.0000,0.0000,0.0000,0.0000,1.8810,87.0870,0.0000,0.0000,0.0000,0.0000,0.0000,8.0700,12.2079,0.0000,21.8700,0.0000,0.0000,0.0000,0.0000,0.0000,0.0000,0.0000,0.0000,0.0000,0.0000,0.0000,3.3072,0.0000,0.0000,0.0000,1.5987,3.4449,3.4542,0.0000,5.0733,0.4243,1.3860,0.6867,0.0000,0.0000,0.0000,4.3549,6.9247,9.3797,4.5634,7.3742,2.9552,1.4021,0.0000,2.0862,0.0000,0.0000,3.0917,7.4445,0.0000,0.0000,0.0000,0.0000,0.0000,1.8106,0.0000,4.2350,2.7160,3.3025,4.1811,2.9413,0.0000,0.0000,0.0000,1.7047,0.0000,0.0000,69.6195,0.0000,0.0000,0.0000,0.0000,0.0000,0.0000,0.0000,0.0000,0.0000,0.0000,0.0000,0.0000,0.0000,0.0000,0.0000,0.0000,0.0000,0.0000,0.0000,0.0000,0.0000,0.0000,3.0335,3.8011,0.0000,6.9616,1.1907,0.0000,0.0000,0.0000,0.0000,0.0000,0.0000,0.0000,0.0000,0.0000,0.0000,5.5765,4.6852,3.2452,2.8872,0.0000,0.0000
83,69EnNDMC2025/08/08,NDMC,0.0000,0.0000,0.0000,0.0000,0.0000,0.0000,0.0000,0.0000,0.0000,0.0000,1.8810,87.0870,0.0000,0.0000,0.0000,0.0000,0.0000,8.0700,12.2079,0.0000,21.8700,0.0000,0.0000,0.0000,0.0000,0.0000,0.0000,0.0000,0.0000,0.0000,0.0000,0.0000,3.3072,0.0000,0.0000,0.0000,1.5987,3.4449,3.4542,0.0000,5.0733,0.4243,1.3860,0.6867,0.0000,0.0000,0.0000,4.3549,6.9247,9.3797,4.5634,7.3742,2.9552,1.4021,0.0000,2.0862,0.0000,0.0000,3.0917,7.4445,0.0000,0.0000,0.0000,0.0000,0.0000,1.8106,0.0000,4.2350,2.7160,3.3025,4.1811,2.9413,0.0000,0.0000,0.0000,1.7047,0.0000,0.0000,69.6195,0.0000,0.0000,0.0000,0.0000,0.0000,0.0000,0.0000,0.0000,0.0000,0.0000,0.0000,0.0000,0.0000,0.0000,0.0000,0.0000,0.0000,0.0000,0.0000,0.0000,0.0000,0.0000,3.0335,3.8011,0.0000,6.9616,1.1907,0.0000,0.0000,0.0000,0.0000,0.0000,0.0000,0.0000,0.0000,0.0000,0.0000,5.5765,4.6852,3.2452,2.8872,0.0000,0.0000
84,69EnNDMC2025/08/08,NDMC,0.0000,0.0000,0.0000,0.0000,0.0000,0.0000,0.0000,0.0000,0.0000,0.0000,1.8810,87.0870,0.0000,0.0000,0.0000,0.0000,0.0000,8.0700,12.0944,0.0000,21.8700,0.0000,0.0000,0.0000,0.0000,0.0000,0.0000,0.0000,0.0000,0.0000,0.0000,0.0000,3.3072,0.0000,0.0000,0.0000,1.5987,3.4449,3.4542,0.0000,5.0733,0.4243,1.3860,0.6867,0.0000,0.0000,0.0000,4.3549,6.9247,9.3797,4.5634,7.3742,2.8353,1.3407,0.0000,2.0862,0.0000,0.0000,3.0017,7.4445,0.0000,0.0000,0.0000,0.0000,0.0000,1.8106,0.0000,4.0240,2.5828,3.1293,3.9063,2.8286,0.0000,0.0000,0.0000,1.7047,0.0000,0.0000,69.6195,0.0000,0.0000,0.0000,0.0000,0.0000,0.0000,0.0000,0.0000,0.0000,0.0000,0.0000,0.0000,0.0000,0.0000,0.0000,0.0000,0.0000,0.0000,0.0000,0.0000,0.0000,0.0000,3.0335,3.6846,0.0000,6.9616,1.1907,0.0000,0.0000,0.0000,0.0000,0.0000,0.0000,0.0000,0.0000,0.0000,0.0000,4.8792,4.6852,3.2452,2.8872,0.0000,0.0000
85,69EnNDMC2025/08/08,NDMC,0.0000,0.0000,0.0000,0.0000,0.0000,0.0000,0.0000,0.0000,0.0000,0.0000,1.8810,87.0870,0.0000,0.0000,0.0000,0.0000,0.0000,8.0700,12.0944,0.0000,21.8700,0.0000,0.0000,0.0000,0.0000,0.0000,0.0000,0.0000,0.0000,0.0000,0.0000,0.0000,3.3072,0.0000,0.0000,0.0000,1.5987,3.4449,3.4542,0.0000,5.0733,0.4243,1.3860,0.6867,0.0000,0.0000,0.0000,4.4231,6.9247,9.3797,4.5634,7.3742,2.8353,1.3407,0.0000,2.0862,0.0000,0.0000,3.0017,7.4445,0.0000,0.0000,0.0000,0.0000,0.0000,1.8106,0.0000,4.0240,2.5828,3.1293,3.9063,2.8286,0.0000,0.0000,0.0000,1.7047,0.0000,0.0000,69.6195,0.0000,0.0000,0.0000,0.0000,0.0000,0.0000,0.0000,0.0000,0.0000,0.0000,0.0000,0.0000,0.0000,0.0000,0.0000,0.0000,0.0000,0.0000,0.0000,0.0000,0.0000,0.0000,3.0335,3.6846,0.0000,6.9616,1.1907,0.0000,0.0000,0.0000,0.0000,0.0000,0.0000,0.0000,0.0000,0.0000,0.0000,7.1098,4.6852,3.2452,2.8872,0.0000,0.0000
86,69EnNDMC2025/08/08,NDMC,0.0000,0.0000,0.0000,0.0000,0.0000,0.0000,0.0000,0.0000,0.0000,0.0000,1.8810,87.0870,0.0000,0.0000,0.0000,0.0000,0.0000,8.0700,12.0944,0.0000,21.8700,0.0000,0.0000,0.0000,0.0000,0.0000,0.0000,0.0000,0.0000,0.0000,0.0000,0.0000,3.3072,0.0000,0.0000,0.0000,1.5987,3.4449,3.4542,0.0000,5.0733,0.4243,1.3860,0.6867,0.0000,0.0000,0.0000,4.4231,6.9247,9.3797,4.5634,7.3742,2.8353,1.3407,0.0000,2.0862,0.0000,0.0000,3.0017,7.4445,0.0000,0.0000,0.0000,0.0000,0.0000,1.8106,0.0000,4.0240,2.5828,3.1293,3.9063,2.8286,0.0000,0.0000,0.0000,1.7047,0.0000,0.0000,69.6195,0.0000,0.0000,0.0000,0.0000,0.0000,0.0000,0.0000,0.0000,0.0000,0.0000,0.0000,0.0000,0.0000,0.0000,0.0000,0.0000,0.0000,0.0000,0.0000,0.0000,0.0000,0.0000,3.0335,3.6846,0.0000,6.9616,1.1907,0.0000,0.0000,0.0000,0.0000,0.0000,0.0000,0.0000,0.0000,0.0000,0.0000,7.1098,4.6852,3.2452,2.8872,0.0000,0.0000
87,69EnNDMC2025/08/08,NDMC,0.0000,0.0000,0.0000,0.0000,0.0000,0.0000,0.0000,0.0000,0.0000,0.0000,1.8810,87.0870,0.0000,0.0000,0.0000,0.0000,0.0000,8.0700,12.2079,0.0000,21.8700,0.0000,0.0000,0.0000,0.0000,0.0000,0.0000,0.0000,0.0000,0.0000,0.0000,0.0000,3.3072,0.0000,0.0000,0.0000,1.5987,3.4449,3.4542,0.0000,5.0733,0.4243,1.3860,0.6867,0.0000,0.0000,0.0000,4.4904,6.9247,9.3797,4.5634,7.3742,2.9552,1.4021,0.0000,2.0862,0.0000,0.0000,3.0917,7.4445,0.0000,0.0000,0.0000,0.0000,0.0000,2.2629,0.0000,4.2350,2.7160,3.3025,4.1811,2.9413,0.0000,0.0000,0.0000,1.7047,0.0000,0.0000,69.6195,0.0000,0.0000,0.0000,0.0000,0.0000,0.0000,0.0000,0.0000,0.0000,0.0000,0.0000,0.0000,0.0000,0.0000,0.0000,0.0000,0.0000,0.0000,0.0000,0.0000,0.0000,0.0000,3.0335,3.8011,0.0000,6.9616,1.1907,0.0000,0.0000,0.0000,0.0000,0.0000,0.0000,0.0000,0.0000,0.0000,0.0000,8.3638,4.6852,3.2452,2.8872,0.0000,0.0000
88,69EnNDMC2025/08/08,NDMC,0.0000,0.0000,0.0000,0.0000,0.0000,0.0000,0.0000,0.0000,0.0000,0.0000,1.8810,87.0870,0.0000,0.0000,0.0000,0.0000,0.0000,8.0700,12.2079,0.0000,21.8700,0.0000,0.0000,0.0000,0.0000,0.0000,0.0000,0.0000,0.0000,0.0000,0.0000,0.0000,3.3072,0.0000,0.0000,0.0000,1.5987,3.4449,3.4542,0.0000,5.0733,0.4243,1.3860,0.6867,0.0000,0.0000,0.0000,4.4904,6.9247,9.3797,4.5634,7.3742,2.9552,1.4021,0.0000,2.0862,0.0000,0.0000,3.0917,7.4445,0.0000,0.0000,0.0000,0.0000,0.0000,2.2629,0.0000,4.2350,2.7160,3.3025,4.1811,2.9413,0.0000,0.0000,0.0000,1.7047,0.0000,0.0000,69.6195,0.0000,0.0000,0.0000,0.0000,0.0000,0.0000,0.0000,0.0000,0.0000,0.0000,0.0000,0.0000,0.0000,0.0000,0.0000,0.0000,0.0000,0.0000,0.0000,0.0000,0.0000,0.0000,3.0335,3.8011,0.0000,6.9616,1.1907,0.0000,0.0000,0.0000,0.0000,0.0000,0.0000,0.0000,0.0000,0.0000,0.0000,8.3638,4.6852,3.2452,2.8872,0.0000,0.0000
89,69EnNDMC2025/08/08,NDMC,0.0000,0.0000,0.0000,0.0000,1.4850,0.0000,0.0000,0.0000,0.0000,0.0000,1.8810,87.0870,0.0000,0.0000,0.0000,0.0000,0.0000,8.0700,12.2079,0.0000,21.8700,0.0000,0.0000,0.0000,0.0000,0.0000,0.0000,0.0000,0.0000,0.0000,0.0000,0.0000,3.3072,0.0000,0.0000,0.0000,1.5987,3.4449,3.4542,0.0000,5.0733,0.4243,1.3860,0.6867,0.0000,0.0000,0.0000,4.5361,6.9247,9.3797,4.5634,7.3742,2.9552,1.4021,0.0000,2.0862,0.0000,0.0000,3.0917,7.4445,0.0000,0.0000,0.0000,0.0000,0.0000,2.7167,0.0000,4.2350,2.7160,3.3025,4.1811,2.9413,0.0000,0.0000,0.0000,1.7047,0.0000,0.0000,69.6195,0.0000,0.0000,0.0000,0.0000,0.0000,0.0000,0.0000,0.0000,0.0000,0.0000,0.0000,0.0000,0.0000,0.0000,0.0000,0.0000,0.0000,0.0000,0.0000,0.0000,0.0000,0.0000,2.7317,3.8011,0.0000,6.9616,1.1907,0.0000,0.0000,0.0000,0.0000,0.0000,0.0000,0.0000,0.0000,0.0000,0.0000,8.3638,4.6852,3.2452,2.8872,0.0000,0.0000
90,69EnNDMC2025/08/08,NDMC,0.0000,0.0000,0.0000,0.0000,1.4850,0.0000,0.0000,0.0000,0.0000,0.0000,1.8810,87.0870,0.0000,0.0000,0.0000,0.0000,0.0000,8.0700,12.2079,0.0000,21.8700,0.0000,0.0000,0.0000,0.0000,0.0000,0.0000,0.0000,0.0000,0.0000,0.0000,0.0000,3.3072,0.0000,0.0000,0.0000,1.5987,3.4449,3.4542,0.0000,5.0733,0.4243,1.3860,0.6867,0.0000,0.0000,0.0000,4.5361,6.9247,9.3797,4.5634,7.3742,2.9552,1.4021,0.0000,2.0862,0.0000,0.0000,3.0917,7.4445,0.0000,0.0000,0.0000,0.0000,0.0000,2.7167,0.0000,4.2350,2.7160,3.3025,4.1811,2.9413,0.0000,0.0000,0.0000,1.7047,0.0000,0.0000,69.6195,0.0000,0.0000,0.0000,0.0000,0.0000,0.0000,0.0000,0.0000,0.0000,0.0000,0.0000,0.0000,0.0000,0.0000,0.0000,0.0000,0.0000,0.0000,0.0000,0.0000,0.0000,0.0000,2.3876,3.8011,0.0000,6.9616,1.1907,0.0000,0.0000,0.0000,0.0000,0.0000,0.0000,0.0000,0.0000,0.0000,0.0000,8.3638,4.6852,3.2452,2.8872,0.0000,0.0000
91,69EnNDMC2025/08/08,NDMC,0.0000,0.0000,0.0000,0.0000,1.4850,0.0000,0.0000,0.0000,0.0000,0.0000,1.8810,87.0870,0.0000,0.0000,0.0000,0.0000,0.0000,8.0700,12.0944,0.0000,21.8700,0.0000,0.0000,0.0000,0.0000,0.0000,0.0000,0.0000,0.0000,0.0000,0.0000,0.0000,3.3072,0.0000,0.0000,0.0000,1.5987,3.4449,3.4542,0.0000,5.0733,0.4243,1.3860,0.6867,0.0000,0.0000,0.0000,4.5586,6.9585,9.3797,4.5634,7.3142,2.8353,1.3407,0.0000,2.0862,0.0000,0.0000,3.0017,7.4445,0.0000,0.0000,0.0000,0.0000,0.0000,2.2629,0.0000,4.0240,2.5828,3.1293,3.9063,2.8286,0.0000,0.0000,0.0000,1.7047,0.0000,0.0000,69.6195,0.0000,0.0000,0.0000,0.0000,0.0000,0.0000,0.0000,0.0000,0.0000,0.0000,0.0000,0.0000,0.0000,0.0000,0.0000,0.0000,0.0000,0.0000,0.0000,0.0000,0.0000,0.0000,2.3876,2.4564,0.0000,6.9616,1.1907,0.0000,0.0000,0.0000,0.0000,0.0000,0.0000,0.0000,0.0000,0.0000,0.0000,7.1098,4.6852,3.2452,2.8872,0.0000,0.0000
92,69EnNDMC2025/08/08,NDMC,0.0000,0.0000,0.0000,0.0000,0.0000,0.0000,0.0000,0.0000,0.0000,0.0000,1.8810,87.0870,0.0000,0.0000,0.0000,0.0000,0.0000,8.0700,12.0944,0.0000,21.8700,0.0000,0.0000,0.0000,0.0000,0.0000,0.0000,0.0000,0.0000,0.0000,0.0000,0.0000,3.3072,0.0000,0.0000,0.0000,1.5987,3.4449,3.4542,0.0000,5.0733,0.4243,1.3860,0.6867,0.0000,0.0000,0.0000,4.5586,6.9585,9.3797,4.5634,7.3142,2.8353,1.3407,0.0000,2.0862,0.0000,0.0000,3.0017,7.4445,0.0000,0.0000,0.0000,0.0000,0.0000,2.2629,0.0000,4.0240,2.5828,3.1293,3.9063,2.8286,0.0000,0.0000,0.0000,1.7047,0.0000,0.0000,69.6195,0.0000,0.0000,0.0000,0.0000,0.0000,0.0000,0.0000,0.0000,0.0000,0.0000,0.0000,0.0000,0.0000,0.0000,0.0000,0.0000,0.0000,0.0000,0.0000,0.0000,0.0000,0.0000,2.3876,2.4564,0.0000,6.9616,1.1907,0.0000,0.0000,0.0000,0.0000,0.0000,0.0000,0.0000,0.0000,0.0000,0.0000,7.1098,4.6852,3.2452,2.8872,0.0000,0.0000
93,69EnNDMC2025/08/08,NDMC,0.0000,0.0000,0.0000,0.0000,0.0000,0.0000,0.0000,0.0000,0.0000,0.0000,1.8810,87.0870,0.0000,0.0000,0.0000,0.0000,0.0000,8.0700,12.0944,0.0000,21.8700,0.0000,0.0000,0.0000,0.0000,0.0000,0.0000,0.0000,0.0000,0.0000,0.0000,0.0000,3.3072,0.0000,0.0000,0.0000,1.5987,3.4449,3.4542,0.0000,5.0733,0.4243,1.3860,0.6867,0.0000,0.0000,0.0000,4.6276,6.9585,9.3797,4.5634,7.3142,2.8353,1.3407,0.0000,2.0862,0.0000,0.0000,3.0017,7.4445,0.0000,0.0000,0.0000,0.0000,0.0000,2.2629,0.0000,4.0240,2.5828,3.1293,3.9063,2.8286,0.0000,0.0000,0.0000,1.7047,0.0000,0.0000,69.6195,0.0000,0.0000,0.0000,0.0000,0.0000,0.0000,0.0000,0.0000,0.0000,0.0000,0.0000,0.0000,0.0000,0.0000,0.0000,0.0000,0.0000,0.0000,0.0000,0.0000,0.0000,0.0000,2.3876,2.4564,0.0000,6.9616,1.1907,0.0000,0.0000,0.0000,0.0000,0.0000,0.0000,0.0000,0.0000,0.0000,0.0000,7.1098,4.6852,3.2452,2.8872,0.0000,0.0000
94,69EnNDMC2025/08/08,NDMC,0.0000,0.0000,0.0000,0.0000,0.0000,0.0000,0.0000,0.0000,0.0000,0.0000,1.8810,87.0870,0.0000,0.0000,0.0000,0.0000,0.0000,8.0700,12.0944,0.0000,21.8700,0.0000,0.0000,0.0000,0.0000,0.0000,0.0000,0.0000,0.0000,0.0000,0.0000,0.0000,3.3072,0.0000,0.0000,0.0000,1.5987,3.4449,3.4542,0.0000,5.0733,0.4243,1.3860,0.6867,0.0000,0.0000,0.0000,4.6276,6.9585,9.3797,4.5634,7.3142,2.8353,1.3407,0.0000,2.0862,0.0000,0.0000,3.0017,7.4445,0.0000,0.0000,0.0000,0.0000,0.0000,2.2629,0.0000,4.0240,2.5828,3.1293,3.9063,2.8286,0.0000,0.0000,0.0000,1.7047,0.0000,0.0000,69.6195,0.0000,0.0000,0.0000,0.0000,0.0000,0.0000,0.0000,0.0000,0.0000,0.0000,0.0000,0.0000,0.0000,0.0000,0.0000,0.0000,0.0000,0.0000,0.0000,0.0000,0.0000,0.0000,2.3876,2.4564,0.0000,6.9616,1.1907,0.0000,0.0000,0.0000,0.0000,0.0000,0.0000,0.0000,0.0000,0.0000,0.0000,7.1098,4.6852,3.2452,2.8872,0.0000,0.0000
95,69EnNDMC2025/08/08,NDMC,0.0000,0.0000,0.0000,0.0000,0.0000,0.0000,0.0000,0.0000,0.0000,0.0000,1.8810,87.0870,0.0000,0.0000,0.0000,0.0000,0.0000,5.0522,12.0944,0.0000,21.8700,0.0000,0.0000,0.0000,0.0000,0.0000,0.0000,0.0000,0.0000,0.0000,0.0000,0.0000,3.3072,0.0000,0.0000,0.0000,1.5987,3.4449,3.4542,0.0000,5.0733,0.4243,1.3860,0.6867,0.0000,0.0000,0.0000,4.6500,6.9585,9.3797,4.5634,7.3142,2.8353,1.3407,0.0000,2.0862,0.0000,0.0000,3.0017,7.4445,0.0000,0.0000,0.0000,0.0000,0.0000,2.2629,0.0000,4.0240,2.5828,3.1293,3.9063,2.8286,0.0000,0.0000,0.0000,1.7047,0.0000,0.0000,69.6195,0.0000,0.0000,0.0000,0.0000,0.0000,0.0000,0.0000,0.0000,0.0000,0.0000,0.0000,0.0000,0.0000,0.0000,0.0000,0.0000,0.0000,0.0000,0.0000,0.0000,0.0000,0.0000,2.3876,2.4564,0.0000,6.9616,1.1907,0.0000,0.0000,0.0000,0.0000,0.0000,0.0000,0.0000,0.0000,0.0000,0.0000,7.1098,4.6852,3.2452,2.8872,0.0000,0.0000
96,69EnNDMC2025/08/08,NDMC,0.0000,0.0000,0.0000,0.0000,0.0000,0.0000,0.0000,0.0000,0.0000,0.0000,1.8810,87.0870,0.0000,0.0000,0.0000,0.0000,0.0000,4.2512,12.0944,0.0000,21.8700,0.0000,0.0000,0.0000,0.0000,0.0000,0.0000,0.0000,0.0000,0.0000,0.0000,0.0000,3.3072,0.0000,0.0000,0.0000,1.5987,3.4449,3.4542,0.0000,5.0733,0.4243,1.3860,0.6867,0.0000,0.0000,0.0000,4.6500,6.9585,9.3797,4.5634,7.3142,2.8353,1.3407,0.0000,2.0862,0.0000,0.0000,3.0017,7.4445,0.0000,0.0000,0.0000,0.0000,0.0000,2.2629,0.0000,4.0240,2.5828,3.1293,3.9063,2.8286,0.0000,0.0000,0.0000,1.7047,0.0000,0.0000,69.6195,0.0000,0.0000,0.0000,0.0000,0.0000,0.0000,0.0000,0.0000,0.0000,0.0000,0.0000,0.0000,0.0000,0.0000,0.0000,0.0000,0.0000,0.0000,0.0000,0.0000,0.0000,0.0000,2.3876,2.4564,0.0000,6.9616,1.1907,0.0000,0.0000,0.0000,0.0000,0.0000,0.0000,0.0000,0.0000,0.0000,0.0000,7.1098,4.6852,3.2452,2.8872,0.0000,0.0000
