timeslot,revisionno,discomcode,BTPS,PRAGATI,RPH,DADRI_T,GT_OC,CSGS,GT_RLNG,PRG_RLNG,DVC,GT_LF,GT_CC,PRG_G_CC,GT_RLG_C,GT_LF_CC,PG_RLG_C,REGULATE,MTPS6,JHAJJAR,NJPC,CCGT_OC,CCGT_CC,CCGT_RCC,CCGT_ROC,CLPJHAJR,MEJIA7,MAITHON,SECI,RITHL_CC,RITHL_OC,RITHL_RC,RITHL_RO,NHPC,DADRI_T2,ANTA_GF,AURY_GF,FARAKKA,RIHAND1,RIHAND2,RIHAND3,SASAN,SNGRAULI,UNCHHAR1,UNCHHAR2,UNCHHAR3,KAHLGAN1,KAHLGAN2,DADRI_GF,ANTA_RF,AURY_RF,DADRI_RF,KOLDAM,TH_HPP,KTWR_HEP,SEWA2,DMSWSL,NAPP,RAPPB,MUNDRA,RAMPUR,RAPPC,TALA,ANTA_LF,AURY_LF,DADRI_LF,URI,URI2,CHAMERA1,CHAMERA2,CHAMERA3,DHAULIGNGA,DULHASTI,PARBATI3,SALAL,TANAKPUR,BSIUL,UNCHAHAR4,PRG_CCLF,PRG_OCLF,CCGTCCSPOT,CCGTOCSPOT,SNG_HYDRO,SHEP,GIREL,RUMS_DMRC,SEIPL,THPPL,NHPPL,ANTA_CRF,AURY_CRF,DADR_CRF,ALFANR_I,ALFANR_II,ALFANR_III,ERCPL_FTG,ERPCL_FTG2,AP41PL_BHDL,ASE4PL,KUDGI,SRIJAN_M,SITAC_BRPL,SITAC_BYPL,TANDA2,KSHNGNGA,SOLAPUR,MEJA,TWEPL,GBHHPL,THAR_BYPL,THAR_BRPL,ASEJ2PL_BYPL,ASEJ2PL_TPDDL,CHANJUII,SECI_BRPL,SECI_BYPL,SECI_TPDDL,APSEPL_FTG,PARBATI2,KHURJA,GHATAMPUR,RAPPD,TEHRIPSP,TEHRIPSP_P
1,66EnNDPL2025/07/03,NDPL,0.0000,0.0000,0.0000,0.0000,0.0000,0.0000,0.0000,0.0000,38.8446,0.0000,22.5492,55.9120,0.0000,0.0000,0.0000,0.0000,27.6734,577.4382,46.9184,0.0000,65.2500,0.0000,0.0000,115.4600,0.0000,270.7000,0.0000,0.0000,0.0000,0.0000,0.0000,0.0000,9.3042,0.0000,0.0000,6.3814,28.2277,36.4410,0.0000,42.1083,42.3344,6.3976,13.0050,8.0910,10.3361,45.4984,0.0000,13.0458,20.3279,20.1868,0.0000,12.6804,8.1674,0.0000,0.0000,6.3249,0.0000,0.0000,0.0000,15.7662,7.7283,0.0000,0.0000,0.0000,10.8392,10.3154,12.9316,12.1287,8.9160,11.2137,14.1164,8.5929,0.0000,3.9301,4.0007,0.0000,0.0000,0.0000,204.4500,0.0000,0.9715,10.4800,0.0000,0.0000,200.0000,6.7200,10.5900,0.0000,0.0000,0.0000,0.0000,0.0000,16.6700,0.0000,0.0000,0.0000,0.0000,0.0000,0.0000,0.0000,0.0000,0.0000,0.0000,0.0000,0.0000,4.8144,0.0000,0.0000,0.0000,0.0000,200.0000,18.7000,0.0000,0.0000,100.0000,0.0000,0.0000,0.0000,0.0000,6.0861,0.0000,0.0000
2,66EnNDPL2025/07/03,NDPL,0.0000,0.0000,0.0000,0.0000,0.0000,0.0000,0.0000,0.0000,38.8446,0.0000,22.5492,55.9120,0.0000,0.0000,0.0000,0.0000,27.6734,577.4382,46.9184,0.0000,65.2500,0.0000,0.0000,115.4600,0.0000,270.7000,0.0000,0.0000,0.0000,0.0000,0.0000,0.0000,9.3042,0.0000,0.0000,6.3814,28.2277,36.4410,0.0000,42.1083,42.3344,6.3976,13.0050,8.0910,10.3361,45.4984,0.0000,13.0458,20.3279,20.1868,0.0000,12.6804,8.1674,0.0000,0.0000,6.3249,0.0000,0.0000,0.0000,15.7662,7.7283,0.0000,0.0000,0.0000,10.8392,10.3154,12.9316,12.1287,8.9160,11.2137,14.1164,8.5929,0.0000,3.9301,4.0007,0.0000,0.0000,0.0000,204.4500,0.0000,0.9715,10.4800,0.0000,0.0000,200.0000,6.7200,10.5900,0.0000,0.0000,0.0000,0.0000,0.0000,17.1700,0.0000,0.0000,0.0000,0.0000,0.0000,0.0000,0.0000,0.0000,0.0000,0.0000,0.0000,0.0000,4.8144,0.0000,0.0000,0.0000,0.0000,200.0000,18.7000,0.0000,0.0000,100.0000,0.0000,0.0000,0.0000,0.0000,6.0861,0.0000,0.0000
3,66EnNDPL2025/07/03,NDPL,0.0000,0.0000,0.0000,0.0000,0.0000,0.0000,0.0000,0.0000,38.8446,0.0000,22.5492,55.9120,0.0000,0.0000,0.0000,0.0000,27.6734,577.4382,46.9184,0.0000,65.2500,0.0000,0.0000,115.4600,0.0000,270.7000,0.0000,0.0000,0.0000,0.0000,0.0000,0.0000,9.3042,0.0000,0.0000,6.3814,28.2277,36.4410,0.0000,42.1083,41.8766,6.3976,13.0050,8.0910,10.3361,45.4984,0.0000,13.0458,20.3279,20.1868,0.0000,12.6804,8.1674,0.0000,0.0000,6.3249,0.0000,0.0000,0.0000,15.7662,7.7283,0.0000,0.0000,0.0000,10.8392,6.6016,12.9316,12.1287,8.9160,11.2137,14.1164,8.5929,0.0000,3.9301,4.0007,0.0000,0.0000,0.0000,204.4500,0.0000,0.9715,10.4800,0.0000,0.0000,200.0000,6.7200,10.5900,0.0000,0.0000,0.0000,0.0000,0.0000,17.6700,0.0000,0.0000,0.0000,0.0000,0.0000,0.0000,0.0000,0.0000,0.0000,0.0000,0.0000,0.0000,4.8144,0.0000,0.0000,0.0000,0.0000,200.0000,18.7000,0.0000,0.0000,100.0000,0.0000,0.0000,0.0000,0.0000,6.0861,0.0000,0.0000
4,66EnNDPL2025/07/03,NDPL,0.0000,0.0000,0.0000,0.0000,0.0000,0.0000,0.0000,0.0000,38.8446,0.0000,22.5492,55.9120,0.0000,0.0000,0.0000,0.0000,27.6734,577.4382,46.9184,0.0000,65.2500,0.0000,0.0000,115.4600,0.0000,270.7000,0.0000,0.0000,0.0000,0.0000,0.0000,0.0000,9.3042,0.0000,0.0000,6.3814,28.2277,36.4410,0.0000,42.1083,41.8766,6.3976,13.0050,8.0910,10.3361,45.4984,0.0000,13.0458,20.3279,20.1868,0.0000,12.6804,8.1674,0.0000,0.0000,6.3249,0.0000,0.0000,0.0000,15.7662,7.7283,0.0000,0.0000,0.0000,10.8392,6.6016,12.9316,12.1287,8.9160,11.2137,14.1164,8.5929,0.0000,3.9301,4.0007,0.0000,0.0000,0.0000,204.4500,0.0000,0.9715,10.4800,0.0000,0.0000,200.0000,6.7200,10.5900,0.0000,0.0000,0.0000,0.0000,0.0000,18.6700,0.0000,0.0000,0.0000,0.0000,0.0000,0.0000,0.0000,0.0000,0.0000,0.0000,0.0000,0.0000,7.4924,0.0000,0.0000,0.0000,0.0000,200.0000,18.7000,0.0000,0.0000,100.0000,0.0000,0.0000,0.0000,0.0000,6.0861,0.0000,0.0000
5,66EnNDPL2025/07/03,NDPL,0.0000,0.0000,0.0000,0.0000,0.0000,0.0000,0.0000,0.0000,38.8446,0.0000,22.5492,55.9120,0.0000,0.0000,0.0000,0.0000,27.6734,577.4382,46.9184,0.0000,65.2500,0.0000,0.0000,115.4600,0.0000,270.7000,0.0000,0.0000,0.0000,0.0000,0.0000,0.0000,9.3042,0.0000,0.0000,6.3814,28.2277,36.4410,0.0000,42.1083,41.8766,6.3976,13.0050,8.0910,10.3361,45.4984,0.0000,13.0458,20.3279,20.1868,0.0000,12.6804,8.1674,0.0000,0.0000,6.3249,0.0000,0.0000,0.0000,15.7662,7.7283,0.0000,0.0000,0.0000,10.8392,6.6016,12.9316,12.1287,8.9160,11.2137,14.1164,8.5929,0.0000,3.9301,4.0007,0.0000,0.0000,0.0000,204.4500,0.0000,0.9715,10.4800,0.0000,0.0000,200.0000,6.5400,10.5900,0.0000,0.0000,0.0000,0.0000,0.0000,11.6700,0.0000,0.0000,0.0000,0.0000,0.0000,0.0000,0.0000,0.0000,0.0000,0.0000,0.0000,0.0000,7.4924,0.0000,0.0000,0.0000,0.0000,200.0000,18.7000,0.0000,0.0000,100.0000,0.0000,0.0000,0.0000,0.0000,6.0861,0.0000,0.0000
6,66EnNDPL2025/07/03,NDPL,0.0000,0.0000,0.0000,0.0000,0.0000,0.0000,0.0000,0.0000,38.8446,0.0000,22.5492,55.9120,0.0000,0.0000,0.0000,0.0000,27.6734,577.4382,46.9184,0.0000,65.2500,0.0000,0.0000,115.4600,0.0000,270.7000,0.0000,0.0000,0.0000,0.0000,0.0000,0.0000,9.3042,0.0000,0.0000,6.3814,28.2277,36.4410,0.0000,42.1083,41.8766,6.3976,13.0050,8.0910,10.3361,45.4984,0.0000,13.0458,20.3279,20.1868,0.0000,12.6804,8.1674,0.0000,0.0000,6.3249,0.0000,0.0000,0.0000,15.7662,7.7283,0.0000,0.0000,0.0000,10.8392,6.6016,12.9316,12.1287,8.9160,11.2137,14.1164,8.5929,0.0000,3.9301,4.0007,0.0000,0.0000,0.0000,204.4500,0.0000,0.9715,10.4800,0.0000,0.0000,200.0000,6.5400,10.5900,0.0000,0.0000,0.0000,0.0000,0.0000,12.0000,0.0000,0.0000,0.0000,0.0000,0.0000,0.0000,0.0000,0.0000,0.0000,0.0000,0.0000,0.0000,7.4924,0.0000,0.0000,0.0000,0.0000,200.0000,18.7000,0.0000,0.0000,100.0000,0.0000,0.0000,0.0000,0.0000,6.0861,0.0000,0.0000
7,66EnNDPL2025/07/03,NDPL,0.0000,0.0000,0.0000,0.0000,0.0000,0.0000,0.0000,0.0000,38.8446,0.0000,22.5492,55.9120,0.0000,0.0000,0.0000,0.0000,27.6734,577.4382,46.9184,0.0000,65.2500,0.0000,0.0000,64.2000,0.0000,270.7000,0.0000,0.0000,0.0000,0.0000,0.0000,0.0000,9.3042,0.0000,0.0000,6.3814,28.2277,36.4410,0.0000,42.1083,41.8766,6.3976,13.0050,8.0910,10.3361,45.4984,0.0000,13.0458,20.3279,20.1868,0.0000,12.6804,8.1674,0.0000,0.0000,6.3249,0.0000,0.0000,0.0000,15.7662,7.7283,0.0000,0.0000,0.0000,10.8392,6.6016,12.9316,12.1287,8.9160,11.2137,14.1164,8.5929,0.0000,3.9301,4.0007,0.0000,0.0000,0.0000,204.4500,0.0000,0.9715,10.4800,0.0000,0.0000,200.0000,6.5400,10.5900,0.0000,0.0000,0.0000,0.0000,0.0000,12.3300,0.0000,0.0000,0.0000,0.0000,0.0000,0.0000,0.0000,0.0000,0.0000,0.0000,0.0000,0.0000,7.4924,0.0000,0.0000,0.0000,0.0000,200.0000,18.7000,0.0000,0.0000,100.0000,0.0000,0.0000,0.0000,0.0000,6.0861,0.0000,0.0000
8,66EnNDPL2025/07/03,NDPL,0.0000,0.0000,0.0000,0.0000,0.0000,0.0000,0.0000,0.0000,38.8446,0.0000,22.5492,55.9120,0.0000,0.0000,0.0000,0.0000,27.6734,577.4382,46.9184,0.0000,65.2500,0.0000,0.0000,64.2000,0.0000,270.7000,0.0000,0.0000,0.0000,0.0000,0.0000,0.0000,9.3042,0.0000,0.0000,6.3814,28.2277,36.4410,0.0000,42.1083,41.8766,6.3976,13.0050,8.0910,10.3361,45.4984,0.0000,13.0458,20.3279,20.1868,0.0000,12.6804,8.1674,0.0000,0.0000,6.3249,0.0000,0.0000,0.0000,15.7662,7.7283,0.0000,0.0000,0.0000,10.8392,6.6016,12.9316,12.1287,8.9160,11.2137,14.1164,8.5929,0.0000,3.9301,4.0007,0.0000,0.0000,0.0000,204.4500,0.0000,0.9715,10.4800,0.0000,0.0000,200.0000,6.5400,10.5900,0.0000,0.0000,0.0000,0.0000,0.0000,12.6700,0.0000,0.0000,0.0000,0.0000,0.0000,0.0000,0.0000,0.0000,0.0000,0.0000,0.0000,0.0000,7.4924,0.0000,0.0000,0.0000,0.0000,200.0000,18.7000,0.0000,0.0000,100.0000,0.0000,0.0000,0.0000,0.0000,6.0861,0.0000,0.0000
9,66EnNDPL2025/07/03,NDPL,0.0000,0.0000,0.0000,0.0000,0.0000,0.0000,0.0000,0.0000,38.8446,0.0000,22.5492,55.9120,0.0000,0.0000,0.0000,0.0000,27.6734,577.4382,46.9184,0.0000,65.2500,0.0000,0.0000,115.4600,0.0000,270.7000,0.0000,0.0000,0.0000,0.0000,0.0000,0.0000,9.3042,0.0000,0.0000,6.3814,28.2277,36.4410,0.0000,42.1083,41.8766,6.3976,13.0050,8.0910,10.3361,45.4984,0.0000,13.0458,20.3279,20.1868,0.0000,12.6804,8.1674,0.0000,0.0000,6.3249,0.0000,0.0000,0.0000,15.7662,7.7283,0.0000,0.0000,0.0000,10.8392,6.6016,12.9316,12.1287,8.9160,11.2137,14.1164,8.5929,0.0000,3.9301,4.0007,0.0000,0.0000,0.0000,204.4500,0.0000,0.0000,10.4800,0.0000,0.0000,200.0000,6.3400,10.5900,0.0000,0.0000,0.0000,0.0000,0.0000,13.0000,0.0000,0.0000,0.0000,0.0000,0.0000,0.0000,0.0000,0.0000,0.0000,0.0000,0.0000,0.0000,7.4924,0.0000,0.0000,0.0000,0.0000,200.0000,18.5100,0.0000,0.0000,100.0000,0.0000,0.0000,0.0000,0.0000,6.0861,0.0000,0.0000
10,66EnNDPL2025/07/03,NDPL,0.0000,0.0000,0.0000,0.0000,0.0000,0.0000,0.0000,0.0000,38.8446,0.0000,22.5492,55.9120,0.0000,0.0000,0.0000,0.0000,27.6734,577.4382,46.9184,0.0000,65.2500,0.0000,0.0000,115.4600,0.0000,270.7000,0.0000,0.0000,0.0000,0.0000,0.0000,0.0000,9.3042,0.0000,0.0000,6.3814,28.2277,36.4410,0.0000,42.1083,41.8766,6.3976,13.0050,8.0910,10.3361,45.4984,0.0000,13.0458,20.3279,20.1868,0.0000,12.6804,8.1674,0.0000,0.0000,6.3249,0.0000,0.0000,0.0000,15.7662,7.7283,0.0000,0.0000,0.0000,10.8392,6.6016,12.9316,12.1287,8.9160,11.2137,14.1164,8.5929,0.0000,3.9301,4.0007,0.0000,0.0000,0.0000,204.4500,0.0000,0.0000,10.4800,0.0000,0.0000,200.0000,6.3400,10.5900,0.0000,0.0000,0.0000,0.0000,0.0000,13.3300,0.0000,0.0000,0.0000,0.0000,0.0000,0.0000,0.0000,0.0000,0.0000,0.0000,0.0000,0.0000,7.4924,0.0000,0.0000,0.0000,0.0000,200.0000,18.5100,0.0000,0.0000,100.0000,0.0000,0.0000,0.0000,0.0000,6.0861,0.0000,0.0000
11,66EnNDPL2025/07/03,NDPL,0.0000,0.0000,0.0000,0.0000,0.0000,0.0000,0.0000,0.0000,38.8446,0.0000,22.5492,55.9120,0.0000,0.0000,0.0000,0.0000,27.6734,577.4382,46.9184,0.0000,65.2500,0.0000,0.0000,115.4600,0.0000,270.7000,0.0000,0.0000,0.0000,0.0000,0.0000,0.0000,9.3042,0.0000,0.0000,6.3814,28.2277,36.4410,0.0000,42.1083,41.8766,6.3976,13.0050,8.0910,10.3361,45.4984,0.0000,13.0458,20.3279,20.1868,0.0000,12.6804,8.1674,0.0000,0.0000,6.3249,0.0000,0.0000,0.0000,15.7662,8.4953,0.0000,0.0000,0.0000,10.8392,6.6016,12.9316,12.1287,8.9160,11.2137,14.1164,8.5929,0.0000,3.9301,4.0007,0.0000,0.0000,0.0000,204.4500,0.0000,0.0000,10.4800,0.0000,0.0000,200.0000,6.3400,10.5900,0.0000,0.0000,0.0000,0.0000,0.0000,14.1700,0.0000,0.0000,0.0000,0.0000,0.0000,0.0000,0.0000,0.0000,0.0000,0.0000,0.0000,0.0000,7.4924,0.0000,0.0000,0.0000,0.0000,200.0000,18.5100,0.0000,0.0000,100.0000,0.0000,0.0000,0.0000,0.0000,6.0861,0.0000,0.0000
12,66EnNDPL2025/07/03,NDPL,0.0000,0.0000,0.0000,0.0000,0.0000,0.0000,0.0000,0.0000,38.8446,0.0000,22.5492,55.9120,0.0000,0.0000,0.0000,0.0000,27.6734,577.4382,46.9184,0.0000,65.2500,0.0000,0.0000,115.4600,0.0000,270.7000,0.0000,0.0000,0.0000,0.0000,0.0000,0.0000,9.3042,0.0000,0.0000,6.3814,28.2277,36.4410,0.0000,42.1083,41.8766,6.3976,13.0050,8.0910,10.3361,45.4984,0.0000,13.0458,20.3279,20.1868,0.0000,12.6804,8.1674,0.0000,0.0000,6.3249,0.0000,0.0000,0.0000,15.7662,8.4953,0.0000,0.0000,0.0000,10.8392,6.6016,12.9316,12.1287,8.9160,11.2137,14.1164,8.5929,0.0000,3.9301,4.0007,0.0000,0.0000,0.0000,204.4500,0.0000,0.0000,10.4800,0.0000,0.0000,200.0000,6.3400,10.5900,0.0000,0.0000,0.0000,0.0000,0.0000,15.0000,0.0000,0.0000,0.0000,0.0000,0.0000,0.0000,0.0000,0.0000,0.0000,0.0000,0.0000,0.0000,7.4924,0.0000,0.0000,0.0000,0.0000,200.0000,18.5100,0.0000,0.0000,100.0000,0.0000,0.0000,0.0000,0.0000,6.0861,0.0000,0.0000
13,66EnNDPL2025/07/03,NDPL,0.0000,0.0000,0.0000,0.0000,0.0000,0.0000,0.0000,0.0000,38.8446,0.0000,22.5492,55.9120,0.0000,0.0000,0.0000,0.0000,27.6734,577.4382,46.9184,0.0000,65.2500,0.0000,0.0000,115.4600,0.0000,270.7000,0.0000,0.0000,0.0000,0.0000,0.0000,0.0000,9.3042,0.0000,0.0000,6.3814,28.2277,36.4410,0.0000,42.1083,41.8766,6.3976,13.0050,8.0910,10.3361,45.4984,0.0000,13.2088,20.3279,20.1868,0.0000,12.6804,8.1674,0.0000,0.0000,6.3249,0.0000,0.0000,0.0000,15.7662,9.0997,0.0000,0.0000,0.0000,9.4832,6.6016,12.9316,12.1287,8.9160,11.2137,14.1164,9.7646,0.0000,3.6540,6.0010,0.0000,0.0000,0.0000,204.4500,0.0000,0.0000,10.4800,0.0000,0.0000,200.0000,6.1600,10.4300,0.0000,0.0000,0.0000,0.0000,0.0000,15.8300,0.0000,0.0000,0.0000,0.0000,0.0000,0.0000,0.0000,0.0000,0.0000,0.0000,0.0000,0.0000,7.4924,0.0000,0.0000,0.0000,0.0000,200.0000,18.3300,0.0000,0.0000,100.0000,0.0000,0.0000,0.0000,0.0000,6.0861,0.0000,0.0000
14,66EnNDPL2025/07/03,NDPL,0.0000,0.0000,0.0000,0.0000,0.0000,0.0000,0.0000,0.0000,38.8446,0.0000,22.5492,55.9120,0.0000,0.0000,0.0000,0.0000,27.6734,577.4382,46.9184,0.0000,65.2500,0.0000,0.0000,115.4600,0.0000,270.7000,0.0000,0.0000,0.0000,0.0000,0.0000,0.0000,9.3042,0.0000,0.0000,6.3814,28.2277,36.4410,0.0000,42.1083,41.8766,6.3976,13.0050,8.0910,10.3361,45.4984,0.0000,13.2088,20.3279,20.1868,0.0000,12.6804,8.1674,0.0000,0.0000,6.3249,0.0000,0.0000,0.0000,15.7662,9.0997,0.0000,0.0000,0.0000,9.4832,6.6016,12.9316,12.1287,8.9160,11.2137,14.1164,9.7646,0.0000,3.6540,6.0010,0.0000,0.0000,0.0000,204.4500,0.0000,0.0000,10.4800,0.0000,0.0000,200.0000,6.1600,10.4300,0.0000,0.0000,0.0000,0.0000,0.0000,16.3300,0.0000,0.0000,0.0000,0.0000,0.0000,0.0000,0.0000,0.0000,0.0000,0.0000,0.0000,0.0000,7.4924,0.0000,0.0000,0.0000,0.0000,200.0000,18.3300,0.0000,0.0000,100.0000,0.0000,0.0000,0.0000,0.0000,6.0861,0.0000,0.0000
15,66EnNDPL2025/07/03,NDPL,0.0000,0.0000,0.0000,0.0000,0.0000,0.0000,0.0000,0.0000,38.8446,0.0000,22.5492,55.9120,0.0000,0.0000,0.0000,0.0000,27.6734,577.4382,46.9184,0.0000,65.2500,0.0000,0.0000,115.4600,0.0000,270.7000,0.0000,0.0000,0.0000,0.0000,0.0000,0.0000,9.3042,0.0000,0.0000,6.3814,28.2277,36.4410,0.0000,42.1083,41.8766,6.3976,13.0050,8.0910,10.3361,45.4984,0.0000,13.2088,20.3279,20.1868,0.0000,12.6804,8.1674,0.0000,0.0000,6.3249,0.0000,0.0000,0.0000,15.7662,9.0997,0.0000,0.0000,0.0000,9.4832,10.3154,12.9316,12.1287,8.9160,11.2137,14.1164,9.9984,0.0000,3.6540,6.0010,0.0000,0.0000,0.0000,204.4500,0.0000,0.0000,10.4800,0.0000,0.0000,200.0000,6.1600,10.4300,0.0000,0.0000,0.0000,0.0000,0.0000,16.3300,0.0000,0.0000,0.0000,0.0000,0.0000,0.0000,0.0000,0.0000,0.0000,0.0000,0.0000,0.0000,7.4924,0.0000,0.0000,0.0000,0.0000,200.0000,18.3300,0.0000,0.0000,100.0000,0.0000,0.0000,0.0000,0.0000,6.0861,0.0000,0.0000
16,66EnNDPL2025/07/03,NDPL,0.0000,0.0000,0.0000,0.0000,0.0000,0.0000,0.0000,0.0000,38.8446,0.0000,22.5492,55.9120,0.0000,0.0000,0.0000,0.0000,27.6734,577.4382,46.9184,0.0000,65.2500,0.0000,0.0000,115.4600,0.0000,270.7000,0.0000,0.0000,0.0000,0.0000,0.0000,0.0000,9.3042,0.0000,0.0000,6.3814,28.2277,36.4410,0.0000,42.1083,41.8766,6.3976,13.0050,8.0910,10.3361,45.4984,0.0000,13.2088,20.3279,20.1868,0.0000,12.6804,8.1674,0.0000,0.0000,6.3249,0.0000,0.0000,0.0000,15.7662,9.0997,0.0000,0.0000,0.0000,9.4832,10.3154,12.9316,12.1287,8.9160,11.2137,14.1164,9.9984,0.0000,3.6540,6.0010,0.0000,0.0000,0.0000,204.4500,0.0000,0.0000,10.4800,0.0000,0.0000,200.0000,6.1600,10.4300,0.0000,0.0000,0.0000,0.0000,0.0000,16.3300,0.0000,0.0000,0.0000,0.0000,0.0000,0.0000,0.0000,0.0000,0.0000,0.0000,0.0000,0.0000,7.4924,0.0000,0.0000,0.0000,0.0000,200.0000,18.3300,0.0000,0.0000,100.0000,0.0000,0.0000,0.0000,0.0000,6.0861,0.0000,0.0000
17,66EnNDPL2025/07/03,NDPL,0.0000,0.0000,0.0000,0.0000,0.0000,0.0000,0.0000,0.0000,38.8446,0.0000,22.5492,55.9120,0.0000,0.0000,0.0000,0.0000,27.6734,577.4382,46.9184,0.0000,65.2500,0.0000,0.0000,115.4600,0.0000,270.7000,0.0000,0.0000,0.0000,0.0000,0.0000,0.0000,9.3042,0.0000,0.0000,6.3814,28.2277,36.4410,0.0000,42.1083,41.8766,6.3976,13.0050,8.0910,10.3361,45.4984,0.0000,13.2088,20.3279,20.1868,0.0000,12.6804,8.1674,0.0000,0.0000,6.3249,0.0000,0.0000,0.0000,15.7662,9.0936,0.0000,0.0000,0.0000,9.4832,10.3154,12.9316,12.1287,8.9160,11.2137,14.1164,9.9984,0.0000,3.6540,6.0010,0.0000,0.0000,0.0000,204.4500,0.0000,0.0000,10.3300,0.0000,0.0000,200.0000,5.9700,10.1400,0.0000,0.0000,0.0000,0.0000,0.0000,12.5000,0.0000,0.0000,0.0000,0.0000,0.0000,0.0000,0.0000,0.0000,0.0000,0.0000,0.0000,0.0000,7.4924,0.0000,0.0000,0.0000,0.0000,200.0000,18.0500,0.0000,0.0000,100.0000,0.0000,0.0000,0.0000,0.0000,6.0861,0.0000,0.0000
18,66EnNDPL2025/07/03,NDPL,0.0000,0.0000,0.0000,0.0000,0.0000,0.0000,0.0000,0.0000,38.8446,0.0000,22.5492,55.9120,0.0000,0.0000,0.0000,0.0000,27.6734,577.4382,46.9184,0.0000,65.2500,0.0000,0.0000,115.4600,0.0000,270.7000,0.0000,0.0000,0.0000,0.0000,0.0000,0.0000,9.3042,0.0000,0.0000,6.3814,28.2277,36.4410,0.0000,42.1083,41.8766,6.3976,13.0050,8.0910,10.3361,45.4984,0.0000,13.2088,20.3279,20.1868,0.0000,12.6804,8.1674,0.0000,0.0000,6.3249,0.0000,0.0000,0.0000,15.7662,9.1703,0.0000,0.0000,0.0000,9.4832,10.3154,12.9316,12.1287,8.9160,11.2137,14.1164,9.9984,0.0000,3.6540,6.0010,0.0000,0.0000,0.0000,204.4500,0.0000,0.0000,10.3300,0.0000,0.0000,200.0000,5.9700,10.1400,0.0000,0.0000,0.0000,0.0000,0.0000,12.5000,0.0000,0.0000,0.0000,0.0000,0.0000,0.0000,0.0000,0.0000,0.0000,0.0000,0.0000,0.0000,7.4924,0.0000,0.0000,0.0000,0.0000,200.0000,18.0500,0.0000,0.0000,100.0000,0.0000,0.0000,0.0000,0.0000,6.0861,0.0000,0.0000
19,66EnNDPL2025/07/03,NDPL,0.0000,0.0000,0.0000,0.0000,0.0000,0.0000,0.0000,0.0000,38.8446,0.0000,22.5492,55.9120,0.0000,0.0000,0.0000,0.0000,27.6734,577.4382,46.9184,0.0000,65.2500,0.0000,0.0000,115.4600,0.0000,270.7000,0.0000,0.0000,0.0000,0.0000,0.0000,0.0000,9.3042,0.0000,0.0000,5.7556,28.2277,36.4410,0.0000,42.1083,41.8766,6.3976,13.0050,8.0910,10.3361,45.4984,0.0000,13.2088,20.3279,20.1868,0.0000,12.6804,5.5049,0.0000,0.0000,6.3249,0.0000,0.0000,0.0000,15.7662,9.0015,0.0000,0.0000,0.0000,9.4832,6.6016,12.9316,12.1287,8.9160,11.2137,14.1164,10.9336,0.0000,3.6540,6.0010,0.0000,0.0000,0.0000,204.4500,0.0000,0.0000,10.3300,0.0000,0.0000,200.0000,5.9700,10.1400,0.0000,0.0000,0.0000,0.0000,0.0000,14.5300,0.0000,0.0000,0.0000,0.0000,0.0000,0.0000,0.0000,0.0000,0.0000,0.0000,0.0000,0.0000,7.4924,0.0000,0.0000,0.0000,0.0000,200.0000,18.0500,0.0000,0.0000,100.0000,0.0000,0.0000,0.0000,0.0000,6.0861,0.0000,0.0000
20,66EnNDPL2025/07/03,NDPL,0.0000,0.0000,0.0000,0.0000,0.0000,0.0000,0.0000,0.0000,38.8446,0.0000,22.5492,55.9120,0.0000,0.0000,0.0000,0.0000,27.6734,577.4382,46.9184,0.0000,65.2500,0.0000,0.0000,115.4600,0.0000,270.7000,0.0000,0.0000,0.0000,0.0000,0.0000,0.0000,9.3042,0.0000,0.0000,5.7556,28.2277,36.4410,0.0000,42.1083,41.8766,6.3976,13.0050,8.0910,10.3361,45.4984,0.0000,13.2088,20.3279,20.1868,0.0000,12.6804,5.4458,0.0000,0.0000,6.3249,0.0000,0.0000,0.0000,15.7662,8.9463,0.0000,0.0000,0.0000,9.4832,6.6016,12.9316,12.1287,8.9160,11.2137,14.1164,12.8881,0.0000,3.6540,6.0010,0.0000,0.0000,0.0000,204.4500,0.0000,0.0000,10.3300,0.0000,0.0000,200.0000,5.9700,10.1400,0.0000,0.0000,0.0000,0.0000,0.0000,13.9800,0.0000,0.0000,0.0000,0.0000,0.0000,0.0000,0.0000,0.0000,0.0000,0.0000,0.0000,0.0000,7.4924,0.0000,0.0000,0.0000,0.0000,200.0000,18.0500,0.0000,0.0000,100.0000,0.0000,0.0000,0.0000,0.0000,6.0861,0.0000,0.0000
21,66EnNDPL2025/07/03,NDPL,0.0000,0.0000,0.0000,0.0000,0.0000,0.0000,0.0000,0.0000,38.8446,0.0000,22.5492,55.9120,0.0000,0.0000,0.0000,0.0000,27.6734,577.4382,46.9184,0.0000,65.2500,0.0000,0.0000,115.4600,0.0000,270.7000,0.0000,0.0000,0.0000,0.0000,0.0000,0.0000,9.3756,0.0000,0.0000,5.7556,28.2277,36.4410,0.0000,42.1083,41.8766,6.3976,13.0050,8.0910,10.3361,45.4984,0.0000,13.2088,20.3279,20.1868,0.0000,12.6804,5.4458,0.0000,0.0000,6.3249,0.0000,0.0000,0.0000,15.7662,8.8941,0.0000,0.0000,0.0000,9.4832,6.6016,12.9316,12.1287,8.9160,11.2137,14.1164,12.8881,0.0000,3.6540,6.0010,0.0000,0.0000,0.0000,204.4500,0.0000,0.0000,10.3300,0.0000,0.0000,200.0000,5.7800,10.1400,0.0000,0.0000,0.0000,0.0000,0.0000,13.7900,0.0000,0.0000,0.0000,0.0000,0.0000,0.0000,0.0000,0.0000,0.0000,0.0000,0.0000,0.0000,7.4924,0.0000,0.0000,0.0000,0.0000,200.0000,17.7700,0.0000,0.0000,100.0000,0.0000,0.0000,0.0000,0.0000,6.0861,0.0000,0.0000
22,66EnNDPL2025/07/03,NDPL,0.0000,0.0000,0.0000,0.0000,0.0000,0.0000,0.0000,0.0000,38.8446,0.0000,22.5492,55.9120,0.0000,0.0000,0.0000,0.0000,27.6734,577.4382,46.9184,0.0000,65.2500,0.0000,0.0000,115.4600,0.0000,270.7000,0.0000,0.0000,0.0000,0.0000,0.0000,0.0000,9.3756,0.0000,0.0000,5.7556,28.2277,36.4410,0.0000,42.1083,41.8766,6.3976,13.0050,8.0910,10.3361,45.4984,0.0000,13.2088,20.3279,20.1868,0.0000,12.6804,5.4458,0.0000,0.0000,6.3249,0.0000,0.0000,0.0000,15.7662,8.8389,0.0000,0.0000,0.0000,9.4832,6.6016,12.9316,12.1287,8.9160,11.2137,14.1164,12.8881,0.0000,3.6540,6.0010,0.0000,0.0000,0.0000,204.4500,0.0000,0.0000,10.3300,0.0000,0.0000,200.0000,5.7800,10.1400,0.0000,0.0000,0.0000,0.0000,0.0000,13.7900,0.0000,0.0000,0.0000,0.0000,0.0000,0.0000,0.0000,0.0000,0.0000,0.0000,0.0000,0.0000,7.4924,0.0000,0.0000,0.0000,0.0000,200.0000,17.7700,0.0000,0.0000,100.0000,0.0000,0.0000,0.0000,0.0000,6.0861,0.0000,0.0000
23,66EnNDPL2025/07/03,NDPL,0.0000,0.0000,0.0000,0.0000,0.0000,0.0000,0.0000,0.0000,38.8446,0.0000,22.5492,55.9120,0.0000,0.0000,0.0000,0.0000,27.6734,577.4382,46.9184,0.0000,65.2500,0.0000,0.0000,115.4600,0.0000,270.7000,0.0000,0.0000,0.0000,0.0000,0.0000,0.0000,9.3756,0.0000,0.0000,5.7556,28.2277,36.4410,0.0000,45.2147,41.8766,6.3976,13.0050,8.0910,10.3361,45.4984,0.0000,13.2088,20.3279,20.1868,0.0000,12.6804,5.4458,0.0000,0.0000,6.3249,0.0000,0.0000,0.0000,15.7662,8.7745,0.0000,0.0000,0.0000,9.4832,6.6016,12.9316,12.1287,8.9160,11.2137,14.1164,12.8881,0.0000,3.6540,6.0010,0.0000,0.0000,0.0000,204.4500,0.0000,0.0000,10.3300,0.0000,0.0000,0.2900,5.7800,10.1400,0.0000,0.0000,0.0000,0.0000,0.0000,13.6900,0.0000,0.0000,0.0000,0.0000,0.0000,0.0000,0.0000,0.0000,0.0000,0.0000,0.0000,0.0000,7.4924,0.0000,0.0000,0.0000,0.0000,200.0000,17.7700,0.0000,0.0000,100.0000,0.0000,0.0000,0.0000,0.0000,6.0861,0.0000,0.0000
24,66EnNDPL2025/07/03,NDPL,0.0000,0.0000,0.0000,0.0000,0.0000,0.0000,0.0000,0.0000,38.8446,0.0000,22.5492,55.9120,0.0000,0.0000,0.0000,0.0000,27.6734,577.4382,46.9184,0.0000,65.2500,0.0000,0.0000,115.4600,0.0000,270.7000,0.0000,0.0000,0.0000,0.0000,0.0000,0.0000,9.3756,0.0000,0.0000,5.7556,28.2277,36.4410,0.0000,46.4219,41.8766,6.3976,13.0050,8.0910,10.3361,45.4984,0.0000,13.2088,20.3279,20.1868,0.0000,9.5091,5.4458,0.0000,0.0000,6.3249,0.0000,0.0000,0.0000,15.7662,8.7377,0.0000,0.0000,0.0000,9.4832,6.6016,12.9316,12.1287,8.9160,11.2137,14.1164,12.8881,0.0000,3.6540,6.0010,0.0000,0.0000,0.0000,204.4500,0.0000,0.0000,10.3300,0.0000,0.0000,1.1000,5.7800,10.1400,0.0000,0.0000,0.0000,0.0000,0.0000,13.4500,0.0000,0.0000,0.0000,0.0000,0.0000,0.0000,0.0000,0.0000,0.0000,0.0000,0.0000,0.0000,7.4924,0.0000,0.0000,0.0000,0.0000,200.0000,17.7700,0.0000,0.0000,100.0000,0.0000,0.0000,0.0000,0.0000,6.0861,0.0000,0.0000
25,66EnNDPL2025/07/03,NDPL,0.0000,0.0000,0.0000,0.0000,0.0000,0.0000,0.0000,0.0000,38.8446,0.0000,22.5492,55.9120,0.0000,0.0000,0.0000,0.0000,27.6734,577.4382,46.9184,0.0000,65.2500,0.0000,0.0000,115.4600,0.0000,270.7000,0.0000,0.0000,0.0000,0.0000,0.0000,0.0000,9.3756,0.0000,0.0000,5.7556,28.2277,36.4410,0.0000,47.6307,41.8766,6.3976,13.0050,8.0910,10.3361,45.4984,0.0000,13.2088,20.3279,20.1868,0.0000,9.5091,5.4458,0.0000,0.0000,6.3249,0.0000,0.0000,0.0000,15.7662,8.6149,0.0000,0.0000,0.0000,9.4832,6.6016,12.9316,12.1287,8.9160,11.2137,14.1164,10.9336,0.0000,3.6540,6.0010,0.0000,0.0000,0.0000,204.4500,0.0000,0.0000,10.3300,0.0000,0.0000,2.2000,5.6000,10.3600,0.0000,0.0000,0.0000,0.0000,0.0000,12.3900,0.0000,0.0000,0.0000,0.0000,0.0000,0.0000,0.0000,0.0000,0.0000,0.0000,0.0000,0.0000,7.4924,0.0000,0.0000,0.0000,0.0000,1.0000,17.5000,0.0000,0.0000,100.0000,0.0000,0.0000,0.0000,0.0000,6.0861,0.0000,0.0000
26,66EnNDPL2025/07/03,NDPL,0.0000,0.0000,0.0000,0.0000,0.0000,0.0000,0.0000,0.0000,38.8446,0.0000,22.5492,55.9120,0.0000,0.0000,0.0000,0.0000,27.6734,577.4382,46.9184,0.0000,65.2500,0.0000,0.0000,115.4600,0.0000,270.7000,0.0000,0.0000,0.0000,0.0000,0.0000,0.0000,9.3756,0.0000,0.0000,5.7556,28.2277,36.4410,0.0000,48.8395,41.8766,6.3976,13.0050,8.0910,10.3361,45.4984,0.0000,13.2088,20.3279,20.1868,0.0000,9.5091,5.4458,0.0000,0.0000,6.3249,0.0000,0.0000,0.0000,15.7662,8.5873,0.0000,0.0000,0.0000,9.4832,6.6016,12.9316,12.1287,8.9160,11.2137,14.1164,10.9336,0.0000,3.6540,6.0010,0.0000,0.0000,0.0000,204.4500,0.0000,0.0000,10.3300,0.0000,0.0000,4.5700,5.6000,10.3600,0.0000,0.0000,0.0000,0.0000,0.0000,11.8500,0.0000,0.0000,0.0000,0.0000,0.0000,0.0000,0.0000,0.0000,0.0000,0.0000,0.0000,0.0000,7.4924,0.0000,0.0000,0.0000,0.0000,2.0000,17.5000,0.0000,0.0000,100.0000,0.0000,0.0000,0.0000,0.0000,6.0861,0.0000,0.0000
27,66EnNDPL2025/07/03,NDPL,0.0000,0.0000,0.0000,0.0000,0.0000,0.0000,0.0000,0.0000,38.8446,0.0000,22.5492,55.9120,0.0000,0.0000,0.0000,0.0000,27.6734,577.4382,46.9184,0.0000,65.2500,0.0000,0.0000,115.4600,0.0000,270.7000,0.0000,0.0000,0.0000,0.0000,0.0000,0.0000,9.3756,0.0000,0.0000,5.7556,28.2277,36.4410,0.0000,50.0468,41.8766,6.3976,13.0050,8.0910,10.3361,45.4984,0.0000,13.2088,20.3279,20.1868,0.0000,9.5091,2.7216,0.0000,0.0000,6.3249,0.0000,0.0000,0.0000,15.7662,8.5689,0.0000,0.0000,0.0000,16.0640,6.6016,12.9316,12.1287,8.9160,11.2137,14.1164,10.9336,0.0000,3.6540,0.0000,0.0000,0.0000,0.0000,204.4500,0.0000,0.0000,10.3300,0.0000,0.0000,6.8400,5.6000,10.3600,0.0000,0.0000,0.0000,0.0000,0.0000,11.4400,0.0000,0.0000,0.0000,0.0000,0.0000,0.0000,0.0000,0.0000,0.0000,0.0000,0.0000,0.0000,7.4924,0.0000,0.0000,0.0000,0.0000,3.0000,17.5000,0.0000,0.0000,0.5300,0.0000,0.0000,0.0000,0.0000,6.0861,0.0000,0.0000
28,66EnNDPL2025/07/03,NDPL,0.0000,0.0000,0.0000,0.0000,0.0000,0.0000,0.0000,0.0000,38.8446,0.0000,22.5492,55.9120,0.0000,0.0000,0.0000,0.0000,27.6734,577.4382,46.9184,0.0000,65.2500,0.0000,0.0000,115.4600,0.0000,270.7000,0.0000,0.0000,0.0000,0.0000,0.0000,0.0000,9.3756,0.0000,0.0000,5.7556,28.2277,36.4410,0.0000,51.2540,41.8766,6.3976,13.0050,8.0910,10.3361,45.4984,0.0000,13.2088,20.3279,20.1868,0.0000,9.5091,2.7216,0.0000,0.0000,6.3249,0.0000,0.0000,0.0000,15.7662,8.5505,0.0000,0.0000,0.0000,16.0640,6.6016,12.9316,12.1287,8.9160,11.2137,14.1164,10.9336,0.0000,3.6540,0.0000,0.0000,0.0000,0.0000,204.4500,0.0000,0.0000,10.3300,0.0000,0.0000,9.3400,5.6000,10.3600,0.0000,0.0000,0.0000,0.0000,0.0000,11.1500,0.0000,0.0000,0.0000,0.0000,0.0000,0.0000,0.0000,0.0000,0.0000,0.0000,0.0000,0.0000,7.4924,0.0000,0.0000,0.0000,0.0000,7.0000,17.5000,0.0000,0.0000,0.9500,0.0000,0.0000,0.0000,0.0000,6.0861,0.0000,0.0000
29,66EnNDPL2025/07/03,NDPL,0.0000,0.0000,0.0000,0.0000,0.0000,0.0000,0.0000,0.0000,38.8446,0.0000,22.5492,55.9120,0.0000,0.0000,0.0000,0.0000,27.6734,577.4382,46.9184,0.0000,65.2500,0.0000,0.0000,106.9700,0.0000,232.2000,0.0000,0.0000,0.0000,0.0000,0.0000,0.0000,9.3756,0.0000,0.0000,5.7556,28.2277,36.4410,0.0000,52.4628,41.8766,6.3976,13.0050,8.0910,10.3361,45.4984,0.0000,13.0458,20.3279,20.1868,0.0000,6.3402,2.7216,0.0000,0.0000,6.3249,0.0000,0.0000,0.0000,15.7662,9.0567,0.0000,0.0000,0.0000,16.0640,10.3154,12.9316,12.1287,8.9160,11.2137,14.1164,10.9336,0.0000,3.6540,0.0000,0.0000,0.0000,0.0000,204.4500,0.0000,0.0000,200.0000,0.0000,0.0000,11.5600,5.6000,10.3600,0.0000,0.0000,0.0000,0.0000,0.0000,10.5900,0.0000,0.0000,0.0000,0.0000,0.0000,0.0000,0.0000,0.0000,0.0000,0.0000,0.0000,0.0000,7.4924,0.0000,0.0000,0.0000,0.0000,13.0000,17.3200,0.0000,0.0000,1.8900,0.0000,0.0000,0.0000,0.0000,6.0861,0.0000,0.0000
30,66EnNDPL2025/07/03,NDPL,0.0000,0.0000,0.0000,0.0000,0.0000,0.0000,0.0000,0.0000,38.8446,0.0000,22.5492,55.9120,0.0000,0.0000,0.0000,0.0000,27.6734,577.4382,46.9184,0.0000,65.2500,0.0000,0.0000,98.4800,0.0000,193.7000,0.0800,0.0000,0.0000,0.0000,0.0000,0.0000,9.3756,0.0000,0.0000,5.7556,28.2277,36.4410,0.0000,53.5335,41.8766,6.3976,13.0050,8.0910,10.3361,45.4984,0.0000,13.0458,20.3279,20.1868,0.0000,3.1688,2.7216,0.0000,0.0000,6.3249,0.0000,0.0000,0.0000,15.7662,9.0567,0.0000,0.0000,0.0000,16.0640,10.3154,12.9316,12.1287,8.9160,11.2137,14.1164,10.9336,0.0000,3.6540,0.0000,0.0000,0.0000,0.0000,204.4500,0.0000,0.0000,200.0000,0.0000,0.0000,13.3300,5.6000,10.3600,0.0000,0.0000,0.0000,0.0000,0.0000,10.1600,0.0000,0.0000,0.0000,0.0000,0.0000,0.0000,0.0000,0.0000,0.0000,0.0000,0.0000,0.0000,7.4924,0.0000,0.0000,0.0000,0.0000,17.0000,17.3200,0.0000,0.0000,3.2600,0.0000,0.0000,0.0000,0.0000,6.0861,0.0000,0.0000
31,66EnNDPL2025/07/03,NDPL,0.0000,0.0000,0.0000,0.0000,0.0000,0.0000,0.0000,0.0000,38.8446,0.0000,22.5492,55.9120,0.0000,0.0000,0.0000,0.0000,27.6734,577.4382,46.9184,0.0000,65.2500,0.0000,0.0000,89.9900,0.0000,155.2000,0.4133,0.0000,0.0000,0.0000,0.0000,0.0000,9.3756,0.0000,0.0000,5.7556,28.2277,36.4410,0.0000,53.5335,41.8766,6.3976,13.0050,8.0910,10.3361,45.4984,0.0000,13.0458,20.3279,20.1868,0.0000,0.0000,2.7216,0.0000,0.0000,6.3249,0.0000,0.0000,0.0000,15.7662,9.2715,0.0000,0.0000,0.0000,11.1767,6.6016,12.9316,12.1287,8.9160,11.2137,14.1164,9.3731,0.0000,3.6540,0.0000,0.0000,0.0000,0.0000,204.4500,0.0000,0.0000,200.0000,0.0000,0.0000,26.8700,5.6000,10.3600,0.0000,0.0000,0.0000,0.0000,0.0000,9.8500,0.0000,0.0000,0.0000,0.0000,0.0000,0.0000,0.0000,0.0000,0.0000,0.0000,0.0000,0.0000,7.4924,0.0000,0.0000,0.0000,0.0000,20.0000,17.3200,0.0000,0.0000,4.3200,0.0000,0.0000,0.0000,0.0000,6.0861,0.0000,0.0000
32,66EnNDPL2025/07/03,NDPL,0.0000,0.0000,0.0000,0.0000,0.0000,0.0000,0.0000,0.0000,38.8446,0.0000,22.5492,55.9120,0.0000,0.0000,0.0000,0.0000,27.6734,577.4382,46.9184,0.0000,65.2500,0.0000,0.0000,70.1900,0.0000,148.8800,1.2633,0.0000,0.0000,0.0000,0.0000,0.0000,9.3756,0.0000,0.0000,5.7556,28.2277,36.4410,0.0000,53.5335,41.8766,6.3976,13.0050,8.0910,10.3361,45.4984,0.0000,13.0458,20.3279,20.1868,0.0000,0.0000,2.7216,0.0000,0.0000,6.3249,0.0000,0.0000,0.0000,15.7662,9.2654,0.0000,0.0000,0.0000,11.1767,6.6016,12.9316,12.1287,8.9160,11.2137,14.1164,9.3731,0.0000,3.6540,0.0000,0.0000,0.0000,0.0000,204.4500,0.0000,0.0000,200.0000,0.0000,0.0000,31.1200,5.6000,10.3600,0.0000,0.0000,0.0000,0.0000,0.0000,9.4300,0.0000,0.0000,0.0000,0.0000,0.0000,0.0000,0.0000,0.0000,0.0000,0.0000,0.0000,0.0000,7.4924,0.0000,0.0000,0.0000,0.0000,27.0000,17.3200,0.0000,0.0000,5.1000,0.0000,0.0000,0.0000,0.0000,6.0861,0.0000,0.0000
33,66EnNDPL2025/07/03,NDPL,0.0000,0.0000,0.0000,0.0000,0.0000,0.0000,0.0000,0.0000,38.8446,0.0000,22.5492,55.9120,0.0000,0.0000,0.0000,0.0000,27.6734,577.4382,46.9184,0.0000,65.2500,0.0000,0.0000,70.1900,0.0000,192.5000,2.8933,0.0000,0.0000,0.0000,0.0000,0.0000,9.3756,0.0000,0.0000,5.7556,28.2277,36.4410,0.0000,53.5335,41.8766,6.3976,13.0050,8.0910,10.3361,45.4984,0.0000,12.8852,20.3279,19.5151,0.0000,0.0000,2.7216,0.0000,0.0000,6.3249,0.0000,0.0000,0.0000,15.7662,9.4341,0.0000,0.0000,0.0000,11.1767,6.6016,8.6211,12.1287,8.9160,11.2137,14.1164,8.5929,0.0000,3.6540,0.0000,0.0000,0.0000,0.0000,204.4500,0.0000,0.0000,200.0000,0.0000,0.0000,35.1000,5.6000,100.0000,0.0000,0.0000,0.0000,0.0000,0.0000,13.4600,0.0000,0.0000,0.0000,0.0000,0.0000,0.0000,0.0000,0.0000,0.0000,0.0000,0.0000,0.0000,7.4924,0.0000,0.0000,0.0000,0.0000,33.0000,17.1300,0.0000,0.0000,5.6700,0.0000,0.0000,0.0000,0.0000,6.0861,0.0000,0.0000
34,66EnNDPL2025/07/03,NDPL,0.0000,0.0000,0.0000,0.0000,0.0000,0.0000,0.0000,0.0000,38.8446,0.0000,22.5492,55.9120,0.0000,0.0000,0.0000,0.0000,27.6734,577.4382,46.9184,0.0000,65.2500,0.0000,0.0000,70.1900,0.0000,192.5000,2.8933,0.0000,0.0000,0.0000,0.0000,0.0000,9.3756,0.0000,0.0000,6.1421,28.2277,36.4410,0.0000,53.5335,41.8766,6.3976,13.0050,8.0910,10.3361,45.4984,0.0000,12.8852,20.3279,19.5151,0.0000,0.0000,2.7216,0.0000,0.0000,6.3249,0.0000,0.0000,0.0000,15.7662,9.4464,0.0000,0.0000,0.0000,11.1767,6.6016,4.3105,12.1287,8.9160,11.2137,14.1164,8.5929,0.0000,3.6540,0.0000,0.0000,0.0000,0.0000,204.4500,0.0000,0.0000,200.0000,0.0000,0.0000,38.7900,5.6000,100.0000,0.0000,0.0000,0.0000,0.0000,0.0000,13.3300,0.0000,0.0000,0.0000,0.0000,0.0000,0.0000,0.0000,0.0000,0.0000,0.0000,0.0000,0.0000,7.4924,0.0000,0.0000,0.0000,0.0000,40.0000,17.1300,0.0000,0.0000,6.2300,0.0000,0.0000,0.0000,0.0000,6.0861,0.0000,0.0000
35,66EnNDPL2025/07/03,NDPL,0.0000,0.0000,0.0000,0.0000,0.0000,0.0000,0.0000,0.0000,38.8446,0.0000,22.5492,55.9120,0.0000,0.0000,0.0000,0.0000,27.6734,577.4382,46.9184,0.0000,65.2500,0.0000,0.0000,70.1900,0.0000,192.5000,3.8333,0.0000,0.0000,0.0000,0.0000,0.0000,9.3756,0.0000,0.0000,6.3814,28.2277,36.4410,0.0000,53.5335,41.8766,6.3976,13.0050,8.0910,10.3361,45.4984,0.0000,12.8852,20.3279,19.5151,0.0000,0.0000,2.7216,0.0000,0.0000,6.3249,0.0000,0.0000,0.0000,15.7662,9.4464,0.0000,0.0000,0.0000,12.1953,7.4275,4.3105,12.1287,8.9160,11.2137,14.1164,5.8582,0.0000,3.6540,0.0000,0.0000,0.0000,0.0000,204.4500,0.0000,0.0000,200.0000,0.0000,0.0000,42.0500,5.6000,100.0000,0.0000,0.0000,0.0000,0.0000,0.0000,13.3700,0.0000,0.0000,0.0000,0.0000,0.0000,0.0000,0.0000,0.0000,0.0000,0.0000,0.0000,0.0000,7.4924,0.0000,0.0000,0.0000,0.0000,47.0000,17.1300,0.0000,0.0000,6.7900,0.0000,0.0000,0.0000,0.0000,6.0861,0.0000,0.0000
36,66EnNDPL2025/07/03,NDPL,0.0000,0.0000,0.0000,0.0000,0.0000,0.0000,0.0000,0.0000,38.8446,0.0000,22.5492,55.9120,0.0000,0.0000,0.0000,0.0000,27.6734,577.4382,46.9184,0.0000,65.2500,0.0000,0.0000,70.1900,0.0000,192.5000,4.7366,0.0000,0.0000,0.0000,0.0000,0.0000,9.3756,0.0000,0.0000,6.3814,28.2277,36.4410,0.0000,53.5335,41.8766,6.3976,13.0050,8.0910,10.3361,45.4984,0.0000,12.8852,20.3279,19.5151,0.0000,0.0000,2.7216,0.0000,0.0000,6.3249,0.0000,0.0000,0.0000,15.7662,9.4525,0.0000,0.0000,0.0000,12.1953,7.4275,0.0000,12.1287,8.9160,11.2137,14.1164,5.8582,0.0000,3.6540,0.0000,0.0000,0.0000,0.0000,204.4500,0.0000,0.0000,200.0000,0.0000,0.0000,45.0000,5.6000,100.0000,0.0000,0.0000,0.0000,0.0000,0.0000,13.3800,0.0000,0.0000,0.0000,0.0000,0.0000,0.0000,0.0000,0.0000,0.0000,0.0000,0.0000,0.0000,7.4924,0.0000,0.0000,0.0000,0.0000,52.0000,17.1300,0.0000,0.0000,7.3400,0.0000,0.0000,0.0000,0.0000,6.0861,0.0000,0.0000
37,66EnNDPL2025/07/03,NDPL,0.0000,0.0000,0.0000,0.0000,0.0000,0.0000,0.0000,0.0000,38.8446,0.0000,22.5492,55.9120,0.0000,0.0000,0.0000,0.0000,27.6734,577.4382,46.9184,0.0000,63.0750,0.0000,0.0000,70.1900,0.0000,192.5000,5.1299,0.0000,0.0000,0.0000,0.0000,0.0000,9.3756,0.0000,0.0000,6.3814,28.2277,36.4410,0.0000,53.5335,41.8766,6.3976,13.0050,8.0910,10.3361,45.4984,0.0000,12.5642,20.3279,19.5151,0.0000,0.0000,2.7216,0.0000,0.0000,6.3249,0.0000,0.0000,0.0000,15.7662,9.3819,0.0000,0.0000,0.0000,12.1953,7.4275,0.0000,12.1287,8.9160,11.2137,14.1164,9.3731,0.0000,3.6540,0.0000,0.0000,0.0000,0.0000,201.1875,0.0000,0.0000,200.0000,0.0000,0.0000,47.6300,5.4100,100.0000,0.0000,0.0000,0.0000,0.0000,0.0000,14.5200,0.0000,0.0000,0.0000,0.0000,0.0000,0.0000,0.0000,0.0000,0.0000,0.0000,0.0000,0.0000,7.4924,0.0000,0.0000,0.0000,0.0000,57.0000,16.9500,0.0000,0.0000,8.2600,0.0000,0.0000,0.0000,0.0000,6.0861,0.0000,0.0000
38,66EnNDPL2025/07/03,NDPL,0.0000,0.0000,0.0000,0.0000,0.0000,0.0000,0.0000,0.0000,38.8446,0.0000,22.5492,55.9120,0.0000,0.0000,0.0000,0.0000,27.6734,577.4382,46.9184,0.0000,63.0750,0.0000,0.0000,70.1900,0.0000,231.0000,6.1233,0.0000,0.0000,0.0000,0.0000,0.0000,9.3756,0.0000,0.0000,6.3814,28.2277,36.4410,0.0000,53.5335,41.8766,6.3976,13.0050,8.0910,10.3361,45.4984,0.0000,12.5642,20.3279,19.5151,0.0000,0.0000,2.7216,0.0000,0.0000,6.3249,0.0000,0.0000,0.0000,15.7662,9.3819,0.0000,0.0000,0.0000,12.1953,7.4275,0.0000,12.1287,8.9160,11.2137,14.1164,9.3731,0.0000,3.6540,0.0000,0.0000,0.0000,0.0000,201.1875,0.0000,0.0000,200.0000,0.0000,0.0000,49.9700,5.4100,100.0000,0.0000,0.0000,0.0000,0.0000,0.0000,15.7800,0.0000,0.0000,0.0000,0.0000,0.0000,0.0000,0.0000,0.0000,0.0000,0.0000,0.0000,0.0000,7.4924,0.0000,0.0000,0.0000,0.0000,61.0000,16.9500,0.0000,0.0000,9.0900,0.0000,0.0000,0.0000,0.0000,6.0861,0.0000,0.0000
39,66EnNDPL2025/07/03,NDPL,0.0000,0.0000,0.0000,0.0000,0.0000,0.0000,0.0000,0.0000,38.8446,0.0000,22.5492,55.9120,0.0000,0.0000,0.0000,0.0000,27.6734,577.4382,46.9184,0.0000,63.0750,0.0000,0.0000,70.1900,0.0000,270.7000,7.6733,0.0000,0.0000,0.0000,0.0000,0.0000,9.3756,0.0000,0.0000,6.3814,28.2277,36.4410,0.0000,53.5335,41.8766,6.3976,13.0050,8.0910,10.3361,45.4984,0.0000,12.5642,20.3279,19.5151,0.0000,0.0000,2.7216,0.0000,0.0000,6.3249,0.0000,0.0000,0.0000,15.7662,9.6519,0.0000,0.0000,0.0000,16.0640,10.3154,0.0000,12.1287,8.9160,11.2137,14.1164,8.2015,0.0000,3.6540,0.0000,0.0000,0.0000,0.0000,201.1875,0.0000,0.0000,200.0000,0.0000,0.0000,74.1500,5.4100,100.0000,0.0000,0.0000,0.0000,0.0000,0.0000,13.1700,0.0000,0.0000,0.0000,0.0000,0.0000,0.0000,0.0000,0.0000,0.0000,0.0000,0.0000,0.0000,7.4924,0.0000,0.0000,0.0000,0.0000,69.0000,16.9500,0.0000,0.0000,9.8900,0.0000,0.0000,0.0000,0.0000,6.0861,0.0000,0.0000
40,66EnNDPL2025/07/03,NDPL,0.0000,0.0000,0.0000,0.0000,0.0000,0.0000,0.0000,0.0000,38.8446,0.0000,22.5492,55.9120,0.0000,0.0000,0.0000,0.0000,27.6734,577.4382,46.9184,0.0000,63.0750,0.0000,0.0000,70.1900,0.0000,270.7000,9.1466,0.0000,0.0000,0.0000,0.0000,0.0000,9.3756,0.0000,0.0000,6.3814,28.2277,36.4410,0.0000,53.5335,41.8766,6.3976,13.0050,8.0910,10.3361,45.4984,0.0000,12.5642,20.3279,19.5151,0.0000,0.0000,2.7216,0.0000,0.0000,6.3249,0.0000,0.0000,0.0000,15.7662,9.6519,0.0000,0.0000,0.0000,16.0640,10.3154,0.0000,12.1287,8.9160,11.2137,14.1164,8.2015,0.0000,3.6540,0.0000,0.0000,0.0000,0.0000,201.1875,0.0000,0.0000,200.0000,0.0000,0.0000,78.0600,5.4100,100.0000,0.0000,0.0000,0.0000,0.0000,0.0000,13.8300,0.0000,0.0000,0.0000,0.0000,0.0000,0.0000,0.0000,0.0000,0.0000,0.0000,0.0000,0.0000,7.4924,0.0000,0.0000,0.0000,0.0000,79.0000,16.9500,0.0000,0.0000,10.6900,0.0000,0.0000,0.0000,0.0000,6.0861,0.0000,0.0000
41,66EnNDPL2025/07/03,NDPL,0.0000,0.0000,0.0000,0.0000,0.0000,0.0000,0.0000,0.0000,38.8446,0.0000,22.5492,55.9120,0.0000,0.0000,0.0000,0.0000,27.6734,577.4382,46.9184,0.0000,63.0750,0.0000,0.0000,70.1900,0.0000,270.7000,10.4066,0.0000,0.0000,0.0000,0.0000,0.0000,9.3756,0.0000,0.0000,6.3814,28.2277,36.4410,0.0000,53.5335,41.8766,6.3976,13.0050,8.0910,10.3361,45.4984,0.0000,12.5642,20.3279,19.5151,0.0000,0.0000,2.7216,0.0000,0.0000,6.3249,0.0000,0.0000,0.0000,15.7662,9.5599,0.0000,0.0000,0.0000,16.0640,10.3154,0.0000,12.1287,8.9160,11.2137,14.1164,8.2015,0.0000,3.6540,0.0000,0.0000,0.0000,0.0000,201.1875,0.0000,0.0000,200.0000,0.0000,0.0000,80.0100,5.4100,100.0000,0.0000,0.0000,0.0000,0.0000,0.0000,10.8300,0.0000,0.0000,0.0000,0.0000,0.0000,0.0000,0.0000,0.0000,0.0000,0.0000,0.0000,0.0000,7.4924,0.0000,0.0000,0.0000,0.0000,79.0000,16.7600,0.0000,0.0000,11.4300,0.0000,0.0000,0.0000,0.0000,6.0861,0.0000,0.0000
42,66EnNDPL2025/07/03,NDPL,0.0000,0.0000,0.0000,0.0000,0.0000,0.0000,0.0000,0.0000,38.8446,0.0000,22.5492,55.9120,0.0000,0.0000,0.0000,0.0000,27.6734,577.4382,46.9184,0.0000,63.0750,0.0000,0.0000,70.1900,0.0000,270.7000,11.4099,0.0000,0.0000,0.0000,0.0000,0.0000,9.3756,0.0000,0.0000,6.3814,28.2277,36.4410,0.0000,53.5335,41.8766,6.3976,13.0050,8.0910,10.3361,45.4984,0.0000,12.5642,20.3279,19.5151,0.0000,0.0000,2.7216,0.0000,0.0000,6.3249,0.0000,0.0000,0.0000,15.7662,9.5599,0.0000,0.0000,0.0000,16.0640,10.3154,0.0000,12.1287,8.9160,11.2137,14.1164,8.2015,0.0000,3.6540,0.0000,0.0000,0.0000,0.0000,201.1875,0.0000,0.0000,200.0000,0.0000,0.0000,83.9100,5.4100,100.0000,0.0000,0.0000,0.0000,0.0000,0.0000,11.0000,0.0000,0.0000,0.0000,0.0000,0.0000,0.0000,0.0000,0.0000,0.0000,0.0000,0.0000,0.0000,7.4924,0.0000,0.0000,0.0000,0.0000,83.0000,16.7600,0.0000,0.0000,12.1600,0.0000,0.0000,0.0000,0.0000,6.0861,0.0000,0.0000
43,66EnNDPL2025/07/03,NDPL,0.0000,0.0000,0.0000,0.0000,0.0000,0.0000,0.0000,0.0000,38.8446,0.0000,22.5492,55.9120,0.0000,0.0000,0.0000,0.0000,27.6734,577.4382,46.9184,0.0000,63.0750,0.0000,0.0000,70.1900,0.0000,270.7000,12.3332,0.0000,0.0000,0.0000,0.0000,0.0000,9.3756,0.0000,0.0000,6.3814,28.2277,36.4410,0.0000,53.5335,41.8766,6.3976,13.0050,8.0910,10.3361,45.4984,0.0000,12.5642,20.3279,19.5151,0.0000,0.0000,2.7216,0.0000,0.0000,6.3249,0.0000,0.0000,0.0000,15.7662,9.5599,0.0000,0.0000,0.0000,11.5142,6.6016,0.0000,12.1287,8.9160,11.2137,14.1164,8.2015,0.0000,3.6540,0.0000,0.0000,0.0000,0.0000,201.1875,0.0000,0.0000,200.0000,0.0000,0.0000,85.8600,5.4100,100.0000,0.0000,0.0000,0.0000,0.0000,0.0000,10.0000,0.0000,0.0000,0.0000,0.0000,0.0000,0.0000,0.0000,0.0000,0.0000,0.0000,0.0000,0.0000,7.4924,0.0000,0.0000,0.0000,0.0000,88.0000,16.7600,0.0000,0.0000,12.9000,0.0000,0.0000,0.0000,0.0000,6.0861,0.0000,0.0000
44,66EnNDPL2025/07/03,NDPL,0.0000,0.0000,0.0000,0.0000,0.0000,0.0000,0.0000,0.0000,38.8446,0.0000,22.5492,55.9120,0.0000,0.0000,0.0000,0.0000,27.6734,577.4382,46.9184,0.0000,63.0750,0.0000,0.0000,70.1900,0.0000,270.7000,13.1165,0.0000,0.0000,0.0000,0.0000,0.0000,9.3756,0.0000,0.0000,6.3814,28.2277,36.4410,0.0000,53.5335,41.8766,6.3976,13.0050,8.0910,10.3361,45.4984,0.0000,12.5642,20.3279,19.5151,0.0000,0.0000,2.7216,0.0000,0.0000,6.3249,0.0000,0.0000,0.0000,15.7662,9.5599,0.0000,0.0000,0.0000,11.5142,6.6016,0.0000,12.1287,8.9160,11.2137,14.1164,8.2015,0.0000,3.6540,0.0000,0.0000,0.0000,0.0000,201.1875,0.0000,0.0000,200.0000,0.0000,0.0000,88.7900,5.4100,100.0000,0.0000,0.0000,0.0000,0.0000,0.0000,10.0000,0.0000,0.0000,0.0000,0.0000,0.0000,0.0000,0.0000,0.0000,0.0000,0.0000,0.0000,0.0000,7.4924,0.0000,0.0000,0.0000,0.0000,89.0000,16.7600,0.0000,0.0000,13.6300,0.0000,0.0000,0.0000,0.0000,6.0861,0.0000,0.0000
45,66EnNDPL2025/07/03,NDPL,0.0000,0.0000,0.0000,0.0000,0.0000,0.0000,0.0000,0.0000,38.8446,0.0000,22.5492,55.9120,0.0000,0.0000,0.0000,0.0000,27.6734,577.4382,46.9184,0.0000,63.0750,0.0000,0.0000,70.1900,0.0000,270.7000,13.6732,0.0000,0.0000,0.0000,0.0000,0.0000,9.3756,0.0000,0.0000,6.3814,28.2277,36.4410,0.0000,53.5335,41.8766,6.3976,13.0050,8.0910,10.3361,45.4984,0.0000,12.4037,20.3279,19.5151,0.0000,0.0000,2.7216,0.0000,0.0000,6.3249,0.0000,0.0000,0.0000,15.7662,9.5599,0.0000,0.0000,0.0000,11.5142,6.6016,0.0000,12.1287,8.9160,11.2137,14.1164,8.2015,0.0000,3.6540,0.0000,0.0000,0.0000,0.0000,201.1875,0.0000,0.0000,200.0000,0.0000,0.0000,88.7900,4.2000,100.0000,0.0000,0.0000,0.0000,0.0000,0.0000,10.3300,0.0000,0.0000,0.0000,0.0000,0.0000,0.0000,0.0000,0.0000,0.0000,0.0000,0.0000,0.0000,7.4924,0.0000,0.0000,0.0000,0.0000,91.0000,16.7600,0.0000,0.0000,14.1900,0.0000,0.0000,0.0000,0.0000,6.0861,0.0000,0.0000
46,66EnNDPL2025/07/03,NDPL,0.0000,0.0000,0.0000,0.0000,0.0000,0.0000,0.0000,0.0000,38.8446,0.0000,22.5492,55.9120,0.0000,0.0000,0.0000,0.0000,27.6734,577.4382,46.9184,0.0000,63.0750,0.0000,0.0000,70.1900,0.0000,270.7000,14.1765,0.0000,0.0000,0.0000,0.0000,0.0000,9.3756,0.0000,0.0000,6.3814,28.2277,36.4410,0.0000,53.5335,41.8766,6.3976,13.0050,8.0910,10.3361,45.4984,0.0000,12.4037,20.3279,19.5151,0.0000,0.0000,2.7216,0.0000,0.0000,6.3249,0.0000,0.0000,0.0000,15.7662,9.5599,0.0000,0.0000,0.0000,11.5142,6.6016,0.0000,12.1287,8.9160,11.2137,14.1164,8.2015,0.0000,3.6540,0.0000,0.0000,0.0000,0.0000,201.1875,0.0000,0.0000,200.0000,0.0000,0.0000,89.7600,4.2000,100.0000,0.0000,0.0000,0.0000,0.0000,0.0000,10.5000,0.0000,0.0000,0.0000,0.0000,0.0000,0.0000,0.0000,0.0000,0.0000,0.0000,0.0000,0.0000,7.4924,0.0000,0.0000,0.0000,0.0000,91.0000,16.7600,0.0000,0.0000,14.3500,0.0000,0.0000,0.0000,0.0000,6.0861,0.0000,0.0000
47,66EnNDPL2025/07/03,NDPL,0.0000,0.0000,0.0000,0.0000,0.0000,0.0000,0.0000,0.0000,38.8446,0.0000,22.5492,55.9120,0.0000,0.0000,0.0000,0.0000,27.6734,577.4382,46.9184,0.0000,63.0750,0.0000,0.0000,78.6700,0.0000,270.7000,14.4499,0.0000,0.0000,0.0000,0.0000,0.0000,9.3756,0.0000,0.0000,6.3814,28.2277,36.4410,0.0000,53.5335,41.8766,6.3976,13.0050,8.0910,10.3361,45.4984,0.0000,12.4037,20.3279,19.5151,0.0000,0.0000,2.7216,0.0000,0.0000,6.3249,0.0000,0.0000,0.0000,15.7662,9.5599,0.0000,0.0000,0.0000,9.4832,8.6663,0.0000,12.1287,8.9160,11.2137,9.6148,8.2015,0.0000,3.6540,0.0000,0.0000,0.0000,0.0000,201.1875,0.0000,0.0000,200.0000,0.0000,0.0000,95.6200,4.2000,100.0000,0.0000,0.0000,0.0000,0.0000,0.0000,10.6700,0.0000,0.0000,0.0000,0.0000,0.0000,0.0000,0.0000,0.0000,0.0000,0.0000,0.0000,0.0000,7.4924,0.0000,0.0000,0.0000,0.0000,91.0000,16.7600,0.0000,0.0000,16.0200,0.0000,0.0000,0.0000,0.0000,6.0861,0.0000,0.0000
48,66EnNDPL2025/07/03,NDPL,0.0000,0.0000,0.0000,0.0000,0.0000,0.0000,0.0000,0.0000,38.8446,0.0000,22.5492,55.9120,0.0000,0.0000,0.0000,0.0000,27.6734,577.4382,46.9184,0.0000,63.0750,0.0000,0.0000,87.1600,0.0000,270.7000,14.6199,0.0000,0.0000,0.0000,0.0000,0.0000,9.3756,0.0000,0.0000,6.3814,28.2277,36.4410,0.0000,53.5335,41.8766,6.3976,13.0050,8.0910,10.3361,45.4984,0.0000,12.4037,20.3279,19.5151,0.0000,0.0000,2.7216,0.0000,0.0000,6.3249,0.0000,0.0000,0.0000,15.7662,9.5599,0.0000,0.0000,0.0000,9.4832,8.6663,0.0000,12.1287,8.9160,11.2137,9.6148,8.2015,0.0000,3.6540,0.0000,0.0000,0.0000,0.0000,201.1875,0.0000,0.0000,200.0000,0.0000,0.0000,68.3000,4.2000,100.0000,0.0000,0.0000,0.0000,0.0000,0.0000,10.8300,0.0000,0.0000,0.0000,0.0000,0.0000,0.0000,0.0000,0.0000,0.0000,0.0000,0.0000,0.0000,7.4924,0.0000,0.0000,0.0000,0.0000,91.0000,16.7600,0.0000,0.0000,16.4300,0.0000,0.0000,0.0000,0.0000,6.0861,0.0000,0.0000
49,66EnNDPL2025/07/03,NDPL,0.0000,0.0000,0.0000,0.0000,0.0000,0.0000,0.0000,0.0000,38.8446,0.0000,22.5492,55.9120,0.0000,0.0000,0.0000,0.0000,27.6734,577.4382,46.9184,0.0000,61.9875,0.0000,0.0000,95.6500,0.0000,270.7000,14.6932,0.0000,0.0000,0.0000,0.0000,0.0000,9.3756,0.0000,0.0000,6.3814,28.2277,36.4410,0.0000,53.5335,41.8766,6.3976,13.0050,8.0910,10.3361,45.4984,0.0000,12.2406,20.3279,19.5151,0.0000,0.0000,2.7216,0.0000,0.0000,6.3249,0.0000,0.0000,0.0000,15.7662,9.5599,0.0000,0.0000,0.0000,9.4832,8.6663,0.0000,12.1287,8.9160,11.2137,9.6148,8.2015,0.0000,3.6540,0.0000,0.0000,0.0000,0.0000,197.9250,0.0000,0.0000,200.0000,0.0000,0.0000,68.3000,5.5100,100.0000,0.0000,0.0000,0.0000,0.0000,0.0000,11.0000,0.0000,0.0000,0.0000,0.0000,0.0000,0.0000,0.0000,0.0000,0.0000,0.0000,0.0000,0.0000,7.4924,0.0000,0.0000,0.0000,0.0000,91.0000,16.5700,0.0000,0.0000,16.6200,0.0000,0.0000,0.0000,0.0000,6.0861,0.0000,0.0000
50,66EnNDPL2025/07/03,NDPL,0.0000,0.0000,0.0000,0.0000,0.0000,0.0000,0.0000,0.0000,38.8446,0.0000,22.5492,55.9120,0.0000,0.0000,0.0000,0.0000,27.6734,577.4382,46.9184,0.0000,61.9875,0.0000,0.0000,104.1400,0.0000,270.7000,14.7132,0.0000,0.0000,0.0000,0.0000,0.0000,9.3756,0.0000,0.0000,6.3814,28.2277,36.4410,0.0000,53.5335,41.8766,6.3976,13.0050,8.0910,10.3361,45.4984,0.0000,12.2406,20.3279,19.5151,0.0000,0.0000,2.7216,0.0000,0.0000,6.3249,0.0000,0.0000,0.0000,15.7662,9.5599,0.0000,0.0000,0.0000,9.4832,8.6663,3.9853,12.1287,8.9160,11.2137,9.6148,8.2015,0.0000,3.6540,0.0000,0.0000,0.0000,0.0000,197.9250,0.0000,0.0000,200.0000,0.0000,0.0000,92.6900,5.5100,100.0000,0.0000,0.0000,0.0000,0.0000,0.0000,11.3300,0.0000,0.0000,0.0000,0.0000,0.0000,0.0000,0.0000,0.0000,0.0000,0.0000,0.0000,0.0000,7.4924,0.0000,0.0000,0.0000,0.0000,91.0000,16.5700,0.0000,0.0000,16.6500,0.0000,0.0000,0.0000,0.0000,6.0861,0.0000,0.0000
51,66EnNDPL2025/07/03,NDPL,0.0000,0.0000,0.0000,0.0000,0.0000,0.0000,0.0000,0.0000,38.8446,0.0000,22.5492,55.9120,0.0000,0.0000,0.0000,0.0000,27.6734,577.4382,46.9184,0.0000,61.9875,0.0000,0.0000,112.6300,0.0000,270.7000,14.7132,0.0000,0.0000,0.0000,0.0000,0.0000,9.3756,0.0000,0.0000,6.3814,28.2277,36.4410,0.0000,53.5335,41.8766,6.3976,13.0050,8.0910,10.3361,45.4984,0.0000,12.2406,20.3279,19.5151,0.0000,0.0000,2.7216,0.0000,0.0000,6.3249,0.0000,0.0000,0.0000,15.7662,9.5599,0.0000,0.0000,0.0000,8.1271,6.6016,7.8510,12.1287,8.9160,11.2137,9.6148,8.2015,0.0000,3.6540,0.0000,0.0000,0.0000,0.0000,197.9250,0.0000,0.6117,200.0000,0.0000,0.0000,92.6900,5.5100,100.0000,0.0000,0.0000,0.0000,0.0000,0.0000,11.5000,0.0000,0.0000,0.0000,0.0000,0.0000,0.0000,0.0000,0.0000,0.0000,0.0000,0.0000,0.0000,7.4924,0.0000,0.0000,0.0000,0.0000,91.0000,16.5700,0.0000,0.0000,16.6400,0.0000,0.0000,0.0000,0.0000,6.0861,0.0000,0.0000
52,66EnNDPL2025/07/03,NDPL,0.0000,0.0000,0.0000,0.0000,0.0000,0.0000,0.0000,0.0000,38.8446,0.0000,22.5492,55.9120,0.0000,0.0000,0.0000,0.0000,27.6734,577.4382,46.9184,0.0000,61.9875,0.0000,0.0000,115.4600,0.0000,270.7000,14.7132,0.0000,0.0000,0.0000,0.0000,0.0000,9.3756,0.0000,0.0000,6.3814,28.2277,36.4410,0.0000,53.5335,41.8766,6.3976,13.0050,8.0910,10.3361,45.4984,0.0000,12.2406,20.3279,19.5151,0.0000,0.0000,2.7216,0.0000,0.0000,6.3249,0.0000,0.0000,0.0000,15.7662,9.5599,0.0000,0.0000,0.0000,8.1271,6.6016,7.8510,12.1287,8.9160,11.2137,9.6148,8.2015,0.0000,3.6540,0.0000,0.0000,0.0000,0.0000,197.9250,0.0000,0.6117,200.0000,0.0000,0.0000,92.6900,5.5100,100.0000,0.0000,0.0000,0.0000,0.0000,0.0000,11.6700,0.0000,0.0000,0.0000,0.0000,0.0000,0.0000,0.0000,0.0000,0.0000,0.0000,0.0000,0.0000,7.4924,0.0000,0.0000,0.0000,0.0000,91.0000,16.5700,0.0000,0.0000,16.6200,0.0000,0.0000,0.0000,0.0000,6.0861,0.0000,0.0000
53,66EnNDPL2025/07/03,NDPL,0.0000,0.0000,0.0000,0.0000,0.0000,0.0000,0.0000,0.0000,38.8446,0.0000,22.5492,55.9120,0.0000,0.0000,0.0000,0.0000,27.6734,577.4382,46.9184,0.0000,61.9875,0.0000,0.0000,115.4600,0.0000,270.7000,14.7132,0.0000,0.0000,0.0000,0.0000,0.0000,9.3756,0.0000,0.0000,6.3814,28.2277,36.4410,0.0000,53.5335,41.8766,6.3976,13.0050,8.0910,10.3361,45.4984,0.0000,12.2406,20.3279,19.5151,0.0000,0.0000,2.7216,0.0000,0.0000,6.3249,0.0000,0.0000,0.0000,15.7662,7.8019,0.0000,0.0000,0.0000,8.1271,6.6016,11.8271,12.1287,8.9160,11.2137,9.6148,8.2015,0.0000,3.6540,0.0000,0.0000,0.0000,0.0000,197.9250,0.0000,0.6117,200.0000,0.0000,0.0000,67.1900,5.6000,100.0000,0.0000,0.0000,0.0000,0.0000,0.0000,11.6700,0.0000,0.0000,0.0000,0.0000,0.0000,0.0000,0.0000,0.0000,0.0000,0.0000,0.0000,0.0000,7.4924,0.0000,0.0000,0.0000,0.0000,91.0000,16.3900,0.0000,0.0000,16.3400,0.0000,0.0000,0.0000,0.0000,6.0861,0.0000,0.0000
54,66EnNDPL2025/07/03,NDPL,0.0000,0.0000,0.0000,0.0000,0.0000,0.0000,0.0000,0.0000,38.8446,0.0000,22.5492,55.9120,0.0000,0.0000,0.0000,0.0000,27.6734,577.4382,46.9184,0.0000,61.9875,0.0000,0.0000,115.4600,0.0000,270.7000,14.6732,0.0000,0.0000,0.0000,0.0000,0.0000,9.3756,0.0000,0.0000,6.3814,28.2277,36.4410,0.0000,53.5335,41.8766,6.3976,13.0050,8.0910,10.3361,45.4984,0.0000,12.0801,20.3279,19.5151,0.0000,0.0000,2.7216,0.0000,0.0000,6.3249,0.0000,0.0000,0.0000,15.7662,7.8019,0.0000,0.0000,0.0000,8.1271,6.6016,11.8762,12.1287,8.9160,11.2137,9.6148,8.2015,0.0000,3.6540,0.0000,0.0000,0.0000,0.0000,197.9250,0.0000,0.6117,200.0000,0.0000,0.0000,68.1500,5.6000,100.0000,0.0000,0.0000,0.0000,0.0000,0.0000,11.6700,0.0000,0.0000,0.0000,0.0000,0.0000,0.0000,0.0000,0.0000,0.0000,0.0000,0.0000,0.0000,7.4924,0.0000,0.0000,0.0000,0.0000,91.0000,16.3900,0.0000,0.0000,16.1500,0.0000,0.0000,0.0000,0.0000,6.0861,0.0000,0.0000
55,66EnNDPL2025/07/03,NDPL,0.0000,0.0000,0.0000,0.0000,0.0000,0.0000,0.0000,0.0000,38.8446,0.0000,22.5492,55.9120,0.0000,0.0000,0.0000,0.0000,27.6734,577.4382,46.9184,0.0000,61.9875,0.0000,0.0000,115.4600,0.0000,270.7000,14.5699,0.0000,0.0000,0.0000,0.0000,0.0000,9.3756,0.0000,0.0000,6.3814,28.2277,36.4410,0.0000,53.5335,41.8766,6.3976,13.0050,8.0910,10.3361,45.4984,0.0000,12.0801,20.3279,19.5151,0.0000,0.0000,2.7216,0.0000,0.0000,6.3249,0.0000,0.0000,0.0000,15.7662,7.8019,0.0000,0.0000,0.0000,10.6705,6.6016,12.9316,12.1287,8.9160,11.2137,14.1164,5.8582,0.0000,3.6540,0.0000,0.0000,0.0000,0.0000,197.9250,0.0000,0.6117,200.0000,0.0000,0.0000,68.2200,5.6000,100.0000,0.0000,0.0000,0.0000,0.0000,0.0000,11.6700,0.0000,0.0000,0.0000,0.0000,0.0000,0.0000,0.0000,0.0000,0.0000,0.0000,0.0000,0.0000,7.4924,0.0000,0.0000,0.0000,0.0000,91.0000,16.3900,0.0000,0.0000,15.9500,0.0000,0.0000,0.0000,0.0000,6.0861,0.0000,0.0000
56,66EnNDPL2025/07/03,NDPL,0.0000,0.0000,0.0000,0.0000,0.0000,0.0000,0.0000,0.0000,38.8446,0.0000,22.5492,55.9120,0.0000,0.0000,0.0000,0.0000,27.6734,577.4382,46.9184,0.0000,61.9875,0.0000,0.0000,115.4600,0.0000,270.7000,14.3999,0.0000,0.0000,0.0000,0.0000,0.0000,9.3756,0.0000,0.0000,6.3814,28.2277,36.4410,0.0000,53.5335,41.8766,6.3976,13.0050,8.0910,10.3361,45.4984,0.0000,12.0801,20.3279,19.5151,0.0000,0.0000,2.7216,0.0000,0.0000,6.3249,0.0000,0.0000,0.0000,15.7662,7.8019,0.0000,0.0000,0.0000,10.6705,6.6016,12.9316,12.1287,8.9160,11.2137,14.1164,5.8582,0.0000,3.6540,0.0000,0.0000,0.0000,0.0000,197.9250,0.0000,0.6117,200.0000,0.0000,0.0000,64.2800,5.6000,100.0000,0.0000,0.0000,0.0000,0.0000,0.0000,12.0000,0.0000,0.0000,0.0000,0.0000,0.0000,0.0000,0.0000,0.0000,0.0000,0.0000,0.0000,0.0000,7.4924,0.0000,0.0000,0.0000,0.0000,91.0000,16.3900,0.0000,0.0000,15.7700,0.0000,0.0000,0.0000,0.0000,6.0861,0.0000,0.0000
57,66EnNDPL2025/07/03,NDPL,0.0000,0.0000,0.0000,0.0000,0.0000,0.0000,0.0000,0.0000,38.8446,0.0000,22.5492,55.9120,0.0000,0.0000,0.0000,0.0000,27.6734,577.4382,46.9184,0.0000,61.9875,0.0000,0.0000,115.4600,0.0000,270.7000,14.1765,0.0000,0.0000,0.0000,0.0000,0.0000,9.3042,0.0000,0.0000,6.3814,28.2277,36.4410,0.0000,53.5335,41.8766,6.3976,13.0050,8.0910,10.3361,45.4984,0.0000,11.9195,20.3279,19.5151,0.0000,0.0000,2.7216,0.0000,0.0000,6.3249,0.0000,0.0000,0.0000,15.7662,7.8019,0.0000,0.0000,0.0000,10.6705,6.6016,12.9316,12.1287,8.9160,11.2137,14.1164,5.8582,0.0000,1.1812,0.0000,0.0000,0.0000,0.0000,197.9250,0.0000,0.6117,200.0000,0.0000,0.0000,58.6500,5.6900,100.0000,0.0000,0.0000,0.0000,0.0000,0.0000,12.1700,0.0000,0.0000,0.0000,0.0000,0.0000,0.0000,0.0000,0.0000,0.0000,0.0000,0.0000,0.0000,7.4924,0.0000,0.0000,0.0000,0.0000,82.0000,16.3900,0.0000,0.0000,15.3900,0.0000,0.0000,0.0000,0.0000,6.0861,0.0000,0.0000
58,66EnNDPL2025/07/03,NDPL,0.0000,0.0000,0.0000,0.0000,0.0000,0.0000,0.0000,0.0000,38.8446,0.0000,22.5492,55.9120,0.0000,0.0000,0.0000,0.0000,27.6734,577.4382,46.9184,0.0000,61.9875,0.0000,0.0000,115.4600,0.0000,270.7000,13.9032,0.0000,0.0000,0.0000,0.0000,0.0000,9.3042,0.0000,0.0000,6.3814,28.2277,36.4410,0.0000,53.5335,41.8766,6.3976,13.0050,8.0910,10.3361,45.4984,0.0000,11.9195,20.3279,19.5151,0.0000,0.0000,5.4458,0.0000,0.0000,6.3249,0.0000,0.0000,0.0000,15.7662,7.8019,0.0000,0.0000,0.0000,10.6705,6.6016,12.9316,12.1287,8.9160,11.2137,14.1164,5.8582,0.0000,1.1812,0.0000,0.0000,0.0000,0.0000,197.9250,0.0000,0.6117,200.0000,0.0000,0.0000,29.2700,5.6900,100.0000,0.0000,0.0000,0.0000,0.0000,0.0000,12.5000,0.0000,0.0000,0.0000,0.0000,0.0000,0.0000,0.0000,0.0000,0.0000,0.0000,0.0000,0.0000,7.4924,0.0000,0.0000,0.0000,0.0000,79.0000,16.3900,0.0000,0.0000,15.0200,0.0000,0.0000,0.0000,0.0000,6.0861,0.0000,0.0000
59,66EnNDPL2025/07/03,NDPL,0.0000,0.0000,0.0000,0.0000,0.0000,0.0000,0.0000,0.0000,38.8446,0.0000,22.5492,55.9120,0.0000,0.0000,0.0000,0.0000,27.6734,577.4382,46.9184,0.0000,61.9875,0.0000,0.0000,115.4600,0.0000,270.7000,13.5799,0.0000,0.0000,0.0000,0.0000,0.0000,9.3042,0.0000,0.0000,6.3814,28.2277,36.4410,0.0000,53.5335,41.8766,6.3976,13.0050,8.0910,10.3361,45.4984,0.0000,11.9195,20.3279,19.5151,0.0000,0.0000,5.4458,0.0000,0.0000,6.3249,0.0000,0.0000,0.0000,15.7662,7.9369,0.0000,0.0000,0.0000,10.6705,6.6016,12.9316,12.1287,8.9160,11.2137,14.1164,5.8582,0.0000,1.1812,0.0000,0.0000,0.0000,0.0000,197.9250,0.0000,0.6117,200.0000,0.0000,0.0000,29.2700,5.6900,100.0000,0.0000,0.0000,0.0000,0.0000,0.0000,11.6700,0.0000,0.0000,0.0000,0.0000,0.0000,0.0000,0.0000,0.0000,0.0000,0.0000,0.0000,0.0000,7.4924,0.0000,0.0000,0.0000,0.0000,67.0000,16.3900,0.0000,0.0000,14.1200,0.0000,0.0000,0.0000,0.0000,6.0861,0.0000,0.0000
60,66EnNDPL2025/07/03,NDPL,0.0000,0.0000,0.0000,0.0000,0.0000,0.0000,0.0000,0.0000,38.8446,0.0000,22.5492,55.9120,0.0000,0.0000,0.0000,0.0000,27.6734,577.4382,46.9184,0.0000,61.9875,0.0000,0.0000,115.4600,0.0000,270.7000,12.7765,0.0000,0.0000,0.0000,0.0000,0.0000,9.3042,0.0000,0.0000,6.3814,28.2277,36.4410,0.0000,53.5335,41.8766,6.3976,13.0050,8.0910,10.3361,45.4984,0.0000,11.9195,20.3279,19.5151,0.0000,0.0000,5.4458,0.0000,0.0000,6.3249,0.0000,0.0000,0.0000,15.7662,7.9369,0.0000,0.0000,0.0000,10.6705,6.6016,12.9316,12.1287,8.9160,11.2137,14.1164,5.8582,0.0000,2.7489,0.0000,0.0000,0.0000,0.0000,197.9250,0.0000,0.6117,200.0000,0.0000,0.0000,29.2700,5.6900,100.0000,0.0000,0.0000,0.0000,0.0000,0.0000,11.6700,0.0000,0.0000,0.0000,0.0000,0.0000,0.0000,0.0000,0.0000,0.0000,0.0000,0.0000,0.0000,7.4924,0.0000,0.0000,0.0000,0.0000,63.0000,16.3900,0.0000,0.0000,13.2400,0.0000,0.0000,0.0000,0.0000,6.0861,0.0000,0.0000
61,66EnNDPL2025/07/03,NDPL,0.0000,0.0000,0.0000,0.0000,0.0000,0.0000,0.0000,0.0000,38.8446,0.0000,22.5492,55.9120,0.0000,0.0000,0.0000,0.0000,27.6734,577.4382,46.9184,0.0000,61.9875,0.0000,0.0000,115.4600,0.0000,270.7000,11.8165,0.0000,0.0000,0.0000,0.0000,0.0000,9.3042,0.0000,0.0000,6.3814,28.2277,36.4410,0.0000,53.5335,41.8766,6.3976,13.0050,8.0910,10.3361,45.4984,0.0000,11.9195,20.3279,19.5151,0.0000,0.0000,5.4458,0.0000,0.0000,6.3249,0.0000,0.0000,0.0000,15.7662,7.6209,0.0000,0.0000,0.0000,10.6705,6.6016,12.9316,12.1287,8.9160,11.2137,14.1164,5.8582,0.0000,3.6540,0.0000,0.0000,0.0000,0.0000,197.9250,0.0000,0.6117,200.0000,0.0000,0.0000,31.2200,5.9300,100.0000,0.0000,0.0000,0.0000,0.0000,0.0000,11.6700,0.0000,0.0000,0.0000,0.0000,0.0000,0.0000,0.0000,0.0000,0.0000,0.0000,0.0000,0.0000,7.4924,0.0000,0.0000,0.0000,0.0000,61.0000,16.6700,0.0000,0.0000,13.3400,0.0000,0.0000,0.0000,0.0000,6.0861,0.0000,0.0000
62,66EnNDPL2025/07/03,NDPL,0.0000,0.0000,0.0000,0.0000,0.0000,0.0000,0.0000,0.0000,38.8446,0.0000,22.5492,55.9120,0.0000,0.0000,0.0000,0.0000,27.6734,577.4382,46.9184,0.0000,61.9875,0.0000,0.0000,115.4600,0.0000,270.7000,10.7499,0.0000,0.0000,0.0000,0.0000,0.0000,9.3042,0.0000,0.0000,6.3814,28.2277,36.4410,0.0000,53.5335,41.8766,6.3976,13.0050,8.0910,10.3361,45.4984,0.0000,11.9195,20.3279,19.5151,0.0000,0.0000,5.4458,0.0000,0.0000,6.3249,0.0000,0.0000,0.0000,15.7662,7.9369,0.0000,0.0000,0.0000,10.6705,6.6016,12.9316,12.1287,8.9160,11.2137,14.1164,5.8582,0.0000,3.6540,0.0000,0.0000,0.0000,0.0000,197.9250,0.0000,0.6117,200.0000,0.0000,0.0000,31.2200,5.9300,100.0000,0.0000,0.0000,0.0000,0.0000,0.0000,12.0000,0.0000,0.0000,0.0000,0.0000,0.0000,0.0000,0.0000,0.0000,0.0000,0.0000,0.0000,0.0000,7.4924,0.0000,0.0000,0.0000,0.0000,59.0000,16.6700,0.0000,0.0000,12.7800,0.0000,0.0000,0.0000,0.0000,6.0861,0.0000,0.0000
63,66EnNDPL2025/07/03,NDPL,0.0000,0.0000,0.0000,0.0000,0.0000,0.0000,0.0000,0.0000,38.8446,0.0000,22.5492,55.9120,0.0000,0.0000,0.0000,0.0000,27.6734,577.4382,46.9184,0.0000,61.9875,0.0000,0.0000,115.4600,0.0000,270.7000,9.6299,0.0000,0.0000,0.0000,0.0000,0.0000,9.3042,0.0000,0.0000,6.3814,28.2277,36.4410,0.0000,52.8080,41.8766,6.3976,13.0050,8.0910,10.3361,45.4984,0.0000,11.9195,20.3279,19.5151,0.0000,3.1688,5.4458,0.0000,0.0000,6.3249,0.0000,0.0000,0.0000,15.7662,7.6209,0.0000,0.0000,0.0000,10.6705,6.6016,12.9316,12.1287,8.9160,11.2137,14.1164,8.2015,0.0000,3.6540,0.0000,0.0000,0.0000,0.0000,197.9250,0.0000,0.6117,200.0000,0.0000,0.0000,31.2200,5.9300,100.0000,0.0000,0.0000,0.0000,0.0000,0.0000,12.3300,0.0000,0.0000,0.0000,0.0000,0.0000,0.0000,0.0000,0.0000,0.0000,0.0000,0.0000,0.0000,7.4924,0.0000,0.0000,0.0000,0.0000,60.0000,16.6700,0.0000,0.0000,11.9000,0.0000,0.0000,0.0000,0.0000,6.0861,0.0000,0.0000
64,66EnNDPL2025/07/03,NDPL,0.0000,0.0000,0.0000,0.0000,0.0000,0.0000,0.0000,0.0000,38.8446,0.0000,22.5492,55.9120,0.0000,0.0000,0.0000,0.0000,27.6734,577.4382,46.9184,0.0000,61.9875,0.0000,0.0000,115.4600,0.0000,270.7000,8.4399,0.0000,0.0000,0.0000,0.0000,0.0000,9.3042,0.0000,0.0000,6.3814,28.2277,36.4410,0.0000,52.8080,41.8766,6.3976,13.0050,8.0910,10.3361,45.4984,0.0000,11.9195,20.3279,19.5151,0.0000,6.3402,5.4458,0.0000,0.0000,6.3249,0.0000,0.0000,0.0000,15.7662,7.6209,0.0000,0.0000,0.0000,10.6705,6.6016,12.9316,12.1287,8.9160,11.2137,14.1164,8.2015,0.0000,3.6540,0.0000,0.0000,0.0000,0.0000,197.9250,0.0000,0.6117,200.0000,0.0000,0.0000,31.2200,5.9300,100.0000,0.0000,0.0000,0.0000,0.0000,0.0000,12.5000,0.0000,0.0000,0.0000,0.0000,0.0000,0.0000,0.0000,0.0000,0.0000,0.0000,0.0000,0.0000,7.4924,0.0000,0.0000,0.0000,0.0000,57.0000,16.6700,0.0000,0.0000,11.2000,0.0000,0.0000,0.0000,0.0000,6.0861,0.0000,0.0000
65,66EnNDPL2025/07/03,NDPL,0.0000,0.0000,0.0000,0.0000,0.0000,0.0000,0.0000,0.0000,38.8446,0.0000,22.5492,55.9120,0.0000,0.0000,0.0000,0.0000,27.6734,577.4382,46.9184,0.0000,61.9875,0.0000,0.0000,115.4600,0.0000,270.7000,7.2099,0.0000,0.0000,0.0000,0.0000,0.0000,9.3042,0.0000,0.0000,6.3814,28.2277,36.4410,0.0000,52.8080,41.8766,6.3976,13.0050,8.0910,10.3361,45.4984,0.0000,11.7590,20.3279,19.5151,0.0000,9.5091,5.4458,0.0000,0.0000,6.3249,0.0000,0.0000,0.0000,15.7662,6.4029,0.0000,0.0000,0.0000,10.6705,6.6016,12.9316,12.1287,8.9160,11.2137,14.1164,5.8582,0.0000,3.6540,0.0000,0.0000,0.0000,0.0000,197.9250,0.0000,0.6117,200.0000,0.0000,0.0000,49.4600,6.3400,100.0000,0.0000,0.0000,0.0000,0.0000,0.0000,11.1700,0.0000,0.0000,0.0000,0.0000,0.0000,0.0000,0.0000,0.0000,0.0000,0.0000,0.0000,0.0000,7.4924,0.0000,0.0000,0.0000,0.0000,52.0000,17.0400,0.0000,0.0000,10.3000,0.0000,0.0000,0.0000,0.0000,6.0861,0.0000,0.0000
66,66EnNDPL2025/07/03,NDPL,0.0000,0.0000,0.0000,0.0000,0.0000,0.0000,0.0000,0.0000,38.8446,0.0000,22.5492,55.9120,0.0000,0.0000,0.0000,0.0000,27.6734,577.4382,46.9184,0.0000,61.9875,0.0000,0.0000,115.4600,0.0000,270.7000,5.8999,0.0000,0.0000,0.0000,0.0000,0.0000,9.3042,0.0000,0.0000,6.3814,28.2277,36.4410,0.0000,52.8080,41.8766,6.3976,13.0050,8.0910,10.3361,45.4984,0.0000,11.7590,20.3279,19.5151,0.0000,12.6804,5.4458,0.0000,0.0000,6.3249,0.0000,0.0000,0.0000,15.7662,6.4029,0.0000,0.0000,0.0000,10.6705,6.6016,12.9316,12.1287,8.9160,11.2137,14.1164,5.8582,0.0000,3.6540,0.0000,0.0000,0.0000,0.0000,197.9250,0.0000,0.6117,200.0000,0.0000,0.0000,45.9400,6.3400,100.0000,0.0000,0.0000,0.0000,0.0000,0.0000,11.5000,0.0000,0.0000,0.0000,0.0000,0.0000,0.0000,0.0000,0.0000,0.0000,0.0000,0.0000,0.0000,7.4924,0.0000,0.0000,0.0000,0.0000,40.0000,17.0400,0.0000,0.0000,9.2900,0.0000,0.0000,0.0000,0.0000,6.0861,0.0000,0.0000
67,66EnNDPL2025/07/03,NDPL,0.0000,0.0000,0.0000,0.0000,0.0000,0.0000,0.0000,0.0000,38.8446,0.0000,22.5492,55.9120,0.0000,0.0000,0.0000,0.0000,27.6734,577.4382,46.9184,0.0000,61.9875,0.0000,0.0000,115.4600,0.0000,270.7000,4.7466,0.0000,0.0000,0.0000,0.0000,0.0000,9.3042,0.0000,0.0000,6.3814,28.2277,36.4410,0.0000,52.8080,41.8766,6.3976,13.0050,8.0910,10.3361,45.4984,0.0000,11.5959,20.3279,19.5151,0.0000,12.6804,5.4458,0.0000,0.0000,6.3249,0.0000,0.0000,0.0000,15.7662,7.2435,0.0000,0.0000,0.0000,10.1612,6.3952,12.9316,12.1287,8.9160,11.2137,14.1164,5.8582,0.0000,3.6540,0.0000,0.0000,0.0000,0.0000,197.9250,0.0000,0.9984,200.0000,0.0000,0.0000,41.1200,6.3400,100.0000,0.0000,0.0000,0.0000,0.0000,0.0000,12.0000,0.0000,0.0000,0.0000,0.0000,0.0000,0.0000,0.0000,0.0000,0.0000,0.0000,0.0000,0.0000,7.4924,0.0000,0.0000,0.0000,0.0000,41.0000,17.0400,0.0000,0.0000,8.1400,0.0000,0.0000,0.0000,0.0000,6.0861,0.0000,0.0000
68,66EnNDPL2025/07/03,NDPL,0.0000,0.0000,0.0000,0.0000,0.0000,0.0000,0.0000,0.0000,38.8446,0.0000,22.5492,55.9120,0.0000,0.0000,0.0000,0.0000,27.6734,577.4382,46.9184,0.0000,61.9875,0.0000,0.0000,115.4600,0.0000,270.7000,3.6033,0.0000,0.0000,0.0000,0.0000,0.0000,9.3042,0.0000,0.0000,6.3814,28.2277,36.4410,0.0000,52.8080,41.8766,6.3976,13.0050,8.0910,10.3361,45.4984,0.0000,11.5959,20.3279,19.5151,0.0000,12.6804,5.4458,0.0000,0.0000,6.3249,0.0000,0.0000,0.0000,15.7662,7.2159,0.0000,0.0000,0.0000,10.1612,6.3952,12.9316,12.1287,8.9160,11.2137,14.1164,5.8582,0.0000,3.6540,0.0000,0.0000,0.0000,0.0000,197.9250,0.0000,0.9984,200.0000,0.0000,0.0000,36.1400,6.3400,100.0000,0.0000,0.0000,0.0000,0.0000,0.0000,12.5000,0.0000,0.0000,0.0000,0.0000,0.0000,0.0000,0.0000,0.0000,0.0000,0.0000,0.0000,0.0000,7.4924,0.0000,0.0000,0.0000,0.0000,35.0000,17.0400,0.0000,0.0000,4.9200,0.0000,0.0000,0.0000,0.0000,6.0861,0.0000,0.0000
69,66EnNDPL2025/07/03,NDPL,0.0000,0.0000,0.0000,0.0000,0.0000,0.0000,0.0000,0.0000,38.8446,0.0000,22.5492,55.9120,0.0000,0.0000,0.0000,0.0000,27.6734,577.4382,46.9184,0.0000,61.9875,0.0000,0.0000,115.4600,0.0000,270.7000,2.8233,0.0000,0.0000,0.0000,0.0000,0.0000,9.3042,0.0000,0.0000,6.3814,28.2277,36.4410,0.0000,52.8080,41.8766,6.3976,13.0050,8.0910,10.3361,45.4984,0.0000,11.5959,20.3279,19.5151,0.0000,12.6804,5.4458,0.0000,0.0000,6.3249,0.0000,0.0000,0.0000,15.7662,7.2159,0.0000,0.0000,0.0000,16.0640,6.3952,12.9316,12.1287,8.9160,11.2137,14.1164,5.8582,0.0000,3.6540,0.0000,0.0000,0.0000,0.0000,197.9250,0.0000,0.9984,200.0000,0.0000,0.0000,30.5800,6.7200,100.0000,0.0000,0.0000,0.0000,0.0000,0.0000,12.8300,0.0000,0.0000,0.0000,0.0000,0.0000,0.0000,0.0000,0.0000,0.0000,0.0000,0.0000,0.0000,7.4924,0.0000,0.0000,0.0000,0.0000,27.0000,17.3200,0.0000,0.0000,4.1800,0.0000,0.0000,0.0000,0.0000,6.0861,0.0000,0.0000
70,66EnNDPL2025/07/03,NDPL,0.0000,0.0000,0.0000,0.0000,0.0000,0.0000,0.0000,0.0000,38.8446,0.0000,22.5492,55.9120,0.0000,0.0000,0.0000,0.0000,27.6734,577.4382,46.9184,0.0000,61.9875,0.0000,0.0000,115.4600,0.0000,270.7000,1.9166,0.0000,0.0000,0.0000,0.0000,0.0000,9.3042,0.0000,0.0000,6.3814,28.2277,36.4410,0.0000,52.8080,41.8766,6.3976,13.0050,8.0910,10.3361,45.4984,0.0000,11.5959,20.3279,19.5151,0.0000,12.6804,5.4458,0.0000,0.0000,6.3249,0.0000,0.0000,0.0000,15.7662,7.2159,0.0000,0.0000,0.0000,16.0640,6.3952,12.9316,12.1287,8.9160,11.2137,14.1164,5.8582,0.0000,3.6540,0.0000,0.0000,0.0000,0.0000,197.9250,0.0000,0.9984,200.0000,0.0000,0.0000,24.8600,6.7200,100.0000,0.0000,0.0000,0.0000,0.0000,0.0000,13.5000,0.0000,0.0000,0.0000,0.0000,0.0000,0.0000,0.0000,0.0000,0.0000,0.0000,0.0000,0.0000,7.4924,0.0000,0.0000,0.0000,0.0000,20.0000,17.3200,0.0000,0.0000,3.5000,0.0000,0.0000,0.0000,0.0000,6.0861,0.0000,0.0000
71,66EnNDPL2025/07/03,NDPL,0.0000,0.0000,0.0000,0.0000,0.0000,0.0000,0.0000,0.0000,38.8446,0.0000,22.5492,55.9120,0.0000,0.0000,0.0000,0.0000,27.6734,577.4382,46.9184,0.0000,61.9875,0.0000,0.0000,115.4600,0.0000,270.7000,1.2500,0.0000,0.0000,0.0000,0.0000,0.0000,9.3042,0.0000,0.0000,6.3814,28.2277,36.4410,0.0000,52.8080,41.8766,6.3976,13.0050,8.0910,10.3361,45.4984,0.0000,11.5959,20.3279,19.5151,0.0000,12.6804,5.4458,0.0000,0.0000,6.3249,0.0000,0.0000,0.0000,15.7662,8.7039,0.0000,0.0000,0.0000,16.0640,6.3952,12.9316,12.1287,8.9160,11.2137,14.1164,8.5929,0.0000,3.6540,0.0000,0.0000,0.0000,0.0000,197.9250,0.0000,0.9984,200.0000,0.0000,0.0000,19.7700,6.7200,100.0000,0.0000,0.0000,0.0000,0.0000,0.0000,12.5000,0.0000,0.0000,0.0000,0.0000,0.0000,0.0000,0.0000,0.0000,0.0000,0.0000,0.0000,0.0000,7.4924,0.0000,0.0000,0.0000,0.0000,15.0000,17.3200,0.0000,0.0000,2.8700,0.0000,0.0000,0.0000,0.0000,6.0861,0.0000,0.0000
72,66EnNDPL2025/07/03,NDPL,0.0000,0.0000,0.0000,0.0000,0.0000,0.0000,0.0000,0.0000,38.8446,0.0000,22.5492,55.9120,0.0000,0.0000,0.0000,0.0000,27.6734,577.4382,46.9184,0.0000,61.9875,0.0000,0.0000,115.4600,0.0000,270.7000,0.7167,0.0000,0.0000,0.0000,0.0000,0.0000,9.3042,0.0000,0.0000,6.3814,28.2277,36.4410,0.0000,52.8080,41.8766,6.3976,13.0050,8.0910,10.3361,45.4984,0.0000,11.5959,20.3279,19.5151,0.0000,12.6804,5.4458,0.0000,0.0000,6.3249,0.0000,0.0000,0.0000,15.7662,8.6579,0.0000,0.0000,0.0000,16.0640,6.3952,12.9316,12.1287,8.9160,11.2137,14.1164,8.5929,0.0000,3.6540,0.0000,0.0000,0.0000,0.0000,197.9250,0.0000,0.9984,200.0000,0.0000,0.0000,15.1600,6.7200,100.0000,0.0000,0.0000,0.0000,0.0000,0.0000,12.6700,0.0000,0.0000,0.0000,0.0000,0.0000,0.0000,0.0000,0.0000,0.0000,0.0000,0.0000,0.0000,7.4924,0.0000,0.0000,0.0000,0.0000,9.0000,17.3200,0.0000,0.0000,2.2900,0.0000,0.0000,0.0000,0.0000,6.0861,0.0000,0.0000
73,66EnNDPL2025/07/03,NDPL,0.0000,0.0000,0.0000,0.0000,0.0000,0.0000,0.0000,0.0000,38.8446,0.0000,22.5492,55.9120,0.0000,0.0000,0.0000,0.0000,27.6734,577.4382,46.9184,0.0000,63.0750,0.0000,0.0000,115.4600,0.0000,270.7000,0.3233,0.0000,0.0000,0.0000,0.0000,0.0000,9.3042,0.0000,0.0000,6.3814,28.2277,36.4410,0.0000,52.8080,41.8766,6.3976,13.0050,8.0910,10.3361,45.4984,0.0000,11.5959,19.3322,19.5151,0.0000,12.6804,5.4458,0.0000,0.0000,6.3249,0.0000,0.0000,0.0000,15.7662,8.2897,0.0000,0.0000,0.0000,11.5142,6.6016,12.9316,12.1287,8.9160,11.2137,14.1164,8.5929,0.0000,1.1812,0.0000,0.0000,0.0000,0.0000,201.1875,0.0000,0.9984,200.0000,0.0000,0.0000,14.4100,7.0900,100.0000,0.0000,0.0000,0.0000,0.0000,0.0000,11.5500,0.0000,0.0000,0.0000,0.0000,0.0000,0.0000,0.0000,0.0000,0.0000,0.0000,0.0000,0.0000,7.4924,0.0000,0.0000,0.0000,0.0000,3.0000,17.7700,0.0000,0.0000,1.8300,0.0000,0.0000,0.0000,0.0000,6.0861,0.0000,0.0000
74,66EnNDPL2025/07/03,NDPL,0.0000,0.0000,0.0000,0.0000,0.0000,0.0000,0.0000,0.0000,38.8446,0.0000,22.5492,55.9120,0.0000,0.0000,0.0000,0.0000,27.6734,577.4382,46.9184,0.0000,63.0750,0.0000,0.0000,115.4600,0.0000,270.7000,0.1100,0.0000,0.0000,0.0000,0.0000,0.0000,9.3042,0.0000,0.0000,6.3814,28.2277,36.4410,0.0000,52.8080,41.8766,6.3976,13.0050,8.0910,10.3361,45.4984,0.0000,11.5959,19.3322,19.5151,0.0000,12.6804,5.4458,0.0000,0.0000,6.3249,0.0000,0.0000,0.0000,15.7662,8.2897,0.0000,0.0000,0.0000,11.5142,6.6016,12.9316,12.1287,8.9160,11.2137,14.1164,8.5929,0.0000,1.1812,0.0000,0.0000,0.0000,0.0000,201.1875,0.0000,0.9984,200.0000,0.0000,0.0000,9.5500,7.0900,100.0000,0.0000,0.0000,0.0000,0.0000,0.0000,12.0000,0.0000,0.0000,0.0000,0.0000,0.0000,0.0000,0.0000,0.0000,0.0000,0.0000,0.0000,0.0000,7.4924,0.0000,0.0000,0.0000,0.0000,2.0000,17.7700,0.0000,0.0000,1.3900,0.0000,0.0000,0.0000,0.0000,6.0861,0.0000,0.0000
75,66EnNDPL2025/07/03,NDPL,0.0000,0.0000,0.0000,0.0000,0.0000,0.0000,0.0000,0.0000,38.8446,0.0000,22.5492,55.9120,0.0000,0.0000,0.0000,0.0000,27.6734,577.4382,46.9184,0.0000,63.0750,0.0000,0.0000,115.4600,0.0000,270.7000,0.0000,0.0000,0.0000,0.0000,0.0000,0.0000,9.3042,0.0000,0.0000,6.3814,28.2277,36.4410,0.0000,52.8080,41.8766,6.3976,13.0050,8.0910,10.3361,45.4984,0.0000,11.5959,19.3322,19.5151,0.0000,12.6804,8.1674,0.0000,0.0000,6.3249,0.0000,0.0000,0.0000,15.7662,6.8110,0.0000,0.0000,0.0000,11.5142,6.6016,12.9316,12.1287,8.9160,11.2137,14.1164,8.5929,0.0000,1.1812,0.0000,0.0000,0.0000,0.0000,201.1875,0.0000,0.9984,200.0000,0.0000,0.0000,5.0100,7.0900,100.0000,0.0000,0.0000,0.0000,0.0000,0.0000,12.4500,0.0000,0.0000,0.0000,0.0000,0.0000,0.0000,0.0000,0.0000,0.0000,0.0000,0.0000,0.0000,7.4924,0.0000,0.0000,0.0000,0.0000,1.0000,17.7700,0.0000,0.0000,100.0000,0.0000,0.0000,0.0000,0.0000,6.0861,0.0000,0.0000
76,66EnNDPL2025/07/03,NDPL,0.0000,0.0000,0.0000,0.0000,0.0000,0.0000,0.0000,0.0000,38.8446,0.0000,22.5492,55.9120,0.0000,0.0000,0.0000,0.0000,27.6734,577.4382,46.9184,0.0000,63.0750,0.0000,0.0000,115.4600,0.0000,270.7000,0.0000,0.0000,0.0000,0.0000,0.0000,0.0000,9.3042,0.0000,0.0000,6.3814,28.2277,36.4410,0.0000,52.8080,41.8766,6.3976,13.0050,8.0910,10.3361,45.4984,0.0000,11.5959,19.3322,19.5151,0.0000,12.6804,10.8890,1.6187,0.0000,6.3249,0.0000,0.0000,0.0000,15.7662,6.7036,0.0000,0.0000,0.0000,11.5142,6.6016,12.9316,12.1287,8.9160,11.2137,14.1164,8.5929,0.0000,2.7489,0.0000,0.0000,0.0000,0.0000,201.1875,0.0000,0.9984,200.0000,0.0000,0.0000,1.7300,7.0900,100.0000,0.0000,0.0000,0.0000,0.0000,0.0000,12.9000,0.0000,0.0000,0.0000,0.0000,0.0000,0.0000,0.0000,0.0000,0.0000,0.0000,0.0000,0.0000,7.4924,0.0000,0.0000,0.0000,0.0000,200.0000,17.7700,0.0000,0.0000,100.0000,0.0000,0.0000,0.0000,0.0000,6.0861,0.0000,0.0000
77,66EnNDPL2025/07/03,NDPL,0.0000,0.0000,0.0000,0.0000,0.0000,0.0000,0.0000,0.0000,38.8446,0.0000,22.5492,55.9120,0.0000,0.0000,0.0000,0.0000,27.6734,577.4382,46.9184,0.0000,63.0750,0.0000,0.0000,115.4600,0.0000,270.7000,0.0000,0.0000,0.0000,0.0000,0.0000,0.0000,9.3042,0.0000,0.0000,6.3814,28.2277,36.4410,0.0000,52.8080,41.8766,6.3976,13.0050,8.0910,10.3361,45.4984,0.0000,11.6622,19.3322,19.5151,0.0000,12.6804,10.8890,3.2322,0.0000,6.3249,0.0000,0.0000,0.0000,7.9048,6.7895,0.0000,0.0000,0.0000,12.1953,6.6016,12.9316,12.1287,8.9160,11.2137,14.1164,3.1235,0.0000,3.6540,0.0000,0.0000,0.0000,0.0000,201.1875,0.0000,0.9984,200.0000,0.0000,0.0000,200.0000,7.4700,100.0000,0.0000,0.0000,0.0000,0.0000,0.0000,13.5000,0.0000,0.0000,0.0000,0.0000,0.0000,0.0000,0.0000,0.0000,0.0000,0.0000,0.0000,0.0000,7.4924,0.0000,0.0000,0.0000,0.0000,200.0000,18.2300,0.0000,0.0000,100.0000,0.0000,0.0000,0.0000,0.0000,6.0861,0.0000,0.0000
78,66EnNDPL2025/07/03,NDPL,0.0000,0.0000,0.0000,0.0000,0.0000,0.0000,0.0000,0.0000,38.8446,0.0000,22.5492,55.9120,0.0000,0.0000,0.0000,0.0000,27.6734,577.4382,47.3587,0.0000,63.0750,0.0000,0.0000,115.4600,0.0000,270.7000,0.0000,0.0000,0.0000,0.0000,0.0000,0.0000,9.3042,0.0000,0.0000,6.3814,28.2277,36.4410,0.0000,52.8080,41.8766,6.3976,13.0050,8.0910,10.3361,45.4984,0.0000,11.6622,19.3322,19.5151,0.0000,12.9888,11.9814,4.8509,0.0000,6.3249,0.0000,0.0000,0.0000,7.9048,6.7649,0.0000,0.0000,0.0000,12.1953,6.6016,12.9684,12.7645,9.3758,11.7736,14.7001,15.2313,0.0000,3.6540,0.0000,0.0000,0.0000,0.0000,201.1875,0.0000,0.9984,200.0000,0.0000,0.0000,200.0000,7.4700,100.0000,0.0000,0.0000,0.0000,0.0000,0.0000,15.0000,0.0000,0.0000,0.0000,0.0000,0.0000,0.0000,0.0000,0.0000,0.0000,0.0000,0.0000,0.0000,7.4924,0.0000,0.0000,0.0000,0.0000,200.0000,18.2300,0.0000,0.0000,100.0000,0.0000,0.0000,0.0000,0.0000,6.0861,0.0000,0.0000
79,66EnNDPL2025/07/03,NDPL,0.0000,0.0000,0.0000,0.0000,0.0000,0.0000,0.0000,0.0000,38.8446,0.0000,22.5492,55.9120,0.0000,0.0000,0.0000,0.0000,27.6734,577.4382,47.3587,0.0000,63.0750,0.0000,0.0000,115.4600,0.0000,270.7000,0.0000,0.0000,0.0000,0.0000,0.0000,0.0000,9.3042,0.0000,0.0000,6.3814,28.2277,36.4410,0.0000,52.8080,41.8766,6.3976,13.0050,8.0910,10.3361,45.4984,0.0000,11.7590,19.3322,19.5151,0.0000,12.9888,11.9814,5.1551,0.0000,6.3249,0.0000,0.0000,0.0000,7.9048,6.7649,0.0000,0.0000,0.0000,11.5142,6.6016,12.9684,12.7645,9.3758,11.7736,14.7001,15.2313,0.0000,3.6540,0.0000,0.0000,0.0000,0.0000,201.1875,0.0000,0.9984,200.0000,0.0000,0.0000,200.0000,7.4700,100.0000,0.0000,0.0000,0.0000,0.0000,0.0000,13.3300,0.0000,0.0000,0.0000,0.0000,0.0000,0.0000,0.0000,0.0000,0.0000,0.0000,0.0000,0.0000,7.4924,0.0000,0.0000,0.0000,0.0000,200.0000,18.2300,0.0000,0.0000,100.0000,0.0000,0.0000,0.0000,0.0000,6.0861,0.0000,0.0000
80,66EnNDPL2025/07/03,NDPL,0.0000,0.0000,0.0000,0.0000,0.0000,0.0000,0.0000,0.0000,38.8446,0.0000,22.5492,55.9120,0.0000,0.0000,0.0000,0.0000,27.6734,577.4382,47.3587,0.0000,63.0750,0.0000,0.0000,115.4600,0.0000,270.7000,0.0000,0.0000,0.0000,0.0000,0.0000,0.0000,9.3042,0.0000,0.0000,6.3814,28.2277,36.4410,0.0000,52.8080,41.8766,6.3976,13.0050,8.0910,10.3361,45.4984,0.0000,11.7590,19.3322,19.5151,0.0000,12.9888,11.9814,5.1551,0.0000,6.3249,0.0000,0.0000,0.0000,7.9048,6.8110,0.0000,0.0000,0.0000,11.5142,6.6016,12.9684,12.7645,9.3758,11.7736,14.7001,15.2313,0.0000,3.6540,0.0000,0.0000,0.0000,0.0000,201.1875,0.0000,0.9984,200.0000,0.0000,0.0000,200.0000,7.4700,100.0000,0.0000,0.0000,0.0000,0.0000,0.0000,13.1700,0.0000,0.0000,0.0000,0.0000,0.0000,0.0000,0.0000,0.0000,0.0000,0.0000,0.0000,0.0000,7.4924,0.0000,0.0000,0.0000,0.0000,200.0000,18.2300,0.0000,0.0000,100.0000,0.0000,0.0000,0.0000,0.0000,6.0861,0.0000,0.0000
81,66EnNDPL2025/07/03,NDPL,0.0000,0.0000,0.0000,0.0000,0.0000,0.0000,0.0000,0.0000,38.8446,0.0000,22.5492,55.9120,0.0000,0.0000,0.0000,0.0000,27.6734,577.4382,47.3587,0.0000,63.0750,0.0000,0.0000,115.4600,0.0000,270.7000,0.0000,0.0000,0.0000,0.0000,0.0000,0.0000,9.3042,0.0000,0.0000,6.3814,28.2277,36.4410,0.0000,52.8080,41.8766,6.3976,13.0050,8.0910,10.3361,45.4984,0.0000,11.7590,19.3322,20.1868,0.0000,12.9888,11.9814,5.1551,0.0000,6.3249,0.0000,0.0000,0.0000,7.9048,6.8539,0.0000,0.0000,0.0000,9.4832,6.1887,12.9684,12.7645,9.3758,11.7736,14.7001,15.2313,0.0000,3.6540,0.0000,0.0000,0.0000,0.0000,201.1875,0.0000,0.9984,200.0000,0.0000,0.0000,200.0000,7.1900,100.0000,0.0000,0.0000,0.0000,0.0000,0.0000,13.3300,0.0000,0.0000,0.0000,0.0000,0.0000,0.0000,0.0000,0.0000,0.0000,0.0000,0.0000,0.0000,7.4924,0.0000,0.0000,0.0000,0.0000,200.0000,18.7000,0.0000,0.0000,100.0000,0.0000,0.0000,0.0000,0.0000,6.0861,0.0000,0.0000
82,66EnNDPL2025/07/03,NDPL,0.0000,0.0000,0.0000,0.0000,0.0000,0.0000,0.0000,0.0000,38.8446,0.0000,22.5492,55.9120,0.0000,0.0000,0.0000,0.0000,27.6734,577.4382,47.3587,0.0000,63.0750,0.0000,0.0000,115.4600,0.0000,270.7000,0.0000,0.0000,0.0000,0.0000,0.0000,0.0000,9.3042,0.0000,0.0000,6.3814,28.2277,36.4410,0.0000,52.8080,41.8766,6.3976,13.0050,8.0910,10.3361,45.4984,0.0000,11.7590,19.3322,20.1868,0.0000,12.9888,11.9814,5.1551,0.0000,6.3249,0.0000,0.0000,0.0000,7.9048,6.8999,0.0000,0.0000,0.0000,9.4832,6.1887,12.9684,12.7645,9.3758,11.7736,14.7001,15.2313,0.0000,3.6540,0.0000,0.0000,0.0000,0.0000,201.1875,0.0000,0.9984,200.0000,0.0000,0.0000,200.0000,7.1900,100.0000,0.0000,0.0000,0.0000,0.0000,0.0000,13.1700,0.0000,0.0000,0.0000,0.0000,0.0000,0.0000,0.0000,0.0000,0.0000,0.0000,0.0000,0.0000,7.4924,0.0000,0.0000,0.0000,0.0000,200.0000,18.7000,0.0000,0.0000,100.0000,0.0000,0.0000,0.0000,0.0000,6.0861,0.0000,0.0000
83,66EnNDPL2025/07/03,NDPL,0.0000,0.0000,0.0000,0.0000,0.0000,0.0000,0.0000,0.0000,38.8446,0.0000,22.5492,55.9120,0.0000,0.0000,0.0000,0.0000,27.6734,577.4382,47.3587,0.0000,63.0750,0.0000,0.0000,115.4600,0.0000,270.7000,0.0000,0.0000,0.0000,0.0000,0.0000,0.0000,9.3042,0.0000,0.0000,6.3814,28.2277,36.4410,0.0000,52.8080,41.8766,6.3976,13.0050,8.0910,10.3361,45.4984,0.0000,11.7590,19.3322,20.1868,0.0000,12.9888,11.9814,5.1551,0.0000,6.3249,0.0000,0.0000,0.0000,7.9048,6.9644,0.0000,0.0000,0.0000,9.4832,6.1887,12.9684,12.7645,9.3758,11.7736,14.7001,10.1534,0.0000,3.6540,0.0000,0.0000,0.0000,0.0000,201.1875,0.0000,0.9984,10.4000,0.0000,0.0000,200.0000,7.1900,9.9800,0.0000,0.0000,0.0000,0.0000,0.0000,12.0000,0.0000,0.0000,0.0000,0.0000,0.0000,0.0000,0.0000,0.0000,0.0000,0.0000,0.0000,0.0000,7.4924,0.0000,0.0000,0.0000,0.0000,200.0000,18.7000,0.0000,0.0000,100.0000,0.0000,0.0000,0.0000,0.0000,6.0861,0.0000,0.0000
84,66EnNDPL2025/07/03,NDPL,0.0000,0.0000,0.0000,0.0000,0.0000,0.0000,0.0000,0.0000,38.8446,0.0000,22.5492,55.9120,0.0000,0.0000,0.0000,0.0000,27.6734,577.4382,47.3587,0.0000,63.0750,0.0000,0.0000,115.4600,0.0000,270.7000,0.0000,0.0000,0.0000,0.0000,0.0000,0.0000,9.3042,0.0000,0.0000,6.3814,28.2277,36.4410,0.0000,52.8080,41.8766,6.3976,13.0050,8.0910,10.3361,45.4984,0.0000,11.7590,19.3322,20.1868,0.0000,12.9888,11.9814,5.1551,0.0000,6.3249,0.0000,0.0000,0.0000,7.9048,7.0073,0.0000,0.0000,0.0000,9.4832,6.1887,12.9684,12.7645,9.3758,11.7736,14.7001,10.1534,0.0000,3.6540,0.0000,0.0000,0.0000,0.0000,201.1875,0.0000,0.9984,10.4000,0.0000,0.0000,200.0000,7.1900,9.9800,0.0000,0.0000,0.0000,0.0000,0.0000,12.1500,0.0000,0.0000,0.0000,0.0000,0.0000,0.0000,0.0000,0.0000,0.0000,0.0000,0.0000,0.0000,7.4924,0.0000,0.0000,0.0000,0.0000,200.0000,18.7000,0.0000,0.0000,100.0000,0.0000,0.0000,0.0000,0.0000,6.0861,0.0000,0.0000
85,66EnNDPL2025/07/03,NDPL,0.0000,0.0000,0.0000,0.0000,0.0000,0.0000,0.0000,0.0000,38.8446,0.0000,22.5492,55.9120,0.0000,0.0000,0.0000,0.0000,27.6734,577.4382,47.3587,0.0000,63.0750,0.0000,0.0000,115.4600,0.0000,270.7000,0.0000,0.0000,0.0000,0.0000,0.0000,0.0000,9.3042,0.0000,0.0000,6.3814,28.2277,36.4410,0.0000,52.8080,41.8766,6.3976,13.0050,8.0910,10.3361,45.4984,0.0000,11.9170,19.3271,20.1868,0.0000,12.9888,11.9814,5.1551,0.0000,6.3249,0.0000,0.0000,0.0000,7.9048,7.1147,0.0000,0.0000,0.0000,9.4832,6.1887,12.9684,12.7645,9.3758,11.7736,14.7001,10.1534,0.0000,3.6540,0.0000,0.0000,0.0000,0.0000,201.1875,0.0000,0.9984,10.4000,0.0000,0.0000,200.0000,7.0000,10.7400,0.0000,0.0000,0.0000,0.0000,0.0000,10.6500,0.0000,0.0000,0.0000,0.0000,0.0000,0.0000,0.0000,0.0000,0.0000,0.0000,0.0000,0.0000,7.4924,0.0000,0.0000,0.0000,0.0000,200.0000,18.7000,0.0000,0.0000,100.0000,0.0000,0.0000,0.0000,0.0000,6.0861,0.0000,0.0000
86,66EnNDPL2025/07/03,NDPL,0.0000,0.0000,0.0000,0.0000,0.0000,0.0000,0.0000,0.0000,38.8446,0.0000,22.5492,55.9120,0.0000,0.0000,0.0000,0.0000,27.6734,577.4382,46.9184,0.0000,63.0750,0.0000,0.0000,115.4600,0.0000,270.7000,0.0000,0.0000,0.0000,0.0000,0.0000,0.0000,9.3042,0.0000,0.0000,6.3814,28.2277,36.4410,0.0000,52.8080,38.4384,6.3976,13.0050,8.0910,10.3361,45.4984,0.0000,11.9170,19.3271,20.1868,0.0000,12.6804,10.8890,4.8509,0.0000,6.3249,0.0000,0.0000,0.0000,7.9048,7.1515,0.0000,0.0000,0.0000,9.4832,6.1887,12.9316,12.1287,8.9160,11.2137,14.1164,9.9590,0.0000,3.6540,0.0000,0.0000,0.0000,0.0000,201.1875,0.0000,0.9984,10.4000,0.0000,0.0000,200.0000,7.0000,10.7400,0.0000,0.0000,0.0000,0.0000,0.0000,10.9000,0.0000,0.0000,0.0000,0.0000,0.0000,0.0000,0.0000,0.0000,0.0000,0.0000,0.0000,0.0000,7.4924,0.0000,0.0000,0.0000,0.0000,200.0000,18.7000,0.0000,0.0000,100.0000,0.0000,0.0000,0.0000,0.0000,6.0861,0.0000,0.0000
87,66EnNDPL2025/07/03,NDPL,0.0000,0.0000,0.0000,0.0000,0.0000,0.0000,0.0000,0.0000,38.8446,0.0000,22.5492,55.9120,0.0000,0.0000,0.0000,0.0000,27.6734,577.4382,46.9184,0.0000,63.0750,0.0000,0.0000,115.4600,0.0000,270.7000,0.0000,0.0000,0.0000,0.0000,0.0000,0.0000,9.3042,0.0000,0.0000,6.3814,28.2277,36.4410,0.0000,52.8080,38.4384,6.3976,13.0050,8.0910,10.3361,45.4984,0.0000,8.3753,19.3271,20.1868,0.0000,12.6804,10.8890,4.8509,0.0000,6.3249,0.0000,0.0000,0.0000,7.9048,7.2435,0.0000,0.0000,0.0000,9.4832,6.1887,12.9316,12.1287,8.9160,11.2137,14.1164,9.9590,0.0000,3.6540,0.0000,0.0000,0.0000,0.0000,201.1875,0.0000,0.9984,200.0000,0.0000,0.0000,200.0000,7.0000,10.7400,0.0000,0.0000,0.0000,0.0000,0.0000,11.1600,0.0000,0.0000,0.0000,0.0000,0.0000,0.0000,0.0000,0.0000,0.0000,0.0000,0.0000,0.0000,7.4924,0.0000,0.0000,0.0000,0.0000,200.0000,18.7000,0.0000,0.0000,100.0000,0.0000,0.0000,0.0000,0.0000,6.0861,0.0000,0.0000
88,66EnNDPL2025/07/03,NDPL,0.0000,0.0000,0.0000,0.0000,0.0000,0.0000,0.0000,0.0000,38.8446,0.0000,22.5492,55.9120,0.0000,0.0000,0.0000,0.0000,27.6734,577.4382,47.3587,0.0000,63.0750,0.0000,0.0000,115.4600,0.0000,270.7000,0.0000,0.0000,0.0000,0.0000,0.0000,0.0000,9.3042,0.0000,0.0000,6.3814,28.2277,36.4410,0.0000,52.8080,38.4384,6.3976,13.0050,8.0910,10.3361,45.4984,0.0000,8.3753,19.3271,20.1868,0.0000,12.9888,11.9814,5.1551,0.0000,6.3249,0.0000,0.0000,0.0000,7.9048,7.2435,0.0000,0.0000,0.0000,9.4832,6.1887,12.9684,12.7645,9.3758,11.7736,14.7001,10.1534,0.0000,3.6540,0.0000,0.0000,0.0000,0.0000,201.1875,0.0000,0.9984,200.0000,0.0000,0.0000,200.0000,7.0000,10.7400,0.0000,0.0000,0.0000,0.0000,0.0000,11.4200,0.0000,0.0000,0.0000,0.0000,0.0000,0.0000,0.0000,0.0000,0.0000,0.0000,0.0000,0.0000,7.4924,0.0000,0.0000,0.0000,0.0000,200.0000,18.7000,0.0000,0.0000,100.0000,0.0000,0.0000,0.0000,0.0000,6.0861,0.0000,0.0000
89,66EnNDPL2025/07/03,NDPL,0.0000,0.0000,0.0000,0.0000,0.0000,0.0000,0.0000,0.0000,38.8446,0.0000,22.5492,55.9120,0.0000,0.0000,0.0000,0.0000,27.6734,577.4382,47.3587,0.0000,63.0750,0.0000,0.0000,115.4600,0.0000,270.7000,0.0000,0.0000,0.0000,0.0000,0.0000,0.0000,9.3042,0.0000,0.0000,6.3814,28.2277,36.4410,0.0000,52.8080,38.4384,6.3976,13.0050,8.0910,10.3361,45.4984,0.0000,8.3753,19.3271,20.1868,0.0000,12.9888,11.9814,5.1551,0.0000,6.3249,0.0000,0.0000,0.0000,7.9048,7.4246,0.0000,0.0000,0.0000,10.6705,7.0146,12.9684,12.7645,9.3758,11.7736,14.7001,15.2313,0.0000,3.6540,0.0000,0.0000,0.0000,0.0000,201.1875,0.0000,1.0164,200.0000,0.0000,0.0000,200.0000,6.8100,10.7400,0.0000,0.0000,0.0000,0.0000,0.0000,9.1400,0.0000,0.0000,0.0000,0.0000,0.0000,0.0000,0.0000,0.0000,0.0000,0.0000,0.0000,0.0000,7.4924,0.0000,0.0000,0.0000,0.0000,200.0000,18.9800,0.0000,0.0000,100.0000,0.0000,0.0000,0.0000,0.0000,6.0861,0.0000,0.0000
90,66EnNDPL2025/07/03,NDPL,0.0000,0.0000,0.0000,0.0000,0.0000,0.0000,0.0000,0.0000,38.8446,0.0000,22.5492,55.9120,0.0000,0.0000,0.0000,0.0000,27.6734,577.4382,47.3587,0.0000,63.0750,0.0000,0.0000,115.4600,0.0000,270.7000,0.0000,0.0000,0.0000,0.0000,0.0000,0.0000,9.3042,0.0000,0.0000,6.3814,28.2277,36.4410,0.0000,52.8080,38.4384,6.3976,13.0050,8.0910,10.3361,45.4984,0.0000,8.3753,19.3271,20.1868,0.0000,12.9888,11.9814,5.1551,0.0000,6.3249,0.0000,0.0000,0.0000,7.9048,7.4859,0.0000,0.0000,0.0000,10.6705,7.0146,12.9684,12.7645,9.3758,11.7736,14.7001,15.2313,0.0000,3.6540,0.0000,0.0000,0.0000,0.0000,201.1875,0.0000,1.0164,200.0000,0.0000,0.0000,200.0000,6.8100,10.7400,0.0000,0.0000,0.0000,0.0000,0.0000,8.8300,0.0000,0.0000,0.0000,0.0000,0.0000,0.0000,0.0000,0.0000,0.0000,0.0000,0.0000,0.0000,7.4924,0.0000,0.0000,0.0000,0.0000,200.0000,18.9800,0.0000,0.0000,100.0000,0.0000,0.0000,0.0000,0.0000,6.0861,0.0000,0.0000
91,66EnNDPL2025/07/03,NDPL,0.0000,0.0000,0.0000,0.0000,0.0000,0.0000,0.0000,0.0000,38.8446,0.0000,22.5492,55.9120,0.0000,0.0000,0.0000,0.0000,27.6734,577.4382,47.3587,0.0000,63.0750,0.0000,0.0000,115.4600,0.0000,270.7000,0.0000,0.0000,0.0000,0.0000,0.0000,0.0000,9.3042,0.0000,0.0000,6.3814,28.2277,36.4410,0.0000,52.8080,41.8766,6.3976,13.0050,8.0910,10.3361,45.4984,0.0000,8.3753,19.3271,20.1868,0.0000,12.9888,11.9814,5.1551,0.0000,6.3249,0.0000,0.0000,0.0000,7.9048,7.4859,0.0000,0.0000,0.0000,10.8392,8.2507,12.9684,12.7645,9.3758,11.7736,14.7001,15.2313,0.0000,3.6540,0.0000,0.0000,0.0000,0.0000,201.1875,0.0000,1.0164,200.0000,0.0000,0.0000,200.0000,6.8100,10.7400,0.0000,0.0000,0.0000,0.0000,0.0000,8.9300,0.0000,0.0000,0.0000,0.0000,0.0000,0.0000,0.0000,0.0000,0.0000,0.0000,0.0000,0.0000,7.4924,0.0000,0.0000,0.0000,0.0000,200.0000,18.9800,0.0000,0.0000,100.0000,0.0000,0.0000,0.0000,0.0000,6.0861,0.0000,0.0000
92,66EnNDPL2025/07/03,NDPL,0.0000,0.0000,0.0000,0.0000,0.0000,0.0000,0.0000,0.0000,38.8446,0.0000,22.5492,55.9120,0.0000,0.0000,0.0000,0.0000,27.6734,577.4382,46.9184,0.0000,63.0750,0.0000,0.0000,115.4600,0.0000,270.7000,0.0000,0.0000,0.0000,0.0000,0.0000,0.0000,9.3042,0.0000,0.0000,6.3814,28.2277,36.4410,0.0000,52.8080,41.8766,6.3976,13.0050,8.0910,10.3361,45.4984,0.0000,8.3753,19.3271,20.1868,0.0000,12.6804,8.1674,4.8509,0.0000,6.3249,0.0000,0.0000,0.0000,7.9048,7.4859,0.0000,0.0000,0.0000,10.8392,8.2507,12.9316,12.1287,8.9160,11.2137,14.1164,8.5929,0.0000,3.6540,0.0000,0.0000,0.0000,0.0000,201.1875,0.0000,1.0164,200.0000,0.0000,0.0000,200.0000,6.8100,10.7400,0.0000,0.0000,0.0000,0.0000,0.0000,9.0400,0.0000,0.0000,0.0000,0.0000,0.0000,0.0000,0.0000,0.0000,0.0000,0.0000,0.0000,0.0000,7.4924,0.0000,0.0000,0.0000,0.0000,200.0000,18.9800,0.0000,0.0000,100.0000,0.0000,0.0000,0.0000,0.0000,6.0861,0.0000,0.0000
93,66EnNDPL2025/07/03,NDPL,0.0000,0.0000,0.0000,0.0000,0.0000,0.0000,0.0000,0.0000,38.8446,0.0000,22.5492,55.9120,0.0000,0.0000,0.0000,0.0000,27.6734,577.4382,46.9184,0.0000,63.0750,0.0000,0.0000,115.4600,0.0000,270.7000,0.0000,0.0000,0.0000,0.0000,0.0000,0.0000,9.3042,0.0000,0.0000,6.3814,28.2277,36.4410,0.0000,52.8080,41.8766,6.3976,13.0050,8.0910,10.3361,45.4984,0.0000,8.3753,19.3271,20.1868,0.0000,12.6804,8.1674,4.8509,0.0000,6.3249,0.0000,0.0000,0.0000,7.9048,7.4859,0.0000,0.0000,0.0000,10.8392,8.2507,12.9316,12.1287,8.9160,11.2137,14.1164,8.5929,0.0000,3.6540,0.0000,0.0000,0.0000,0.0000,201.1875,0.0000,1.0164,200.0000,0.0000,0.0000,200.0000,6.8100,10.7400,0.0000,0.0000,0.0000,0.0000,0.0000,8.9300,0.0000,0.0000,0.0000,0.0000,0.0000,0.0000,0.0000,0.0000,0.0000,0.0000,0.0000,0.0000,7.4924,0.0000,0.0000,0.0000,0.0000,200.0000,18.9800,0.0000,0.0000,100.0000,0.0000,0.0000,0.0000,0.0000,6.0861,0.0000,0.0000
94,66EnNDPL2025/07/03,NDPL,0.0000,0.0000,0.0000,0.0000,0.0000,0.0000,0.0000,0.0000,38.8446,0.0000,22.5492,55.9120,0.0000,0.0000,0.0000,0.0000,27.6734,577.4382,46.9184,0.0000,63.0750,0.0000,0.0000,115.4600,0.0000,270.7000,0.0000,0.0000,0.0000,0.0000,0.0000,0.0000,9.3042,0.0000,0.0000,6.3814,28.2277,36.4410,0.0000,52.8080,41.8766,6.3976,13.0050,8.0910,10.3361,45.4984,0.0000,8.3753,19.3271,20.1868,0.0000,12.6804,8.1674,4.8509,0.0000,6.3249,0.0000,0.0000,0.0000,7.9048,7.4859,0.0000,0.0000,0.0000,10.8392,8.2507,12.9316,12.1287,8.9160,11.2137,14.1164,8.5929,0.0000,3.6540,0.0000,0.0000,0.0000,0.0000,201.1875,0.0000,1.0164,200.0000,0.0000,0.0000,200.0000,6.8100,10.7400,0.0000,0.0000,0.0000,0.0000,0.0000,9.0400,0.0000,0.0000,0.0000,0.0000,0.0000,0.0000,0.0000,0.0000,0.0000,0.0000,0.0000,0.0000,7.4924,0.0000,0.0000,0.0000,0.0000,200.0000,18.9800,0.0000,0.0000,100.0000,0.0000,0.0000,0.0000,0.0000,6.0861,0.0000,0.0000
95,66EnNDPL2025/07/03,NDPL,0.0000,0.0000,0.0000,0.0000,0.0000,0.0000,0.0000,0.0000,38.8446,0.0000,22.5492,55.9120,0.0000,0.0000,0.0000,0.0000,27.6734,577.4382,46.9184,0.0000,63.0750,0.0000,0.0000,115.4600,0.0000,270.7000,0.0000,0.0000,0.0000,0.0000,0.0000,0.0000,9.3042,0.0000,0.0000,6.3814,28.2277,36.4410,0.0000,52.8080,41.8766,6.3976,13.0050,8.0910,10.3361,45.4984,0.0000,8.3753,19.3271,20.1868,0.0000,12.6804,8.1674,4.8509,0.0000,6.3249,0.0000,0.0000,0.0000,7.9048,7.4859,0.0000,0.0000,0.0000,13.5483,8.2507,12.9316,12.1287,8.9160,11.2137,14.1164,8.5929,0.0000,3.6540,0.0000,0.0000,0.0000,0.0000,201.1875,0.0000,1.0164,10.4000,0.0000,0.0000,200.0000,6.8100,10.7400,0.0000,0.0000,0.0000,0.0000,0.0000,9.1400,0.0000,0.0000,0.0000,0.0000,0.0000,0.0000,0.0000,0.0000,0.0000,0.0000,0.0000,0.0000,7.4924,0.0000,0.0000,0.0000,0.0000,200.0000,18.9800,0.0000,0.0000,100.0000,0.0000,0.0000,0.0000,0.0000,6.0861,0.0000,0.0000
96,66EnNDPL2025/07/03,NDPL,0.0000,0.0000,0.0000,0.0000,0.0000,0.0000,0.0000,0.0000,38.8446,0.0000,22.5492,55.9120,0.0000,0.0000,0.0000,0.0000,27.6734,577.4382,46.9184,0.0000,63.0750,0.0000,0.0000,115.4600,0.0000,270.7000,0.0000,0.0000,0.0000,0.0000,0.0000,0.0000,9.3042,0.0000,0.0000,6.3814,28.2277,36.4410,0.0000,52.8080,41.8766,6.3976,13.0050,8.0910,10.3361,45.4984,0.0000,8.3753,19.3271,20.1868,0.0000,12.6804,8.1674,4.8509,0.0000,6.3249,0.0000,0.0000,0.0000,7.9048,7.4859,0.0000,0.0000,0.0000,13.5483,8.2507,12.9316,12.1287,8.9160,11.2137,14.1164,8.5929,0.0000,3.6540,0.0000,0.0000,0.0000,0.0000,201.1875,0.0000,1.0164,10.4000,0.0000,0.0000,200.0000,6.8100,10.7400,0.0000,0.0000,0.0000,0.0000,0.0000,9.2500,0.0000,0.0000,0.0000,0.0000,0.0000,0.0000,0.0000,0.0000,0.0000,0.0000,0.0000,0.0000,7.4924,0.0000,0.0000,0.0000,0.0000,200.0000,18.9800,0.0000,0.0000,100.0000,0.0000,0.0000,0.0000,0.0000,6.0861,0.0000,0.0000
