timeslot,discomcode,revisionno,BTPS,PRAGATI,RPH,DADRI_T,GT_OC,CSGS,GT_RLNG,PRG_RLNG,DVC,GT_LF,GT_CC,PRG_G_CC,GT_RLG_C,GT_LF_CC,PG_RLG_C,REGULATE,MTPS6,JHAJJAR,NJPC,CCGT_OC,CCGT_CC,CCGT_RCC,CCGT_ROC,CLPJHAJR,MEJIA7,MAITHON,SECI,RITHL_CC,RITHL_OC,RITHL_RC,RITHL_RO,NHPC,DADRI_T2,ANTA_GF,AURY_GF,FARAKKA,RIHAND1,RIHAND2,RIHAND3,SASAN,SNGRAULI,UNCHHAR1,UNCHHAR2,UNCHHAR3,KAHLGAN1,KAHLGAN2,DADRI_GF,ANTA_RF,AURY_RF,DADRI_RF,KOLDAM,TH_HPP,KTWR_HEP,SEWA2,DMSWSL,NAPP,RAPPB,MUNDRA,RAMPUR,RAPPC,TALA,ANTA_LF,AURY_LF,DADRI_LF,URI,URI2,CHAMERA1,CHAMERA2,CHAMERA3,DHAULIGNGA,DULHASTI,PARBATI3,SALAL,TANAKPUR,BSIUL,UNCHAHAR4,PRG_CCLF,PRG_OCLF,CCGTCCSPOT,CCGTOCSPOT,SNG_HYDRO,SHEP,GIREL,RUMS_DMRC,SEIPL,THPPL,NHPPL,ANTA_CRF,AURY_CRF,DADR_CRF,ALFANR_I,ALFANR_II,ALFANR_III,ERCPL_FTG,ERPCL_FTG2,AP41PL_BHDL,ASE4PL,SBSRBYPL,SBSRTPDDL,RSTOSU7,RSTPS1TO6,TALST2,SIMHST2,KUDGI,NLCEXP,NLCIIST1,NLCIIST2,NLCTS2EXP,NNTPP,NTPL,MAPS,KGSU1AND2,KGSU3AND4,KKNP,VALLURNTECL,SRIJAN_M,SITAC_BRPL,SITAC_BYPL,Total_EXPP,OpenAccess,InterDiscomTransfer,Losses,idtexbil,Total
1,NDPL,06DSNDPL2022/09/18,0.0000,0.0000,0.0000,0.0000,0.0000,0.0000,0.0000,0.0000,60.1500,0.0000,12.0000,23.1360,0.0000,0.0000,7.3264,0.0000,20.2300,372.4800,34.8100,0.0000,69.6000,0.0000,0.0000,70.8300,0.0000,272.8100,0.0000,0.0000,0.0000,0.0000,0.0000,0.0000,2.8600,0.0000,0.0000,6.1700,13.6900,35.1500,0.0000,51.9200,41.4600,6.4900,12.6200,7.8600,7.2500,43.9000,0.0000,0.0000,0.0000,0.0000,0.0000,18.5300,8.5100,0.0000,0.0000,11.7600,0.0000,0.0000,0.0000,0.0000,8.5800,0.0000,0.0000,0.0000,8.5500,6.4000,8.3600,7.7600,5.7600,10.8700,14.7100,0.0000,0.0000,2.2600,1.9500,0.0000,0.0000,0.0000,0.0000,0.0000,0.7800,10.1500,0.0000,0.0000,0.0000,6.8600,7.7100,0.0000,0.0000,0.0000,0.0000,0.0000,9.1900,0.0000,0.0000,0.0000,0.0000,0.0000,0.0000,0.0000,0.0000,0.0000,0.0000,0.0000,0.0000,0.0000,0.0000,0.0000,0.0000,0.0000,0.0000,0.0000,0.0000,0.0000,0.0000,0.0000,0.0000,0.0000,1321.4324,-13.09,0.00,11.7448,0.00,1296.5976
2,NDPL,06DSNDPL2022/09/18,0.0000,0.0000,0.0000,0.0000,0.0000,0.0000,0.0000,0.0000,60.1500,0.0000,12.0000,23.1360,0.0000,0.0000,7.3264,0.0000,20.2300,372.4800,34.8100,0.0000,69.6000,0.0000,0.0000,70.8300,0.0000,272.8100,0.0000,0.0000,0.0000,0.0000,0.0000,0.0000,2.8600,0.0000,0.0000,6.1700,13.6900,35.1500,0.0000,51.9200,41.4600,6.4900,12.6200,7.8600,7.2500,43.9000,0.0000,0.0000,0.0000,0.0000,0.0000,18.5300,8.5100,0.0000,0.0000,11.7600,0.0000,0.0000,0.0000,0.0000,8.5800,0.0000,0.0000,0.0000,8.5500,9.6600,8.3600,7.7600,5.7600,10.8700,14.7100,0.0000,0.0000,2.2600,1.9500,0.0000,0.0000,0.0000,0.0000,0.0000,0.7800,10.1500,0.0000,0.0000,0.0000,6.8600,7.7100,0.0000,0.0000,0.0000,0.0000,0.0000,8.9900,0.0000,0.0000,0.0000,0.0000,0.0000,0.0000,0.0000,0.0000,0.0000,0.0000,0.0000,0.0000,0.0000,0.0000,0.0000,0.0000,0.0000,0.0000,0.0000,0.0000,0.0000,0.0000,0.0000,0.0000,0.0000,1324.4924,-33.09,0.00,11.9493,0.00,1279.4531
3,NDPL,06DSNDPL2022/09/18,0.0000,0.0000,0.0000,0.0000,0.0000,0.0000,0.0000,0.0000,60.1500,0.0000,12.0000,23.1360,0.0000,0.0000,7.3264,0.0000,20.2300,372.4800,34.8100,0.0000,69.6000,0.0000,0.0000,70.8300,0.0000,272.8100,0.0000,0.0000,0.0000,0.0000,0.0000,0.0000,2.8600,0.0000,0.0000,6.1700,13.6900,35.1500,0.0000,51.9200,41.4600,6.4900,12.6200,7.8600,7.2500,43.9000,0.0000,0.0000,0.0000,0.0000,0.0000,18.5300,8.5100,0.0000,0.0000,11.7600,0.0000,0.0000,0.0000,0.0000,8.5800,0.0000,0.0000,0.0000,15.7700,9.6600,4.1800,7.7600,5.7600,10.8700,14.7100,0.0000,0.0000,2.2600,1.9500,0.0000,0.0000,0.0000,0.0000,0.0000,0.7800,10.1500,0.0000,0.0000,0.0000,6.8600,7.7100,0.0000,0.0000,0.0000,0.0000,0.0000,8.8900,0.0000,0.0000,0.0000,0.0000,0.0000,0.0000,0.0000,0.0000,0.0000,0.0000,0.0000,0.0000,0.0000,0.0000,0.0000,0.0000,0.0000,0.0000,0.0000,0.0000,0.0000,0.0000,0.0000,0.0000,0.0000,1327.4324,-43.09,0.00,12.0640,0.00,1272.2784
4,NDPL,06DSNDPL2022/09/18,0.0000,0.0000,0.0000,0.0000,0.0000,0.0000,0.0000,0.0000,60.1500,0.0000,12.0000,23.1360,0.0000,0.0000,7.3264,0.0000,20.2300,323.9800,34.8100,0.0000,69.6000,0.0000,0.0000,70.8300,0.0000,272.8100,0.0000,0.0000,0.0000,0.0000,0.0000,0.0000,2.8600,0.0000,0.0000,6.1700,13.6900,35.1500,0.0000,51.9200,41.4600,6.4900,12.6200,7.8600,7.2500,43.9000,0.0000,0.0000,0.0000,0.0000,0.0000,18.5300,8.5100,0.0000,0.0000,11.7600,0.0000,0.0000,0.0000,0.0000,8.5800,0.0000,0.0000,0.0000,15.7700,9.6600,4.1800,7.7600,5.7600,10.8700,14.7100,0.0000,0.0000,2.2600,1.9500,0.0000,0.0000,0.0000,0.0000,0.0000,0.7800,10.1500,0.0000,0.0000,0.0000,6.8600,7.7100,0.0000,0.0000,0.0000,0.0000,0.0000,8.7500,0.0000,0.0000,0.0000,0.0000,0.0000,0.0000,0.0000,0.0000,0.0000,0.0000,0.0000,0.0000,0.0000,0.0000,0.0000,0.0000,0.0000,0.0000,0.0000,0.0000,0.0000,0.0000,0.0000,0.0000,0.0000,1278.7924,-23.09,0.00,11.4584,0.00,1244.2440
5,NDPL,06DSNDPL2022/09/18,0.0000,0.0000,0.0000,0.0000,0.0000,0.0000,0.0000,0.0000,60.1500,0.0000,12.0000,23.1360,0.0000,0.0000,7.3264,0.0000,20.8600,323.9800,33.9600,0.0000,69.6000,0.0000,0.0000,70.8300,0.0000,272.8100,0.0000,0.0000,0.0000,0.0000,0.0000,0.0000,2.8600,0.0000,0.0000,6.1700,13.6900,35.1500,0.0000,51.9200,41.4600,6.4900,12.6200,7.8600,7.2500,43.9000,0.0000,0.0000,0.0000,0.0000,0.0000,18.5300,8.5100,0.0000,0.0000,11.7600,0.0000,0.0000,0.0000,0.0000,8.5800,0.0000,0.0000,0.0000,8.5500,6.4000,4.1800,7.7600,5.7600,10.8700,14.7100,0.0000,0.0000,3.8500,1.9500,0.0000,0.0000,0.0000,0.0000,0.0000,0.7800,10.1500,0.0000,0.0000,0.0000,6.6300,7.7100,0.0000,0.0000,0.0000,0.0000,0.0000,8.8000,0.0000,0.0000,0.0000,0.0000,0.0000,0.0000,0.0000,0.0000,0.0000,0.0000,0.0000,0.0000,0.0000,0.0000,0.0000,0.0000,0.0000,0.0000,0.0000,0.0000,0.0000,0.0000,0.0000,0.0000,0.0000,1269.5024,16.94,0.00,11.3207,0.00,1275.1217
6,NDPL,06DSNDPL2022/09/18,0.0000,0.0000,0.0000,0.0000,0.0000,0.0000,0.0000,0.0000,60.1500,0.0000,12.0000,23.1360,0.0000,0.0000,7.3264,0.0000,20.8600,323.9800,33.9600,0.0000,69.6000,0.0000,0.0000,70.8300,0.0000,272.8100,0.0000,0.0000,0.0000,0.0000,0.0000,0.0000,2.8600,0.0000,0.0000,6.1700,13.6900,35.1500,0.0000,51.9200,41.4600,6.4900,12.6200,7.8600,7.2500,43.9000,0.0000,0.0000,0.0000,0.0000,0.0000,18.5300,8.5100,0.0000,0.0000,11.7600,0.0000,0.0000,0.0000,0.0000,8.5800,0.0000,0.0000,0.0000,8.5500,6.4000,0.0000,7.7600,5.7600,10.8700,14.7100,0.0000,0.0000,3.8500,1.9500,0.0000,0.0000,0.0000,0.0000,0.0000,0.7800,10.1500,0.0000,0.0000,0.0000,6.6300,7.7100,0.0000,0.0000,0.0000,0.0000,0.0000,8.8100,0.0000,0.0000,0.0000,0.0000,0.0000,0.0000,0.0000,0.0000,0.0000,0.0000,0.0000,0.0000,0.0000,0.0000,0.0000,0.0000,0.0000,0.0000,0.0000,0.0000,0.0000,0.0000,0.0000,0.0000,0.0000,1265.3324,16.94,0.00,11.2840,0.00,1270.9884
7,NDPL,06DSNDPL2022/09/18,0.0000,0.0000,0.0000,0.0000,0.0000,0.0000,0.0000,0.0000,60.1500,0.0000,12.0000,23.1360,0.0000,0.0000,7.3264,0.0000,20.8600,291.0000,33.9600,0.0000,69.6000,0.0000,0.0000,70.8300,0.0000,272.8100,0.0000,0.0000,0.0000,0.0000,0.0000,0.0000,2.8600,0.0000,0.0000,6.1700,13.6900,35.1500,0.0000,51.9200,41.4600,6.4900,12.6200,7.8600,7.2500,43.9000,0.0000,0.0000,0.0000,0.0000,0.0000,18.5300,8.5100,0.0000,0.0000,11.7600,0.0000,0.0000,0.0000,0.0000,8.5800,0.0000,0.0000,0.0000,8.5500,6.4000,0.0000,7.7600,5.7600,10.8700,14.7100,0.0000,0.0000,3.8500,1.9500,0.0000,0.0000,0.0000,0.0000,0.0000,0.7800,10.1500,0.0000,0.0000,0.0000,6.6300,7.7100,0.0000,0.0000,0.0000,0.0000,0.0000,8.7900,0.0000,0.0000,0.0000,0.0000,0.0000,0.0000,0.0000,0.0000,0.0000,0.0000,0.0000,0.0000,0.0000,0.0000,0.0000,0.0000,0.0000,0.0000,0.0000,0.0000,0.0000,0.0000,0.0000,0.0000,0.0000,1232.3324,16.94,0.00,10.9936,0.00,1238.2788
8,NDPL,06DSNDPL2022/09/18,0.0000,0.0000,0.0000,0.0000,0.0000,0.0000,0.0000,0.0000,60.1500,0.0000,12.0000,23.1360,0.0000,0.0000,7.3264,0.0000,20.8600,291.0000,33.9600,0.0000,69.6000,0.0000,0.0000,70.8300,0.0000,272.8100,0.0000,0.0000,0.0000,0.0000,0.0000,0.0000,2.8600,0.0000,0.0000,6.1700,13.6900,35.1500,0.0000,51.9200,41.4600,6.4900,12.6200,7.8600,7.2500,43.9000,0.0000,0.0000,0.0000,0.0000,0.0000,18.5300,8.5100,0.0000,0.0000,11.7600,0.0000,0.0000,0.0000,0.0000,8.5800,0.0000,0.0000,0.0000,8.5500,6.4000,0.0000,7.7600,5.7600,10.8700,14.7100,0.0000,0.0000,3.8500,1.9500,0.0000,0.0000,0.0000,0.0000,0.0000,0.7800,10.1500,0.0000,0.0000,0.0000,6.6300,7.7100,0.0000,0.0000,0.0000,0.0000,0.0000,8.7400,0.0000,0.0000,0.0000,0.0000,0.0000,0.0000,0.0000,0.0000,0.0000,0.0000,0.0000,0.0000,0.0000,0.0000,0.0000,0.0000,0.0000,0.0000,0.0000,0.0000,0.0000,0.0000,0.0000,0.0000,0.0000,1232.2824,16.94,0.00,10.9932,0.00,1238.2292
9,NDPL,06DSNDPL2022/09/18,0.0000,0.0000,0.0000,0.0000,0.0000,0.0000,0.0000,0.0000,60.1500,0.0000,12.0000,23.1360,0.0000,0.0000,7.3264,0.0000,20.8600,246.3800,33.8100,0.0000,69.6000,0.0000,0.0000,70.8300,0.0000,272.8100,0.0000,0.0000,0.0000,0.0000,0.0000,0.0000,2.8600,0.0000,0.0000,6.1700,13.6900,35.1500,0.0000,51.9200,41.4600,6.4900,13.0100,8.1000,7.2500,43.9000,0.0000,0.0000,0.0000,0.0000,0.0000,18.5300,8.5100,0.0000,0.0000,11.7600,0.0000,0.0000,0.0000,0.0000,8.5800,0.0000,0.0000,0.0000,8.5500,6.4000,0.0000,7.7600,5.7600,10.8700,14.7100,0.0000,0.0000,3.8500,1.9500,0.0000,0.0000,0.0000,0.0000,0.0000,0.7800,9.7500,0.0000,0.0000,0.0000,6.4400,7.3300,0.0000,0.0000,0.0000,0.0000,0.0000,8.7200,0.0000,0.0000,0.0000,0.0000,0.0000,0.0000,0.0000,0.0000,0.0000,0.0000,0.0000,0.0000,0.0000,0.0000,0.0000,0.0000,0.0000,0.0000,0.0000,0.0000,0.0000,0.0000,0.0000,0.0000,0.0000,1187.1524,16.81,0.00,10.5949,0.00,1193.3675
10,NDPL,06DSNDPL2022/09/18,0.0000,0.0000,0.0000,0.0000,0.0000,0.0000,0.0000,0.0000,60.1500,0.0000,12.0000,23.1360,0.0000,0.0000,7.3264,0.0000,20.2300,246.3800,33.8100,0.0000,69.6000,0.0000,0.0000,70.8300,0.0000,272.8100,0.0000,0.0000,0.0000,0.0000,0.0000,0.0000,2.8600,0.0000,0.0000,6.1700,13.6900,35.1500,0.0000,51.9200,41.4600,6.4900,13.0100,8.1000,7.2500,43.9000,0.0000,0.0000,0.0000,0.0000,0.0000,18.5300,8.5100,0.0000,0.0000,11.7600,0.0000,0.0000,0.0000,0.0000,8.5800,0.0000,0.0000,0.0000,8.5500,6.4000,0.0000,7.7600,5.7600,10.8700,14.7100,0.0000,0.0000,3.8500,1.9500,0.0000,0.0000,0.0000,0.0000,0.0000,0.7800,9.7500,0.0000,0.0000,0.0000,6.4400,7.3300,0.0000,0.0000,0.0000,0.0000,0.0000,8.6400,0.0000,0.0000,0.0000,0.0000,0.0000,0.0000,0.0000,0.0000,0.0000,0.0000,0.0000,0.0000,0.0000,0.0000,0.0000,0.0000,0.0000,0.0000,0.0000,0.0000,0.0000,0.0000,0.0000,0.0000,0.0000,1186.4424,16.81,0.00,10.5886,0.00,1192.6638
11,NDPL,06DSNDPL2022/09/18,0.0000,0.0000,0.0000,0.0000,0.0000,0.0000,0.0000,0.0000,60.1500,0.0000,12.0000,23.1360,0.0000,0.0000,7.3264,0.0000,20.8600,246.3800,33.8100,0.0000,69.6000,0.0000,0.0000,70.8300,0.0000,272.8100,0.0000,0.0000,0.0000,0.0000,0.0000,0.0000,2.8600,0.0000,0.0000,6.1700,13.6900,35.1500,0.0000,51.9200,41.4600,6.4900,13.0100,8.1000,8.3700,43.9000,0.0000,0.0000,0.0000,0.0000,0.0000,18.5300,8.5100,0.0000,0.0000,11.7600,0.0000,0.0000,0.0000,0.0000,8.5800,0.0000,0.0000,0.0000,8.5500,6.4000,0.0000,7.7600,5.7600,10.8700,14.7100,0.0000,0.0000,3.8500,1.9500,0.0000,0.0000,0.0000,0.0000,0.0000,0.7800,9.7500,0.0000,0.0000,0.0000,6.4400,7.3300,0.0000,0.0000,0.0000,0.0000,0.0000,8.5400,0.0000,0.0000,0.0000,0.0000,0.0000,0.0000,0.0000,0.0000,0.0000,0.0000,0.0000,0.0000,0.0000,0.0000,0.0000,0.0000,0.0000,0.0000,0.0000,0.0000,0.0000,0.0000,0.0000,0.0000,0.0000,1188.0924,16.81,0.00,10.6031,0.00,1194.2993
12,NDPL,06DSNDPL2022/09/18,0.0000,0.0000,0.0000,0.0000,0.0000,0.0000,0.0000,0.0000,60.1500,0.0000,12.0000,23.1360,0.0000,0.0000,7.3264,0.0000,14.2800,246.3800,33.8100,0.0000,69.6000,0.0000,0.0000,70.8300,0.0000,272.8100,0.0000,0.0000,0.0000,0.0000,0.0000,0.0000,2.8600,0.0000,0.0000,6.1700,13.6900,35.1500,0.0000,51.9200,41.4600,6.4900,13.0100,8.1000,8.3700,43.9000,0.0000,0.0000,0.0000,0.0000,0.0000,18.5300,8.5100,0.0000,0.0000,11.7600,0.0000,0.0000,0.0000,0.0000,8.5800,0.0000,0.0000,0.0000,8.5500,6.4000,0.0000,7.7600,5.7600,10.8700,14.7100,0.0000,0.0000,3.8500,1.9500,0.0000,0.0000,0.0000,0.0000,0.0000,0.7800,9.7500,0.0000,0.0000,0.0000,6.4400,7.3300,0.0000,0.0000,0.0000,0.0000,0.0000,8.2700,0.0000,0.0000,0.0000,0.0000,0.0000,0.0000,0.0000,0.0000,0.0000,0.0000,0.0000,0.0000,0.0000,0.0000,0.0000,0.0000,0.0000,0.0000,0.0000,0.0000,0.0000,0.0000,0.0000,0.0000,0.0000,1181.2424,16.81,0.00,10.5429,0.00,1187.5095
13,NDPL,06DSNDPL2022/09/18,0.0000,0.0000,0.0000,0.0000,0.0000,0.0000,0.0000,0.0000,60.1500,0.0000,12.0000,23.1360,0.0000,0.0000,7.3264,0.0000,14.2800,246.3800,33.8100,0.0000,53.0108,0.0000,0.0000,70.8300,0.0000,272.8100,0.0000,0.0000,0.0000,0.0000,0.0000,0.0000,0.0000,0.0000,0.0000,6.1700,13.6900,35.1500,0.0000,51.9200,41.4600,6.4900,13.0100,8.1000,8.3700,43.9000,0.0000,0.0000,0.0000,0.0000,0.0000,18.5300,8.5100,0.0000,0.0000,11.7600,0.0000,0.0000,0.0000,0.0000,8.5800,0.0000,0.0000,0.0000,8.5500,6.4000,0.0000,3.8900,2.8800,10.8700,14.7100,0.0000,0.0000,3.8500,1.9500,0.0000,0.0000,0.0000,0.0000,0.0000,0.7800,9.7500,0.0000,0.0000,0.0000,6.3000,7.3300,0.0000,0.0000,0.0000,0.0000,0.0000,7.9000,0.0000,0.0000,0.0000,0.0000,0.0000,0.0000,0.0000,0.0000,0.0000,0.0000,0.0000,0.0000,0.0000,0.0000,0.0000,0.0000,0.0000,0.0000,0.0000,0.0000,0.0000,0.0000,0.0000,0.0000,0.0000,1154.5332,16.84,0.00,10.3081,0.00,1161.0651
14,NDPL,06DSNDPL2022/09/18,0.0000,0.0000,0.0000,0.0000,0.0000,0.0000,0.0000,0.0000,60.1500,0.0000,12.0000,23.1360,0.0000,0.0000,7.3264,0.0000,14.2800,246.3800,33.8100,0.0000,53.0108,0.0000,0.0000,70.8300,0.0000,272.8100,0.0000,0.0000,0.0000,0.0000,0.0000,0.0000,0.0000,0.0000,0.0000,6.1700,13.6900,35.1500,0.0000,51.9200,41.4600,2.0000,5.6100,3.4500,1.9400,43.9000,0.0000,0.0000,0.0000,0.0000,0.0000,18.5300,8.5100,0.0000,0.0000,11.7600,0.0000,0.0000,0.0000,0.0000,8.5800,0.0000,0.0000,0.0000,8.5500,6.4000,0.0000,3.8900,2.8800,10.8700,14.7100,0.0000,0.0000,3.8500,1.9500,0.0000,0.0000,0.0000,0.0000,0.0000,0.7800,9.7500,0.0000,0.0000,0.0000,6.3000,7.3300,0.0000,0.0000,0.0000,0.0000,0.0000,7.5200,0.0000,0.0000,0.0000,0.0000,0.0000,0.0000,0.0000,0.0000,0.0000,0.0000,0.0000,0.0000,0.0000,0.0000,0.0000,0.0000,0.0000,0.0000,0.0000,0.0000,0.0000,0.0000,0.0000,0.0000,0.0000,1131.1832,16.84,0.00,10.1026,0.00,1137.9206
15,NDPL,06DSNDPL2022/09/18,0.0000,0.0000,0.0000,0.0000,0.0000,0.0000,0.0000,0.0000,38.8000,0.0000,12.0000,23.1360,0.0000,0.0000,7.3264,0.0000,14.2800,246.3800,33.8100,0.0000,53.0108,0.0000,0.0000,70.8300,0.0000,272.8100,0.0000,0.0000,0.0000,0.0000,0.0000,0.0000,0.0000,0.0000,0.0000,6.1700,13.6900,35.1500,0.0000,51.9200,41.4600,2.0000,5.6100,3.4500,1.9400,43.9000,0.0000,0.0000,0.0000,0.0000,0.0000,18.5300,8.5100,0.0000,0.0000,11.7600,0.0000,0.0000,0.0000,0.0000,8.5800,0.0000,0.0000,0.0000,15.7700,9.6600,0.0000,3.8900,2.8800,10.8700,14.7100,0.0000,0.0000,3.8500,1.9500,0.0000,0.0000,0.0000,0.0000,0.0000,0.7800,9.7500,0.0000,0.0000,0.0000,6.3000,7.3300,0.0000,0.0000,0.0000,0.0000,0.0000,7.1800,0.0000,0.0000,0.0000,0.0000,0.0000,0.0000,0.0000,0.0000,0.0000,0.0000,0.0000,0.0000,0.0000,0.0000,0.0000,0.0000,0.0000,0.0000,0.0000,0.0000,0.0000,0.0000,0.0000,0.0000,0.0000,1119.9732,16.84,0.00,10.0040,0.00,1126.8092
16,NDPL,06DSNDPL2022/09/18,0.0000,0.0000,0.0000,0.0000,0.0000,0.0000,0.0000,0.0000,38.8000,0.0000,12.0000,23.1360,0.0000,0.0000,7.3264,0.0000,14.2800,246.3800,33.8100,0.0000,53.0108,0.0000,0.0000,70.8300,0.0000,272.8100,0.0000,0.0000,0.0000,0.0000,0.0000,0.0000,0.0000,0.0000,0.0000,6.1700,13.6900,35.1500,0.0000,51.9200,41.4600,2.0000,5.6100,3.4500,1.9400,43.9000,0.0000,0.0000,0.0000,0.0000,0.0000,18.5300,8.5100,0.0000,0.0000,11.7600,0.0000,0.0000,0.0000,0.0000,8.5800,0.0000,0.0000,0.0000,15.7700,9.6600,0.0000,3.8900,2.8800,10.8700,14.7100,0.0000,0.0000,3.8500,1.9500,0.0000,0.0000,0.0000,0.0000,0.0000,0.7800,9.7500,0.0000,0.0000,0.0000,6.3000,7.3300,0.0000,0.0000,0.0000,0.0000,0.0000,6.8500,0.0000,0.0000,0.0000,0.0000,0.0000,0.0000,0.0000,0.0000,0.0000,0.0000,0.0000,0.0000,0.0000,0.0000,0.0000,0.0000,0.0000,0.0000,0.0000,0.0000,0.0000,0.0000,0.0000,0.0000,0.0000,1119.6432,16.84,0.00,10.0011,0.00,1126.4821
17,NDPL,06DSNDPL2022/09/18,0.0000,0.0000,0.0000,0.0000,0.0000,0.0000,0.0000,0.0000,38.8000,0.0000,12.0000,23.1360,0.0000,0.0000,7.3264,0.0000,14.2800,246.3800,33.8100,0.0000,53.0108,0.0000,0.0000,70.8300,0.0000,272.8100,0.0000,0.0000,0.0000,0.0000,0.0000,0.0000,0.0000,0.0000,0.0000,1.9400,13.6900,35.1500,0.0000,51.9200,41.4600,2.0000,5.6100,3.4500,1.9400,16.4900,0.0000,0.0000,0.0000,0.0000,0.0000,18.5300,8.5100,0.0000,0.0000,11.7600,0.0000,0.0000,0.0000,0.0000,8.5800,0.0000,0.0000,0.0000,8.5500,6.4000,0.0000,3.8900,2.8800,10.8700,14.7100,0.0000,0.0000,3.4300,1.9500,0.0000,0.0000,0.0000,0.0000,0.0000,0.7800,9.3600,0.0000,0.0000,0.0000,6.1600,6.9500,0.0000,0.0000,0.0000,0.0000,0.0000,6.5500,0.0000,0.0000,0.0000,0.0000,0.0000,0.0000,0.0000,0.0000,0.0000,0.0000,0.0000,0.0000,0.0000,0.0000,0.0000,0.0000,0.0000,0.0000,0.0000,0.0000,0.0000,0.0000,0.0000,0.0000,0.0000,1075.8932,16.72,0.00,9.6150,0.00,1082.9982
18,NDPL,06DSNDPL2022/09/18,0.0000,0.0000,0.0000,0.0000,0.0000,0.0000,0.0000,0.0000,38.8000,0.0000,12.0000,23.1360,0.0000,0.0000,7.3264,0.0000,14.2800,246.3800,33.8100,0.0000,53.0108,0.0000,0.0000,70.8300,0.0000,272.8100,0.0000,0.0000,0.0000,0.0000,0.0000,0.0000,0.0000,0.0000,0.0000,1.9400,13.6900,35.1500,0.0000,51.9200,41.4600,2.0000,5.6100,3.4500,1.9400,16.4900,0.0000,0.0000,0.0000,0.0000,0.0000,18.5300,8.5100,0.0000,0.0000,11.7600,0.0000,0.0000,0.0000,0.0000,8.5800,0.0000,0.0000,0.0000,8.5500,6.4000,0.0000,7.7600,2.8800,10.8700,14.7100,0.0000,0.0000,3.3900,1.9500,0.0000,0.0000,0.0000,0.0000,0.0000,0.7800,9.3600,0.0000,0.0000,0.0000,6.1600,6.9500,0.0000,0.0000,0.0000,0.0000,0.0000,6.3500,0.0000,0.0000,0.0000,0.0000,0.0000,0.0000,0.0000,0.0000,0.0000,0.0000,0.0000,0.0000,0.0000,0.0000,0.0000,0.0000,0.0000,0.0000,0.0000,0.0000,0.0000,0.0000,0.0000,0.0000,0.0000,1079.5232,16.72,0.00,9.6469,0.00,1086.5963
19,NDPL,06DSNDPL2022/09/18,0.0000,0.0000,0.0000,0.0000,0.0000,0.0000,0.0000,0.0000,38.8000,0.0000,12.0000,23.1360,0.0000,0.0000,7.3264,0.0000,14.2800,246.3800,33.8100,0.0000,53.0108,0.0000,0.0000,70.8300,0.0000,272.8100,0.0000,0.0000,0.0000,0.0000,0.0000,0.0000,0.0000,0.0000,0.0000,1.9400,13.6900,35.1500,0.0000,51.9200,41.4600,2.0000,5.6100,3.4500,1.9400,16.4900,0.0000,0.0000,0.0000,0.0000,0.0000,18.5300,8.5100,0.0000,0.0000,11.7600,0.0000,0.0000,0.0000,0.0000,8.5800,0.0000,0.0000,0.0000,8.5500,6.4000,0.0000,7.7600,2.8800,10.8700,14.7100,0.0000,0.0000,3.3900,1.9500,0.0000,0.0000,0.0000,0.0000,0.0000,0.7800,9.3600,0.0000,0.0000,0.0000,6.1600,6.9500,0.0000,0.0000,0.0000,0.0000,0.0000,6.0600,0.0000,0.0000,0.0000,0.0000,0.0000,0.0000,0.0000,0.0000,0.0000,0.0000,0.0000,0.0000,0.0000,0.0000,0.0000,0.0000,0.0000,0.0000,0.0000,0.0000,0.0000,0.0000,0.0000,0.0000,0.0000,1079.2332,16.72,0.00,9.6444,0.00,1086.3088
20,NDPL,06DSNDPL2022/09/18,0.0000,0.0000,0.0000,0.0000,0.0000,0.0000,0.0000,0.0000,38.8000,0.0000,12.0000,23.1360,0.0000,0.0000,7.3264,0.0000,14.2800,246.3800,33.8100,0.0000,53.0108,0.0000,0.0000,70.8300,0.0000,272.8100,0.0000,0.0000,0.0000,0.0000,0.0000,0.0000,0.0000,0.0000,0.0000,1.9400,13.6900,35.1500,0.0000,51.9200,41.4600,2.0000,5.6100,3.4500,1.9400,16.4900,0.0000,0.0000,0.0000,0.0000,0.0000,18.5300,8.5100,0.0000,0.0000,11.7600,0.0000,0.0000,0.0000,0.0000,8.5800,0.0000,0.0000,0.0000,8.5500,6.4000,3.7600,7.7600,5.7600,10.8700,14.7100,0.0000,0.0000,3.3900,1.9500,0.0000,0.0000,0.0000,0.0000,0.0000,0.7800,9.3600,0.0000,0.0000,0.0000,6.1600,6.9500,0.0000,0.0000,0.0000,0.0000,0.0000,5.7600,0.0000,0.0000,0.0000,0.0000,0.0000,0.0000,0.0000,0.0000,0.0000,0.0000,0.0000,0.0000,0.0000,0.0000,0.0000,0.0000,0.0000,0.0000,0.0000,0.0000,0.0000,0.0000,0.0000,0.0000,0.0000,1085.5732,16.72,0.00,9.7002,0.00,1092.5930
21,NDPL,06DSNDPL2022/09/18,0.0000,0.0000,0.0000,0.0000,0.0000,0.0000,0.0000,0.0000,38.8000,0.0000,12.0000,23.1360,0.0000,0.0000,7.3264,0.0000,14.2800,246.3800,33.8100,0.0000,53.0108,0.0000,0.0000,70.8300,0.0000,272.8100,0.0000,0.0000,0.0000,0.0000,0.0000,0.0000,0.0000,0.0000,0.0000,1.9400,13.6900,35.1500,0.0000,51.9200,41.4600,2.0000,4.7600,3.0000,1.9400,16.4900,0.0000,0.0000,0.0000,0.0000,0.0000,18.5300,8.5100,0.0000,0.0000,11.7600,0.0000,0.0000,0.0000,0.0000,8.5800,0.0000,0.0000,0.0000,8.5500,6.4000,3.7600,7.7600,5.7600,10.8700,14.7100,0.9500,0.0000,3.3900,1.9500,0.0000,0.0000,0.0000,0.0000,0.0000,0.7800,9.3600,0.0000,0.0000,0.0000,5.9700,6.9500,0.0000,0.0000,0.0000,0.0000,0.0000,5.3600,0.0000,0.0000,0.0000,0.0000,0.0000,0.0000,0.0000,0.0000,0.0000,0.0000,0.0000,0.0000,0.0000,0.0000,0.0000,0.0000,0.0000,0.0000,0.0000,0.0000,0.0000,0.0000,0.0000,0.0000,0.0000,1084.6332,16.62,0.00,9.6910,0.00,1091.5622
22,NDPL,06DSNDPL2022/09/18,0.0000,0.0000,0.0000,0.0000,0.0000,0.0000,0.0000,0.0000,38.8000,0.0000,12.0000,23.1360,0.0000,0.0000,7.3264,0.0000,14.2800,246.3800,33.8100,0.0000,53.0108,0.0000,0.0000,70.8300,0.0000,272.8100,0.0000,0.0000,0.0000,0.0000,0.0000,0.0000,0.0000,0.0000,0.0000,1.9400,13.6900,35.1500,0.0000,51.9200,41.4600,2.0000,4.7600,3.0000,1.9400,16.4900,0.0000,0.0000,0.0000,0.0000,0.0000,18.5300,8.5100,0.0000,0.0000,11.7600,0.0000,0.0000,0.0000,0.0000,8.5800,0.0000,0.0000,0.0000,8.5500,6.4000,8.1400,7.7600,5.7600,10.8700,14.7100,0.9500,0.0000,3.3900,1.9500,0.0000,0.0000,0.0000,0.0000,0.0000,0.7800,9.3600,0.0000,0.0000,0.0000,5.9700,6.9500,0.0000,0.0000,0.0000,0.0000,0.0000,4.7500,0.0000,0.0000,0.0000,0.0000,0.0000,0.0000,0.0000,0.0000,0.0000,0.0000,0.0000,0.0000,0.0000,0.0000,0.0000,0.0000,0.0000,0.0000,0.0000,0.0000,0.0000,0.0000,0.0000,0.0000,0.0000,1088.4032,16.62,0.00,9.7242,0.00,1095.2990
23,NDPL,06DSNDPL2022/09/18,0.0000,0.0000,0.0000,0.0000,0.0000,0.0000,0.0000,0.0000,38.8000,0.0000,12.0000,23.1360,0.0000,0.0000,7.3264,0.0000,14.2800,246.3800,39.0600,0.0000,53.0108,0.0000,0.0000,70.8300,0.0000,272.8100,0.0000,0.0000,0.0000,0.0000,0.0000,0.0000,0.0000,0.0000,0.0000,1.9400,13.6900,35.1500,0.0000,51.9200,41.4600,2.0000,4.7600,3.0000,1.5700,16.4900,0.0000,0.0000,0.0000,0.0000,0.0000,18.5300,8.5100,0.0000,0.0000,11.7600,0.0000,0.0000,0.0000,0.0000,8.5800,0.0000,0.0000,0.0000,8.5500,6.4000,8.1900,7.7600,5.7600,10.8700,14.7100,1.1300,0.0000,3.3900,1.9500,0.0000,0.0000,0.0000,0.0000,0.0000,0.7800,9.3600,0.0000,0.0000,0.0000,5.9700,6.9500,0.0000,0.0000,0.0000,0.0000,0.0000,4.2400,0.0000,0.0000,0.0000,0.0000,0.0000,0.0000,0.0000,0.0000,0.0000,0.0000,0.0000,0.0000,0.0000,0.0000,0.0000,0.0000,0.0000,0.0000,0.0000,0.0000,0.0000,0.0000,0.0000,0.0000,0.0000,1093.0032,16.62,0.00,9.7647,0.00,1099.8585
24,NDPL,06DSNDPL2022/09/18,0.0000,0.0000,0.0000,0.0000,0.0000,0.0000,0.0000,0.0000,38.8000,0.0000,12.0000,23.1360,0.0000,0.0000,7.3264,0.0000,14.2800,246.3800,41.7700,0.0000,53.0108,0.0000,0.0000,70.8300,0.0000,272.8100,0.0000,0.0000,0.0000,0.0000,0.0000,0.0000,0.0000,0.0000,0.0000,1.9400,13.6900,35.1500,0.0000,51.9200,41.4600,2.0000,4.7600,3.0000,1.5700,16.4900,0.0000,0.0000,0.0000,0.0000,0.0000,18.5300,8.5100,0.0000,0.0000,11.7600,0.0000,0.0000,0.0000,0.0000,8.5800,0.0000,0.0000,0.0000,8.5500,6.4000,8.2600,7.7600,5.7600,10.8700,14.7100,2.2700,0.0000,3.3900,1.9500,0.0000,0.0000,0.0000,0.0000,0.0000,0.7800,9.3600,0.0000,0.0000,0.0000,5.9700,6.9500,0.0000,0.0000,0.0000,0.0000,0.0000,3.8500,0.0000,0.0000,0.0000,0.0000,0.0000,0.0000,0.0000,0.0000,0.0000,0.0000,0.0000,0.0000,0.0000,0.0000,0.0000,0.0000,0.0000,0.0000,0.0000,0.0000,0.0000,0.0000,0.0000,0.0000,0.0000,1096.5332,-0.38,0.00,9.6529,0.00,1086.5003
25,NDPL,06DSNDPL2022/09/18,0.0000,0.0000,0.0000,0.0000,0.0000,0.0000,0.0000,0.0000,60.1500,0.0000,12.0000,23.1360,0.0000,0.0000,7.3264,0.0000,20.2400,246.3800,41.7700,0.0000,69.6000,0.0000,0.0000,70.8300,0.0000,272.8100,0.0900,0.0000,0.0000,0.0000,0.0000,0.0000,2.8600,0.0000,0.0000,6.1700,13.6900,35.1500,0.0000,51.9200,41.4600,6.4800,12.6200,7.8600,7.4000,41.4600,0.0000,0.0000,0.0000,0.0000,0.0000,18.5300,8.5100,0.0000,0.0000,11.7600,0.0000,0.0000,0.0000,0.0000,8.5800,0.0000,0.0000,0.0000,8.5500,6.4000,8.2600,7.7600,5.7600,10.8700,14.7100,3.4100,0.0000,3.3900,1.9500,0.0000,0.0000,0.0000,0.0000,0.0000,0.7800,9.1300,0.0000,5.2628,0.4000,5.8300,6.5600,0.0000,0.0000,0.0000,0.0000,0.0000,3.5200,0.0000,0.0000,0.0000,0.0000,0.0000,0.0000,0.0000,0.0000,0.0000,0.0000,0.0000,0.0000,0.0000,0.0000,0.0000,0.0000,0.0000,0.0000,0.0000,0.0000,0.0000,0.0000,0.0000,0.0000,0.0000,1201.3252,-95.48,0.00,11.3722,0.00,1094.4730
26,NDPL,06DSNDPL2022/09/18,0.0000,0.0000,0.0000,0.0000,0.0000,0.0000,0.0000,0.0000,60.1500,0.0000,12.0000,23.1360,0.0000,0.0000,7.3264,0.0000,20.2400,246.3800,41.7700,0.0000,69.6000,0.0000,0.0000,70.8300,0.0000,272.8100,0.3600,0.0000,0.0000,0.0000,0.0000,0.0000,2.8600,0.0000,0.0000,6.1700,13.6900,35.1500,0.0000,51.9200,41.4600,6.4800,12.6200,7.8600,7.4000,43.9000,0.0000,0.0000,0.0000,0.0000,0.0000,18.5300,8.5100,0.0000,0.0000,11.7600,0.0000,0.0000,0.0000,0.0000,8.5800,0.0000,0.0000,0.0000,8.5500,6.4000,8.2600,7.7600,5.7600,10.8700,14.7100,14.5500,0.0000,3.3900,1.9500,0.0000,0.0000,0.0000,0.0000,0.0000,0.7800,9.1300,0.0000,9.3498,4.3400,5.8300,6.5600,0.0000,0.0000,0.0000,0.0000,0.0000,3.4000,0.0000,0.0000,0.0000,0.0000,0.0000,1.4900,0.0000,0.0000,0.0000,0.0000,0.0000,0.0000,0.0000,0.0000,0.0000,0.0000,0.0000,0.0000,0.0000,0.0000,0.0000,0.0000,0.0000,0.0000,0.0000,1224.5722,-103.48,0.00,11.6095,0.00,1109.4827
27,NDPL,06DSNDPL2022/09/18,0.0000,0.0000,0.0000,0.0000,0.0000,0.0000,0.0000,0.0000,38.8000,0.0000,12.0000,23.1360,0.0000,0.0000,7.3264,0.0000,14.2800,246.3800,41.3300,0.0000,53.0108,0.0000,0.0000,70.8300,0.0000,272.8100,0.8100,0.0000,0.0000,0.0000,0.0000,0.0000,0.0000,0.0000,0.0000,1.9400,13.6900,35.1500,0.0000,51.9200,41.4600,1.9400,4.0000,3.0000,1.5700,16.4900,0.0000,0.0000,0.0000,0.0000,0.0000,18.5300,8.5100,0.0000,0.0000,11.7600,0.0000,0.0000,0.0000,0.0000,8.5800,0.0000,0.0000,0.0000,15.7700,6.4000,8.2600,7.7600,5.7600,10.8700,14.7100,14.5500,0.0000,3.3900,1.9500,0.0000,0.0000,0.0000,0.0000,0.0000,0.7800,9.1300,0.0000,11.7000,10.3400,5.8300,6.5600,0.0000,0.0000,0.0000,0.0000,0.0000,3.3900,0.0000,0.0000,0.0000,0.0000,0.0000,0.3300,0.0000,0.0000,0.0000,0.0000,0.0000,0.0000,0.0000,0.0000,0.0000,0.0000,0.0000,0.0000,0.0000,0.0000,0.0000,0.0000,0.0000,0.0000,0.0000,1136.7332,-1.48,0.00,9.9063,0.00,1125.3469
28,NDPL,06DSNDPL2022/09/18,0.0000,0.0000,0.0000,0.0000,0.0000,0.0000,0.0000,0.0000,38.8000,0.0000,12.0000,23.1360,0.0000,0.0000,7.3264,0.0000,14.2800,246.3800,41.3300,0.0000,53.0108,0.0000,0.0000,70.8300,0.0000,272.8100,1.2600,0.0000,0.0000,0.0000,0.0000,0.0000,0.0000,0.0000,0.0000,1.9400,13.6900,35.1500,0.0000,51.9200,41.4600,1.9400,4.0000,3.0000,1.5700,16.4900,0.0000,0.0000,0.0000,0.0000,0.0000,18.5300,8.5100,0.0000,0.0000,11.7600,0.0000,0.0000,0.0000,0.0000,8.5800,0.0000,0.0000,0.0000,15.7700,6.4000,8.2600,7.7600,5.7600,10.8700,14.7100,14.5500,0.0000,3.3900,1.9500,0.0000,0.0000,0.0000,0.0000,0.0000,0.7800,9.1300,0.0000,11.7000,16.9100,5.8300,6.5600,0.0000,0.0000,0.0000,0.0000,0.0000,3.2300,0.0000,0.0000,0.0000,0.0000,0.0000,0.9800,0.0000,0.0000,0.0000,0.0000,0.0000,0.0000,0.0000,0.0000,0.0000,0.0000,0.0000,0.0000,0.0000,0.0000,0.0000,0.0000,0.0000,0.0000,0.0000,1144.2432,-15.48,0.00,10.0927,0.00,1118.6705
29,NDPL,06DSNDPL2022/09/18,0.0000,0.0000,0.0000,0.0000,0.0000,0.0000,0.0000,0.0000,38.8000,0.0000,12.0000,23.1360,0.0000,0.0000,7.3264,0.0000,14.2800,246.3800,41.3300,0.0000,53.0108,0.0000,0.0000,70.8300,0.0000,232.8000,1.8300,0.0000,0.0000,0.0000,0.0000,0.0000,0.0000,0.0000,0.0000,1.9400,13.6900,35.1500,0.0000,51.9200,41.4600,2.0000,4.7600,3.0000,1.5700,16.4900,0.0000,0.0000,0.0000,0.0000,0.0000,18.5300,8.5100,0.0000,0.0000,11.7600,0.0000,0.0000,0.0000,0.0000,8.5800,0.0000,0.0000,0.0000,8.5500,6.4000,8.2600,7.7600,5.7600,10.8700,14.7100,14.5500,0.0000,3.3900,1.9500,0.0000,0.0000,0.0000,0.0000,0.0000,0.7800,8.9700,0.0000,11.7000,24.5000,5.8300,6.5600,0.0000,0.0000,0.0000,0.0000,0.0000,3.8800,0.0000,0.0000,0.0000,0.0000,0.0000,3.9600,0.0000,0.0000,0.0000,0.0000,0.0000,0.0000,0.0000,0.0000,0.0000,0.0000,0.0000,0.0000,0.0000,0.0000,0.0000,0.0000,0.0000,0.0000,0.0000,1109.4632,16.43,0.00,9.7888,0.00,1116.1044
30,NDPL,06DSNDPL2022/09/18,0.0000,0.0000,0.0000,0.0000,0.0000,0.0000,0.0000,0.0000,38.8000,0.0000,12.0000,23.1360,0.0000,0.0000,7.3264,0.0000,14.2800,246.3800,41.3300,0.0000,53.0108,0.0000,0.0000,70.8300,0.0000,194.0000,2.4300,0.0000,0.0000,0.0000,0.0000,0.0000,0.0000,0.0000,0.0000,1.9400,13.6900,35.1500,0.0000,51.9200,41.4600,2.0000,4.7600,3.0000,1.5700,16.4900,0.0000,0.0000,0.0000,0.0000,0.0000,18.5300,8.5100,0.0000,0.0000,11.7600,0.0000,0.0000,0.0000,0.0000,8.5800,0.0000,0.0000,0.0000,8.5500,6.4000,8.2600,7.7600,5.7600,10.8700,14.7100,14.5500,0.0000,3.3900,1.9500,0.0000,0.0000,0.0000,0.0000,0.0000,0.7800,8.9700,0.0000,11.7000,33.5100,5.8300,6.5600,0.0000,0.0000,0.0000,0.0000,0.0000,4.2900,0.0000,0.0000,0.0000,0.0000,0.0000,9.0300,0.0000,0.0000,0.0000,0.0000,0.0000,0.0000,0.0000,0.0000,0.0000,0.0000,0.0000,0.0000,0.0000,0.0000,0.0000,0.0000,0.0000,0.0000,0.0000,1085.7532,16.43,0.00,9.5749,0.00,1092.6083
31,NDPL,06DSNDPL2022/09/18,0.0000,0.0000,0.0000,0.0000,0.0000,0.0000,0.0000,0.0000,38.8000,0.0000,12.0000,23.1360,0.0000,0.0000,7.3264,0.0000,14.2800,246.3800,41.3300,0.0000,53.0108,0.0000,0.0000,70.8300,0.0000,194.0000,3.0900,0.0000,0.0000,0.0000,0.0000,0.0000,0.0000,0.0000,0.0000,1.9400,13.6900,35.1500,0.0000,51.9200,41.4600,2.0000,4.7600,3.0000,1.5700,16.4900,0.0000,0.0000,0.0000,0.0000,0.0000,18.5300,8.5100,0.0000,0.0000,11.7600,0.0000,0.0000,0.0000,0.0000,8.5800,0.0000,0.0000,0.0000,8.5500,6.4000,4.1600,7.7600,5.7600,10.8700,14.7100,14.4000,0.0000,3.4300,1.9500,0.0000,0.0000,0.0000,0.0000,0.0000,0.7800,8.9700,0.0000,11.7000,43.4000,5.8300,6.5600,0.0000,0.0000,0.0000,0.0000,0.0000,4.8400,0.0000,0.0000,0.0000,0.0000,0.0000,13.7500,0.0000,0.0000,0.0000,0.0000,0.0000,0.0000,0.0000,0.0000,0.0000,0.0000,0.0000,0.0000,0.0000,0.0000,0.0000,0.0000,0.0000,0.0000,0.0000,1097.3632,0.43,0.00,9.5304,0.00,1088.2628
32,NDPL,06DSNDPL2022/09/18,0.0000,0.0000,0.0000,0.0000,0.0000,0.0000,0.0000,0.0000,38.8000,0.0000,12.0000,23.1360,0.0000,0.0000,7.3264,0.0000,14.2800,246.3800,41.3300,0.0000,53.0108,0.0000,0.0000,70.8300,0.0000,194.0000,3.8400,0.0000,0.0000,0.0000,0.0000,0.0000,0.0000,0.0000,0.0000,1.9400,13.6900,35.1500,0.0000,51.9200,41.4600,2.0000,4.7600,3.0000,1.9400,16.4900,0.0000,0.0000,0.0000,0.0000,0.0000,18.5300,8.5100,0.0000,0.0000,11.7600,0.0000,0.0000,0.0000,0.0000,8.5800,0.0000,0.0000,0.0000,8.5500,9.6600,2.1200,7.7600,5.7600,10.8700,14.7100,4.1200,0.0000,3.4300,1.9500,0.0000,0.0000,0.0000,0.0000,0.0000,0.7800,8.9700,0.0000,11.6998,53.3400,5.8300,6.5600,0.0000,0.0000,0.0000,0.0000,0.0000,5.5000,0.0000,0.0000,0.0000,0.0000,0.0000,22.7600,0.0000,0.0000,0.0000,0.0000,0.0000,0.0000,0.0000,0.0000,0.0000,0.0000,0.0000,0.0000,0.0000,0.0000,0.0000,0.0000,0.0000,0.0000,0.0000,1109.0330,16.43,0.00,9.7673,0.00,1115.6957
33,NDPL,06DSNDPL2022/09/18,0.0000,0.0000,0.0000,0.0000,0.0000,0.0000,0.0000,0.0000,38.8000,0.0000,12.0000,23.1360,0.0000,0.0000,7.3264,0.0000,14.2800,246.3800,40.4900,0.0000,53.0108,0.0000,0.0000,70.8300,0.0000,194.0000,4.8000,0.0000,0.0000,0.0000,0.0000,0.0000,0.0000,0.0000,0.0000,1.9400,13.6900,35.1500,0.0000,51.9200,41.4600,2.0000,4.7600,3.0000,1.9400,16.4900,0.0000,0.0000,0.0000,0.0000,0.0000,18.5300,8.5100,0.0000,0.0000,11.7600,0.0000,0.0000,0.0000,0.0000,8.5800,0.0000,0.0000,0.0000,8.5500,9.6600,0.0000,3.8900,5.7600,10.8700,14.7100,4.1200,0.0000,3.3900,1.9500,0.0000,0.0000,0.0000,0.0000,0.0000,0.7800,8.7400,0.0000,17.7001,62.7500,5.6900,6.5600,0.0000,0.0000,0.0000,0.0000,0.0000,5.7900,0.0000,0.0000,0.0000,0.0000,0.0000,32.8000,0.0000,0.0000,0.0000,0.0000,0.0000,0.0000,0.0000,0.0000,0.0000,0.0000,0.0000,0.0000,0.0000,0.0000,0.0000,0.0000,0.0000,0.0000,0.0000,1128.4933,16.40,0.00,9.8771,0.00,1135.0162
34,NDPL,06DSNDPL2022/09/18,0.0000,0.0000,0.0000,0.0000,0.0000,0.0000,0.0000,0.0000,38.8000,0.0000,12.0000,23.1360,0.0000,0.0000,7.3264,0.0000,14.2800,246.3800,34.8100,0.0000,53.0108,0.0000,0.0000,70.8300,0.0000,155.2000,6.0200,0.0000,0.0000,0.0000,0.0000,0.0000,0.0000,0.0000,0.0000,1.9400,13.6900,35.1500,0.0000,51.9200,41.4600,2.0000,4.7600,3.0000,1.9400,16.4900,0.0000,0.0000,0.0000,0.0000,0.0000,14.0100,8.5100,0.0000,0.0000,11.7600,0.0000,0.0000,0.0000,0.0000,8.5800,0.0000,0.0000,0.0000,8.5500,9.6600,0.0000,3.8900,5.7600,10.8700,14.7100,4.1200,0.0000,3.3900,1.9500,0.0000,0.0000,0.0000,0.0000,0.0000,0.7800,8.7400,0.0000,17.7001,71.6300,5.6900,6.5600,0.0000,0.0000,0.0000,0.0000,0.0000,5.4400,0.0000,0.0000,0.0000,0.0000,0.0000,44.1800,0.0000,0.0000,0.0000,0.0000,0.0000,0.0000,0.0000,0.0000,0.0000,0.0000,0.0000,0.0000,0.0000,0.0000,0.0000,0.0000,0.0000,0.0000,0.0000,1100.6233,16.40,0.00,9.6211,0.00,1107.4022
35,NDPL,06DSNDPL2022/09/18,0.0000,0.0000,0.0000,0.0000,0.0000,0.0000,0.0000,0.0000,38.8000,0.0000,12.0000,23.1360,0.0000,0.0000,7.3264,0.0000,14.2800,246.3800,34.8100,0.0000,53.0108,0.0000,0.0000,70.8300,0.0000,150.0400,6.8300,0.0000,0.0000,0.0000,0.0000,0.0000,0.0000,0.0000,0.0000,1.9400,13.6900,35.1500,0.0000,51.9200,41.4600,2.0000,4.7600,3.0000,1.9400,16.4900,0.0000,0.0000,0.0000,0.0000,0.0000,13.8900,8.5100,0.0000,0.0000,11.7600,0.0000,0.0000,0.0000,0.0000,8.5800,0.0000,0.0000,0.0000,9.8600,6.4000,0.0000,3.8900,5.7600,10.8700,14.7100,4.1200,0.0000,3.3900,1.9500,0.0000,0.0000,0.0000,0.0000,0.0000,0.7800,8.7400,0.0000,17.7001,80.6800,5.6900,6.5600,0.0000,0.0000,0.0000,0.0000,0.0000,5.3200,0.0000,0.0000,0.0000,0.0000,0.0000,56.0000,0.0000,0.0000,0.0000,0.0000,0.0000,0.0000,0.0000,0.0000,0.0000,0.0000,0.0000,0.0000,0.0000,0.0000,0.0000,0.0000,0.0000,0.0000,0.0000,1114.9533,16.40,0.00,9.7400,0.00,1121.6133
36,NDPL,06DSNDPL2022/09/18,0.0000,0.0000,0.0000,0.0000,0.0000,0.0000,0.0000,0.0000,38.8000,0.0000,12.0000,23.1360,0.0000,0.0000,7.3264,0.0000,14.2800,246.3800,34.8100,0.0000,53.0108,0.0000,0.0000,70.8300,0.0000,150.0400,7.6300,0.0000,0.0000,0.0000,0.0000,0.0000,0.0000,0.0000,0.0000,1.9400,13.6900,35.1500,0.0000,51.9200,41.4600,2.0000,4.7600,3.0000,1.9400,16.4900,0.0000,0.0000,0.0000,0.0000,0.0000,13.8900,8.5100,0.0000,0.0000,11.7600,0.0000,0.0000,0.0000,0.0000,8.5800,0.0000,0.0000,0.0000,9.8600,6.4000,0.0000,3.8900,5.7600,10.8700,14.7100,4.1200,0.0000,3.3900,1.9500,0.0000,0.0000,0.0000,0.0000,0.0000,0.7800,8.7400,0.0000,17.7001,89.4900,5.6900,6.5600,0.0000,0.0000,0.0000,0.0000,0.0000,5.6400,0.0000,0.0000,0.0000,0.0000,0.0000,66.0000,0.0000,0.0000,0.0000,0.0000,0.0000,0.0000,0.0000,0.0000,0.0000,0.0000,0.0000,0.0000,0.0000,0.0000,0.0000,0.0000,0.0000,0.0000,0.0000,1134.8833,16.40,0.00,9.9084,0.00,1141.3749
37,NDPL,06DSNDPL2022/09/18,0.0000,0.0000,0.0000,0.0000,0.0000,0.0000,0.0000,0.0000,38.8000,0.0000,12.0000,23.1360,0.0000,0.0000,7.3264,0.0000,14.2800,246.3800,34.8100,0.0000,53.0108,0.0000,0.0000,70.8300,0.0000,150.0400,8.4200,0.0000,0.0000,0.0000,0.0000,0.0000,0.0000,0.0000,0.0000,1.9400,13.6900,35.1500,0.0000,51.9200,41.4600,2.0000,4.7600,3.0000,1.9400,16.4900,0.0000,0.0000,0.0000,0.0000,0.0000,13.8900,8.5100,0.0000,0.0000,11.7600,0.0000,0.0000,0.0000,0.0000,8.5800,0.0000,0.0000,0.0000,9.8600,6.4000,0.0000,3.8900,2.8800,10.8700,14.7100,4.1200,0.0000,3.3900,1.9500,0.0000,0.0000,0.0000,0.0000,0.0000,0.7800,8.5800,0.0000,17.6994,97.3800,5.6900,6.5600,0.0000,0.0000,0.0000,0.0000,0.0000,5.4900,0.0000,0.0000,0.0000,0.0000,0.0000,76.0000,0.0000,0.0000,0.0000,0.0000,0.0000,0.0000,0.0000,0.0000,0.0000,0.0000,0.0000,0.0000,0.0000,0.0000,0.0000,0.0000,0.0000,0.0000,0.0000,1150.3726,16.30,0.00,10.0369,0.00,1156.6357
38,NDPL,06DSNDPL2022/09/18,0.0000,0.0000,0.0000,0.0000,0.0000,0.0000,0.0000,0.0000,38.8000,0.0000,12.0000,23.1360,0.0000,0.0000,7.3264,0.0000,14.2800,246.3800,34.8100,0.0000,53.0108,0.0000,0.0000,70.8300,0.0000,188.8400,9.7000,0.0000,0.0000,0.0000,0.0000,0.0000,0.0000,0.0000,0.0000,1.9400,13.6900,35.1500,0.0000,51.9200,41.4600,2.0000,4.7600,3.0000,1.9400,16.4900,0.0000,0.0000,0.0000,0.0000,0.0000,13.8900,8.5100,0.0000,0.0000,11.7600,0.0000,0.0000,0.0000,0.0000,8.5800,0.0000,0.0000,0.0000,9.8600,6.4000,0.0000,3.8900,2.8800,10.8700,14.7100,4.1200,0.0000,3.3900,1.9500,0.0000,0.0000,0.0000,0.0000,0.0000,0.7800,8.5800,0.0000,17.6994,104.2600,5.6900,6.5600,0.0000,0.0000,0.0000,0.0000,0.0000,5.3500,0.0000,0.0000,0.0000,0.0000,0.0000,81.3400,0.0000,0.0000,0.0000,0.0000,0.0000,0.0000,0.0000,0.0000,0.0000,0.0000,0.0000,0.0000,0.0000,0.0000,0.0000,0.0000,0.0000,0.0000,0.0000,1202.5326,16.30,0.00,10.4846,0.00,1208.3480
39,NDPL,06DSNDPL2022/09/18,0.0000,0.0000,0.0000,0.0000,0.0000,0.0000,0.0000,0.0000,38.8000,0.0000,12.0000,23.1360,0.0000,0.0000,7.3264,0.0000,14.2800,246.3800,34.8100,0.0000,53.0108,0.0000,0.0000,70.8300,0.0000,227.6400,10.3800,0.0000,0.0000,0.0000,0.0000,0.0000,0.0000,0.0000,0.0000,1.9400,13.6900,35.1500,0.0000,51.9200,41.4600,2.0000,4.7600,3.0000,1.9400,16.4900,0.0000,0.0000,0.0000,0.0000,0.0000,13.8900,8.5100,0.0000,0.0000,11.7600,0.0000,0.0000,0.0000,0.0000,8.5800,0.0000,0.0000,0.0000,9.8600,6.4000,0.0000,3.8900,2.8800,10.8700,14.7100,0.9400,0.0000,3.3900,1.9500,0.0000,0.0000,0.0000,0.0000,0.0000,0.7800,8.5800,0.0000,17.6994,110.2300,5.6900,6.5600,0.0000,0.0000,0.0000,0.0000,0.0000,5.2100,0.0000,0.0000,0.0000,0.0000,0.0000,87.3400,0.0000,0.0000,0.0000,0.0000,0.0000,0.0000,0.0000,0.0000,0.0000,0.0000,0.0000,0.0000,0.0000,0.0000,0.0000,0.0000,0.0000,0.0000,0.0000,1250.6626,16.30,0.00,10.9022,0.00,1256.0604
40,NDPL,06DSNDPL2022/09/18,0.0000,0.0000,0.0000,0.0000,0.0000,0.0000,0.0000,0.0000,38.8000,0.0000,12.0000,23.1360,0.0000,0.0000,7.3264,0.0000,14.2800,246.3800,34.8100,0.0000,53.0108,0.0000,0.0000,70.8300,0.0000,266.4400,11.0000,0.0000,0.0000,0.0000,0.0000,0.0000,0.0000,0.0000,0.0000,1.9400,13.6900,35.1500,0.0000,51.9200,41.4600,2.0000,4.7600,3.0000,1.9400,16.4900,0.0000,0.0000,0.0000,0.0000,0.0000,13.8900,8.5100,0.0000,0.0000,11.7600,0.0000,0.0000,0.0000,0.0000,8.5800,0.0000,0.0000,0.0000,9.8600,6.4000,0.0000,3.8900,2.8800,10.8700,14.7100,0.9400,0.0000,3.3900,1.9500,0.0000,0.0000,0.0000,0.0000,0.0000,0.7800,8.5800,0.0000,17.6994,115.0800,5.6900,6.5600,0.0000,0.0000,0.0000,0.0000,0.0000,4.9900,0.0000,0.0000,0.0000,0.0000,0.0000,92.6700,0.0000,0.0000,0.0000,0.0000,0.0000,0.0000,0.0000,0.0000,0.0000,0.0000,0.0000,0.0000,0.0000,0.0000,0.0000,0.0000,0.0000,0.0000,0.0000,1300.0426,16.30,0.00,11.3313,0.00,1305.0113
41,NDPL,06DSNDPL2022/09/18,0.0000,0.0000,0.0000,0.0000,0.0000,0.0000,0.0000,0.0000,38.8000,0.0000,12.0000,23.1360,0.0000,0.0000,7.3264,0.0000,14.2800,246.3800,34.8100,0.0000,53.0108,0.0000,0.0000,70.8300,0.0000,272.8100,11.6300,0.0000,0.0000,0.0000,0.0000,0.0000,0.0000,0.0000,0.0000,6.1700,13.6900,35.1500,0.0000,51.9200,41.4600,6.4900,13.0100,8.1000,8.3700,43.9000,0.0000,0.0000,0.0000,0.0000,0.0000,9.2600,8.5100,0.0000,0.0000,11.7600,0.0000,0.0000,0.0000,0.0000,8.5800,0.0000,0.0000,0.0000,9.8600,6.4000,0.0000,3.8900,2.8800,10.7600,14.7100,0.9400,0.0000,3.3900,1.9500,0.0000,0.0000,0.0000,0.0000,0.0000,0.7800,8.5800,0.0000,17.6994,118.7600,5.5000,6.5600,0.0000,0.0000,0.0000,0.0000,0.0000,7.3200,0.0000,0.0000,0.0000,0.0000,0.0000,90.6700,0.0000,0.0000,0.0000,0.0000,0.0000,0.0000,0.0000,0.0000,0.0000,0.0000,0.0000,0.0000,0.0000,0.0000,0.0000,0.0000,0.0000,0.0000,0.0000,1362.0326,16.25,0.00,11.8708,0.00,1366.4118
42,NDPL,06DSNDPL2022/09/18,0.0000,0.0000,0.0000,0.0000,0.0000,0.0000,0.0000,0.0000,38.8000,0.0000,12.0000,23.1360,0.0000,0.0000,7.3264,0.0000,14.2800,246.3800,34.8100,0.0000,53.0108,0.0000,0.0000,70.8300,0.0000,272.8100,12.2200,0.0000,0.0000,0.0000,0.0000,0.0000,0.0000,0.0000,0.0000,6.1700,13.6900,35.1500,0.0000,51.9200,41.4600,6.4900,13.0100,8.1000,8.3700,43.9000,0.0000,0.0000,0.0000,0.0000,0.0000,9.2600,8.5100,0.0000,0.0000,11.7600,0.0000,0.0000,0.0000,0.0000,8.5800,0.0000,0.0000,0.0000,15.7700,6.4000,0.0000,3.8900,5.7600,10.7600,14.7100,0.9400,0.0000,3.3900,1.9500,0.0000,0.0000,0.0000,0.0000,0.0000,0.7800,8.5800,0.0000,17.6994,121.9900,5.5000,6.5600,0.0000,0.0000,0.0000,0.0000,0.0000,7.4700,0.0000,0.0000,0.0000,0.0000,0.0000,80.6700,0.0000,0.0000,0.0000,0.0000,0.0000,0.0000,0.0000,0.0000,0.0000,0.0000,0.0000,0.0000,0.0000,0.0000,0.0000,0.0000,0.0000,0.0000,0.0000,1364.7926,16.25,0.00,11.8899,0.00,1369.1527
43,NDPL,06DSNDPL2022/09/18,0.0000,0.0000,0.0000,0.0000,0.0000,0.0000,0.0000,0.0000,60.1500,0.0000,12.0000,23.1360,0.0000,0.0000,7.3264,0.0000,20.8600,246.3800,34.8100,0.0000,69.6000,0.0000,0.0000,70.8300,0.0000,272.8100,12.6000,0.0000,0.0000,0.0000,0.0000,0.0000,2.8600,0.0000,0.0000,6.1700,13.6900,35.1500,0.0000,51.9200,41.4600,6.4900,13.0100,8.1000,8.3700,43.9000,0.0000,0.0000,0.0000,0.0000,0.0000,9.2600,8.5100,0.0000,0.0000,11.7600,0.0000,0.0000,0.0000,0.0000,8.5800,0.0000,0.0000,0.0000,15.7700,6.4000,0.0000,3.8900,5.7600,10.7600,14.7100,0.9400,0.0000,3.3900,1.9500,0.0000,0.0000,0.0000,0.0000,0.0000,0.7800,8.5800,0.0000,17.6994,124.7500,5.5000,6.5600,0.0000,0.0000,0.0000,0.0000,0.0000,7.2600,0.0000,0.0000,0.0000,0.0000,0.0000,82.6700,0.0000,0.0000,0.0000,0.0000,0.0000,0.0000,0.0000,0.0000,0.0000,0.0000,0.0000,0.0000,0.0000,0.0000,0.0000,0.0000,0.0000,0.0000,0.0000,1417.1018,16.25,0.00,12.3469,0.00,1421.0049
44,NDPL,06DSNDPL2022/09/18,0.0000,0.0000,0.0000,0.0000,0.0000,0.0000,0.0000,0.0000,60.1500,0.0000,12.0000,23.1360,0.0000,0.0000,7.3264,0.0000,20.8600,246.3800,34.8100,0.0000,69.6000,0.0000,0.0000,70.8300,0.0000,272.8100,14.0100,0.0000,0.0000,0.0000,0.0000,0.0000,2.8600,0.0000,0.0000,6.1700,13.6900,35.1500,0.0000,51.9200,41.4600,6.4900,13.0100,8.1000,8.3700,43.9000,0.0000,0.0000,0.0000,0.0000,0.0000,9.2600,8.5100,0.0000,0.0000,11.7600,0.0000,0.0000,0.0000,0.0000,8.5800,0.0000,0.0000,0.0000,8.5500,6.4000,0.0000,3.8900,5.7600,10.7600,14.7100,0.9400,0.0000,3.3900,1.9500,0.0000,0.0000,0.0000,0.0000,0.0000,0.7800,8.5800,0.0000,17.6994,126.5300,5.5000,6.5600,0.0000,0.0000,0.0000,0.0000,0.0000,7.2300,0.0000,0.0000,0.0000,0.0000,0.0000,83.3400,0.0000,0.0000,0.0000,0.0000,0.0000,0.0000,0.0000,0.0000,0.0000,0.0000,0.0000,0.0000,0.0000,0.0000,0.0000,0.0000,0.0000,0.0000,0.0000,1413.7118,16.25,0.00,12.3046,0.00,1417.6572
45,NDPL,06DSNDPL2022/09/18,0.0000,0.0000,0.0000,0.0000,0.0000,0.0000,0.0000,0.0000,60.1500,0.0000,12.0000,23.1360,0.0000,0.0000,7.3264,0.0000,20.8600,246.3800,34.8100,0.0000,69.6000,0.0000,0.0000,70.8300,0.0000,272.8100,15.2100,0.0000,0.0000,0.0000,0.0000,0.0000,2.8600,0.0000,0.0000,6.1700,13.6900,35.1500,0.0000,51.9200,41.4600,6.4900,13.0100,8.1000,8.3700,43.9000,0.0000,0.0000,0.0000,0.0000,0.0000,9.2600,8.5100,0.0000,0.0000,11.7600,0.0000,0.0000,0.0000,0.0000,8.5800,0.0000,0.0000,0.0000,8.5500,6.4000,0.0000,3.8900,5.7600,10.7600,14.7100,0.9400,0.0000,3.3900,1.9500,0.0000,0.0000,0.0000,0.0000,0.0000,0.7800,8.7400,0.0000,17.6994,127.4000,4.9900,6.7900,0.0000,0.0000,0.0000,0.0000,0.0000,7.8800,0.0000,0.0000,0.0000,0.0000,0.0000,83.3400,0.0000,0.0000,0.0000,0.0000,0.0000,0.0000,0.0000,0.0000,0.0000,0.0000,0.0000,0.0000,0.0000,0.0000,0.0000,0.0000,0.0000,0.0000,0.0000,1416.3118,16.25,0.00,12.3169,0.00,1420.2449
46,NDPL,06DSNDPL2022/09/18,0.0000,0.0000,0.0000,0.0000,0.0000,0.0000,0.0000,0.0000,60.1500,0.0000,12.0000,23.1360,0.0000,0.0000,7.3264,0.0000,20.8600,246.3800,34.8100,0.0000,69.6000,0.0000,0.0000,70.8300,0.0000,272.8100,15.5500,0.0000,0.0000,0.0000,0.0000,0.0000,2.8600,0.0000,0.0000,6.1700,13.6900,35.1500,0.0000,51.9200,41.4600,6.4900,13.0100,8.1000,8.3700,43.9000,0.0000,0.0000,0.0000,0.0000,0.0000,9.2600,8.5100,0.0000,0.0000,11.7600,0.0000,0.0000,0.0000,0.0000,8.5800,0.0000,0.0000,0.0000,8.5500,6.4000,0.0000,3.8900,5.7600,10.7600,14.7100,0.9400,0.0000,3.3900,1.9500,0.0000,0.0000,0.0000,0.0000,0.0000,0.7800,8.7400,0.0000,17.6994,127.2600,4.9900,6.7900,0.0000,0.0000,0.0000,0.0000,0.0000,8.1500,0.0000,0.0000,0.0000,0.0000,0.0000,83.3400,0.0000,0.0000,0.0000,0.0000,0.0000,0.0000,0.0000,0.0000,0.0000,0.0000,0.0000,0.0000,0.0000,0.0000,0.0000,0.0000,0.0000,0.0000,0.0000,1416.7818,16.25,0.00,12.3181,0.00,1420.7137
47,NDPL,06DSNDPL2022/09/18,0.0000,0.0000,0.0000,0.0000,0.0000,0.0000,0.0000,0.0000,60.1500,0.0000,12.0000,23.1360,0.0000,0.0000,7.3264,0.0000,20.8600,246.3800,34.8100,0.0000,69.6000,0.0000,0.0000,70.8300,0.0000,272.8100,16.0400,0.0000,0.0000,0.0000,0.0000,0.0000,2.8600,0.0000,0.0000,6.1700,13.6900,35.1500,0.0000,51.9200,41.4600,6.4900,13.0100,8.1000,8.3700,43.9000,0.0000,0.0000,0.0000,0.0000,0.0000,9.2600,8.5100,0.0000,0.0000,11.7600,0.0000,0.0000,0.0000,0.0000,8.5800,0.0000,0.0000,0.0000,8.5500,6.4000,0.0000,3.8900,5.7600,10.7600,14.7100,0.9400,0.0000,3.3900,1.9500,0.0000,0.0000,0.0000,0.0000,0.0000,0.7800,8.7400,0.0000,17.6994,126.7700,4.9900,6.7900,0.0000,0.0000,0.0000,0.0000,0.0000,8.4400,0.0000,0.0000,0.0000,0.0000,0.0000,83.3400,0.0000,0.0000,0.0000,0.0000,0.0000,0.0000,0.0000,0.0000,0.0000,0.0000,0.0000,0.0000,0.0000,0.0000,0.0000,0.0000,0.0000,0.0000,0.0000,1417.0718,16.25,0.00,12.3163,0.00,1421.0055
48,NDPL,06DSNDPL2022/09/18,0.0000,0.0000,0.0000,0.0000,0.0000,0.0000,0.0000,0.0000,60.1500,0.0000,12.0000,23.1360,0.0000,0.0000,7.3264,0.0000,20.8600,246.3800,34.8100,0.0000,69.6000,0.0000,0.0000,70.8300,0.0000,272.8100,16.2100,0.0000,0.0000,0.0000,0.0000,0.0000,2.8600,0.0000,0.0000,6.1700,13.6900,35.1500,0.0000,51.9200,41.4600,6.4900,13.0100,8.1000,8.3700,43.9000,0.0000,0.0000,0.0000,0.0000,0.0000,9.2600,8.5100,0.0000,0.0000,11.7600,0.0000,0.0000,0.0000,0.0000,8.5800,0.0000,0.0000,0.0000,8.5500,6.4000,0.0000,3.8900,5.7600,10.7600,14.7100,0.9400,0.0000,3.3900,1.9500,0.0000,0.0000,0.0000,0.0000,0.0000,0.7800,8.7400,0.0000,17.6994,126.0300,4.9900,6.7900,0.0000,0.0000,0.0000,0.0000,0.0000,8.8500,0.0000,0.0000,0.0000,0.0000,0.0000,83.3400,0.0000,0.0000,0.0000,0.0000,0.0000,0.0000,0.0000,0.0000,0.0000,0.0000,0.0000,0.0000,0.0000,0.0000,0.0000,0.0000,0.0000,0.0000,0.0000,1416.9118,16.25,0.00,12.3134,0.00,1420.8484
49,NDPL,06DSNDPL2022/09/18,0.0000,0.0000,0.0000,0.0000,0.0000,0.0000,0.0000,0.0000,60.1500,0.0000,12.0000,23.1360,0.0000,0.0000,7.0000,0.0000,20.8600,246.3800,34.8100,0.0000,69.6000,0.0000,0.0000,70.8300,0.0000,272.8100,16.2700,0.0000,0.0000,0.0000,0.0000,0.0000,2.8600,0.0000,0.0000,6.1700,13.6900,35.1500,0.0000,51.9200,41.4600,6.4900,13.0100,8.1000,8.3700,43.9000,0.0000,0.0000,0.0000,0.0000,0.0000,9.2600,8.5100,0.0000,0.0000,11.7600,0.0000,0.0000,0.0000,0.0000,8.5800,0.0000,0.0000,0.0000,9.8600,6.4000,0.0000,3.8900,5.7600,10.7600,14.7100,0.9400,0.0000,3.3900,1.9500,0.0000,0.0000,0.0000,0.0000,0.0000,0.7800,8.7400,0.0000,17.6994,125.9200,5.4100,6.7900,0.0000,0.0000,0.0000,0.0000,0.0000,9.6400,0.0000,0.0000,0.0000,0.0000,0.0000,83.3400,0.0000,0.0000,0.0000,0.0000,0.0000,0.0000,0.0000,0.0000,0.0000,0.0000,0.0000,0.0000,0.0000,0.0000,0.0000,0.0000,0.0000,0.0000,0.0000,1419.0554,16.25,0.00,12.3318,0.00,1422.9736
50,NDPL,06DSNDPL2022/09/18,0.0000,0.0000,0.0000,0.0000,0.0000,0.0000,0.0000,0.0000,60.1500,0.0000,12.0000,23.1360,0.0000,0.0000,7.0000,0.0000,20.8600,246.3800,34.8100,0.0000,69.6000,0.0000,0.0000,70.8300,0.0000,272.8100,16.3300,0.0000,0.0000,0.0000,0.0000,0.0000,2.8600,0.0000,0.0000,6.1700,13.6900,35.1500,0.0000,51.9200,41.4600,6.4900,13.0100,8.1000,8.3700,43.9000,0.0000,0.0000,0.0000,0.0000,0.0000,9.2600,8.5100,0.0000,0.0000,11.7600,0.0000,0.0000,0.0000,0.0000,8.5800,0.0000,0.0000,0.0000,9.8600,6.4000,0.0000,3.8900,5.7600,10.7600,14.7100,0.9400,0.0000,3.3900,1.9500,0.0000,0.0000,0.0000,0.0000,0.0000,0.7800,8.7400,0.0000,17.6994,126.0200,5.4100,6.7900,0.0000,0.0000,0.0000,0.0000,0.0000,10.5400,0.0000,0.0000,0.0000,0.0000,0.0000,83.3400,0.0000,0.0000,0.0000,0.0000,0.0000,0.0000,0.0000,0.0000,0.0000,0.0000,0.0000,0.0000,0.0000,0.0000,0.0000,0.0000,0.0000,0.0000,0.0000,1420.1154,16.25,0.00,12.3406,0.00,1424.0248
51,NDPL,06DSNDPL2022/09/18,0.0000,0.0000,0.0000,0.0000,0.0000,0.0000,0.0000,0.0000,60.1500,0.0000,12.0000,23.1360,0.0000,0.0000,7.0000,0.0000,20.8600,246.3800,34.8100,0.0000,69.6000,0.0000,0.0000,70.8300,0.0000,272.8100,16.3600,0.0000,0.0000,0.0000,0.0000,0.0000,2.8600,0.0000,0.0000,6.1700,13.6900,35.1500,0.0000,51.9200,41.4600,6.4900,13.0100,8.1000,7.2500,43.9000,0.0000,0.0000,0.0000,0.0000,0.0000,9.2600,8.5100,0.0000,0.0000,11.7600,0.0000,0.0000,0.0000,0.0000,8.5800,0.0000,0.0000,0.0000,9.8600,6.4000,0.0000,3.8900,5.7600,10.7600,14.7100,0.9400,0.0000,3.3900,1.9500,0.0000,0.0000,0.0000,0.0000,0.0000,0.7800,8.7400,0.0000,17.6994,125.9400,5.4100,6.7900,0.0000,0.0000,0.0000,0.0000,0.0000,11.4400,0.0000,0.0000,0.0000,0.0000,0.0000,83.3400,0.0000,0.0000,0.0000,0.0000,0.0000,0.0000,0.0000,0.0000,0.0000,0.0000,0.0000,0.0000,0.0000,0.0000,0.0000,0.0000,0.0000,0.0000,0.0000,1419.8454,16.25,0.00,12.3379,0.00,1423.7575
52,NDPL,06DSNDPL2022/09/18,0.0000,0.0000,0.0000,0.0000,0.0000,0.0000,0.0000,0.0000,60.1500,0.0000,12.0000,23.1360,0.0000,0.0000,7.0000,0.0000,20.8600,246.3800,34.8100,0.0000,69.6000,0.0000,0.0000,70.8300,0.0000,272.8100,16.2700,0.0000,0.0000,0.0000,0.0000,0.0000,2.8600,0.0000,0.0000,6.1700,13.6900,35.1500,0.0000,51.9200,41.4600,6.4900,13.0100,7.8500,7.2500,43.9000,0.0000,0.0000,0.0000,0.0000,0.0000,9.2600,8.5100,0.0000,0.0000,11.7600,0.0000,0.0000,0.0000,0.0000,8.5800,0.0000,0.0000,0.0000,9.8600,6.4000,0.0000,3.8900,2.8800,10.7600,14.7100,0.9400,0.0000,3.3900,1.9500,0.0000,0.0000,0.0000,0.0000,0.0000,0.7800,8.7400,0.0000,17.6994,125.2700,5.4100,6.7900,0.0000,0.0000,0.0000,0.0000,0.0000,12.3700,0.0000,0.0000,0.0000,0.0000,0.0000,83.3400,0.0000,0.0000,0.0000,0.0000,0.0000,0.0000,0.0000,0.0000,0.0000,0.0000,0.0000,0.0000,0.0000,0.0000,0.0000,0.0000,0.0000,0.0000,0.0000,1416.8854,16.25,0.00,12.3127,0.00,1420.8227
53,NDPL,06DSNDPL2022/09/18,0.0000,0.0000,0.0000,0.0000,0.0000,0.0000,0.0000,0.0000,60.1500,0.0000,12.0000,23.1360,0.0000,0.0000,7.0000,0.0000,20.8600,246.3800,34.8100,0.0000,69.6000,0.0000,0.0000,70.8300,0.0000,272.8100,16.1600,0.0000,0.0000,0.0000,0.0000,0.0000,2.8600,0.0000,0.0000,6.1700,13.6900,35.1500,0.0000,51.9200,41.4600,6.4900,12.6200,7.8500,7.2500,43.9000,0.0000,0.0000,0.0000,0.0000,0.0000,9.2600,8.5100,0.0000,0.0000,11.7600,0.0000,0.0000,0.0000,0.0000,8.5800,0.0000,0.0000,0.0000,9.8600,6.4000,0.0000,3.8900,2.8800,10.7600,14.7100,0.9400,0.0000,3.3900,1.9500,0.0000,0.0000,0.0000,0.0000,0.0000,0.7800,9.0500,0.0000,17.6994,124.1400,5.4100,7.1000,0.0000,0.0000,0.0000,0.0000,0.0000,13.1500,0.0000,0.0000,0.0000,0.0000,0.0000,83.3400,0.0000,0.0000,0.0000,0.0000,0.0000,0.0000,0.0000,0.0000,0.0000,0.0000,0.0000,0.0000,0.0000,0.0000,0.0000,0.0000,0.0000,0.0000,0.0000,1416.6554,16.40,0.00,12.3129,0.00,1420.7425
54,NDPL,06DSNDPL2022/09/18,0.0000,0.0000,0.0000,0.0000,0.0000,0.0000,0.0000,0.0000,60.1500,0.0000,12.0000,23.1360,0.0000,0.0000,7.0000,0.0000,20.8600,246.3800,34.8100,0.0000,69.6000,0.0000,0.0000,70.8300,0.0000,272.8100,15.9500,0.0000,0.0000,0.0000,0.0000,0.0000,2.8600,0.0000,0.0000,6.1700,13.6900,35.1500,0.0000,51.9200,41.4600,6.4900,12.6200,7.8600,7.2500,43.9000,0.0000,0.0000,0.0000,0.0000,0.0000,9.2600,8.5100,0.0000,0.0000,11.7600,0.0000,0.0000,0.0000,0.0000,8.5800,0.0000,0.0000,0.0000,9.8600,6.4000,0.0000,3.8900,2.8800,10.7600,14.7100,0.9400,0.0000,3.3900,1.9500,0.0000,0.0000,0.0000,0.0000,0.0000,0.7800,9.0500,0.0000,17.6994,122.4500,5.4100,7.1000,0.0000,0.0000,0.0000,0.0000,0.0000,13.6900,0.0000,0.0000,0.0000,0.0000,0.0000,83.3400,0.0000,0.0000,0.0000,0.0000,0.0000,0.0000,0.0000,0.0000,0.0000,0.0000,0.0000,0.0000,0.0000,0.0000,0.0000,0.0000,0.0000,0.0000,0.0000,1415.3054,16.40,0.00,12.3029,0.00,1419.4025
55,NDPL,06DSNDPL2022/09/18,0.0000,0.0000,0.0000,0.0000,0.0000,0.0000,0.0000,0.0000,60.1500,0.0000,12.0000,23.1360,0.0000,0.0000,7.0000,0.0000,20.8600,246.3800,34.8100,0.0000,69.6000,0.0000,0.0000,70.8300,0.0000,272.8100,15.7700,0.0000,0.0000,0.0000,0.0000,0.0000,2.8600,0.0000,0.0000,6.1700,13.6900,35.1500,0.0000,51.9200,41.4600,6.4900,12.6200,7.8600,7.2500,43.9000,0.0000,0.0000,0.0000,0.0000,0.0000,9.2600,8.5100,0.0000,0.0000,11.7600,0.0000,0.0000,0.0000,0.0000,8.5800,0.0000,0.0000,0.0000,9.8600,6.4000,0.0000,3.8900,2.8800,10.7600,14.7100,0.9400,0.0000,3.3900,1.9500,0.0000,0.0000,0.0000,0.0000,0.0000,0.7800,9.0500,0.0000,17.6994,120.4600,5.4100,7.1000,0.0000,0.0000,0.0000,0.0000,0.0000,14.2000,0.0000,0.0000,0.0000,0.0000,0.0000,83.3400,0.0000,0.0000,0.0000,0.0000,0.0000,0.0000,0.0000,0.0000,0.0000,0.0000,0.0000,0.0000,0.0000,0.0000,0.0000,0.0000,0.0000,0.0000,0.0000,1413.6454,16.40,0.00,12.2899,0.00,1417.7555
56,NDPL,06DSNDPL2022/09/18,0.0000,0.0000,0.0000,0.0000,0.0000,0.0000,0.0000,0.0000,60.1500,0.0000,12.0000,23.1360,0.0000,0.0000,7.0000,0.0000,20.8600,246.3800,34.8100,0.0000,69.6000,0.0000,0.0000,70.8300,0.0000,272.8100,15.6800,0.0000,0.0000,0.0000,0.0000,0.0000,2.8600,0.0000,0.0000,6.1700,13.6900,35.1500,0.0000,51.9200,41.4600,6.4900,12.6200,7.8600,7.2500,43.9000,0.0000,0.0000,0.0000,0.0000,0.0000,13.8900,8.5100,0.0000,0.0000,11.7600,0.0000,0.0000,0.0000,0.0000,8.5800,0.0000,0.0000,0.0000,9.8600,6.4000,0.0000,3.8900,2.8800,10.7600,14.7100,0.9400,0.0000,3.3900,1.9500,0.0000,0.0000,0.0000,0.0000,0.0000,0.7800,9.0500,0.0000,17.6994,117.1000,5.4100,7.1000,0.0000,0.0000,0.0000,0.0000,0.0000,14.9500,0.0000,0.0000,0.0000,0.0000,0.0000,82.6700,0.0000,0.0000,0.0000,0.0000,0.0000,0.0000,0.0000,0.0000,0.0000,0.0000,0.0000,0.0000,0.0000,0.0000,0.0000,0.0000,0.0000,0.0000,0.0000,1414.9054,16.40,0.00,12.3017,0.00,1419.0037
57,NDPL,06DSNDPL2022/09/18,0.0000,0.0000,0.0000,0.0000,0.0000,0.0000,0.0000,0.0000,60.1500,0.0000,12.0000,23.1360,0.0000,0.0000,7.0000,0.0000,20.8600,294.8800,34.8100,0.0000,69.6000,0.0000,0.0000,70.8300,0.0000,272.8100,15.0300,0.0000,0.0000,0.0000,0.0000,0.0000,2.8600,0.0000,0.0000,6.1700,13.6900,35.1500,0.0000,51.9200,41.4600,6.4900,12.6200,7.8600,7.2500,43.9000,0.0000,0.0000,0.0000,0.0000,0.0000,13.8900,8.5100,0.0000,0.0000,11.7600,0.0000,0.0000,0.0000,0.0000,8.5800,0.0000,0.0000,0.0000,9.8600,6.4000,0.0000,3.8900,2.8800,10.7600,14.7100,0.9400,0.0000,3.3900,1.9500,0.0000,0.0000,0.0000,0.0000,0.0000,0.7800,9.3600,0.0000,17.6994,112.3900,5.6000,7.1000,0.0000,0.0000,0.0000,0.0000,0.0000,14.6700,0.0000,0.0000,0.0000,0.0000,0.0000,82.6700,0.0000,0.0000,0.0000,0.0000,0.0000,0.0000,0.0000,0.0000,0.0000,0.0000,0.0000,0.0000,0.0000,0.0000,0.0000,0.0000,0.0000,0.0000,0.0000,1458.2654,16.59,0.00,12.6907,0.00,1462.1647
58,NDPL,06DSNDPL2022/09/18,0.0000,0.0000,0.0000,0.0000,0.0000,0.0000,0.0000,0.0000,60.1500,0.0000,12.0000,23.1360,0.0000,0.0000,7.0000,0.0000,20.8600,343.3800,34.8100,0.0000,69.6000,0.0000,0.0000,70.8300,0.0000,272.8100,15.4800,0.0000,0.0000,0.0000,0.0000,0.0000,2.8600,0.0000,0.0000,6.1700,13.6900,35.1500,0.0000,51.9200,41.4600,6.4900,12.6200,7.8600,7.2500,43.9000,0.0000,0.0000,0.0000,0.0000,0.0000,13.8900,8.5100,0.0000,0.0000,11.7600,0.0000,0.0000,0.0000,0.0000,8.5800,0.0000,0.0000,0.0000,9.8600,6.4000,0.0000,3.8900,2.8800,10.7600,14.7100,0.9400,0.0000,3.3900,1.9500,0.0000,0.0000,0.0000,0.0000,0.0000,0.7800,9.3600,0.0000,17.6994,106.2100,5.6000,7.1000,0.0000,0.0000,0.0000,0.0000,0.0000,14.4700,0.0000,0.0000,0.0000,0.0000,0.0000,88.0000,0.0000,0.0000,0.0000,0.0000,0.0000,0.0000,0.0000,0.0000,0.0000,0.0000,0.0000,0.0000,0.0000,0.0000,0.0000,0.0000,0.0000,0.0000,0.0000,1506.1654,16.59,0.00,13.1083,0.00,1509.6471
59,NDPL,06DSNDPL2022/09/18,0.0000,0.0000,0.0000,0.0000,0.0000,0.0000,0.0000,0.0000,60.1500,0.0000,12.0000,23.1360,0.0000,0.0000,7.0000,0.0000,20.8600,391.8800,34.8100,0.0000,69.6000,0.0000,0.0000,70.8300,0.0000,272.8100,14.8700,0.0000,0.0000,0.0000,0.0000,0.0000,2.8600,0.0000,0.0000,6.1700,13.6900,35.1500,0.0000,51.9200,41.4600,6.4900,12.6200,7.8600,7.2500,43.9000,0.0000,0.0000,0.0000,0.0000,0.0000,13.8900,8.5100,0.0000,0.0000,11.7600,0.0000,0.0000,0.0000,0.0000,8.5800,0.0000,0.0000,0.0000,9.8600,6.4000,0.0000,7.4600,2.8800,10.7600,14.7100,0.9400,0.0000,3.3900,1.9500,0.0000,0.0000,0.0000,0.0000,0.0000,0.7800,9.3600,0.0000,17.6994,99.4700,5.6000,7.1000,0.0000,0.0000,0.0000,0.0000,0.0000,14.3700,0.0000,0.0000,0.0000,0.0000,0.0000,93.3400,0.0000,0.0000,0.0000,0.0000,0.0000,0.0000,0.0000,0.0000,0.0000,0.0000,0.0000,0.0000,0.0000,0.0000,0.0000,0.0000,0.0000,0.0000,0.0000,1556.1254,16.59,0.00,13.5533,0.00,1559.1621
60,NDPL,06DSNDPL2022/09/18,0.0000,0.0000,0.0000,0.0000,0.0000,0.0000,0.0000,0.0000,60.1500,0.0000,12.0000,23.1360,0.0000,0.0000,7.0000,0.0000,20.8600,391.8800,34.8100,0.0000,69.6000,0.0000,0.0000,70.8300,0.0000,272.8100,14.3500,0.0000,0.0000,0.0000,0.0000,0.0000,2.8600,0.0000,0.0000,6.1700,13.6900,35.1500,0.0000,51.9200,41.4600,6.4900,12.6200,7.8600,7.2500,43.9000,0.0000,0.0000,0.0000,0.0000,0.0000,13.8900,8.5100,0.0000,0.0000,11.7600,0.0000,0.0000,0.0000,0.0000,8.5800,0.0000,0.0000,0.0000,9.8600,6.4000,0.0000,7.7600,2.8800,10.7600,14.7100,0.9400,0.0000,3.3900,1.9500,0.0000,0.0000,0.0000,0.0000,0.0000,0.7800,9.3600,0.0000,17.6994,92.1500,5.6000,7.1000,0.0000,0.0000,0.0000,0.0000,0.0000,13.9400,0.0000,0.0000,0.0000,0.0000,0.0000,91.3400,0.0000,0.0000,0.0000,0.0000,0.0000,0.0000,0.0000,0.0000,0.0000,0.0000,0.0000,0.0000,0.0000,0.0000,0.0000,0.0000,0.0000,0.0000,0.0000,1546.1554,16.59,0.00,13.4701,0.00,1549.2753
61,NDPL,06DSNDPL2022/09/18,0.0000,0.0000,0.0000,0.0000,0.0000,0.0000,0.0000,0.0000,60.1500,0.0000,12.0000,23.1360,0.0000,0.0000,7.0000,0.0000,20.8600,391.8800,34.8100,0.0000,69.6000,0.0000,0.0000,70.8300,0.0000,272.8100,13.7900,0.0000,0.0000,0.0000,0.0000,0.0000,2.8600,0.0000,0.0000,6.1700,13.6900,35.1500,0.0000,51.9200,41.4600,6.4900,12.6200,7.8600,7.2500,43.9000,0.0000,0.0000,0.0000,0.0000,0.0000,18.5300,8.5100,0.0000,0.0000,11.7600,0.0000,0.0000,0.0000,0.0000,8.5800,0.0000,0.0000,0.0000,9.8600,6.4000,0.0000,7.7600,5.7600,10.7600,14.7100,0.9400,0.0000,3.3900,1.9500,0.0000,0.0000,0.0000,0.0000,0.0000,0.7800,9.3600,0.0000,17.6994,84.7600,5.7800,7.7100,0.0000,0.0000,0.0000,0.0000,0.0000,14.0900,0.0000,0.0000,0.0000,0.0000,0.0000,90.0000,0.0000,0.0000,0.0000,0.0000,0.0000,0.0000,0.0000,0.0000,0.0000,0.0000,0.0000,0.0000,0.0000,0.0000,0.0000,0.0000,0.0000,0.0000,0.0000,1545.3254,16.78,0.00,13.4694,0.00,1548.6360
62,NDPL,06DSNDPL2022/09/18,0.0000,0.0000,0.0000,0.0000,0.0000,0.0000,0.0000,0.0000,60.1500,0.0000,12.0000,23.1360,0.0000,0.0000,7.0000,0.0000,20.8600,447.1000,34.8100,0.0000,69.6000,0.0000,0.0000,70.8300,0.0000,272.8100,13.0900,0.0000,0.0000,0.0000,0.0000,0.0000,2.8600,0.0000,0.0000,6.1700,13.6900,35.1500,0.0000,51.9200,41.4600,6.4900,12.6200,7.8600,7.2500,43.9000,0.0000,0.0000,0.0000,0.0000,0.0000,18.5300,8.5100,0.0000,0.0000,11.7600,0.0000,0.0000,0.0000,0.0000,8.5800,0.0000,0.0000,0.0000,9.8600,6.4000,0.0000,7.7600,5.7600,10.7600,14.7100,0.9400,0.0000,3.3900,1.9500,0.0000,0.0000,0.0000,0.0000,0.0000,0.7800,9.3600,0.0000,17.6994,77.4600,5.7800,7.7100,0.0000,0.0000,0.0000,0.0000,0.0000,14.2900,0.0000,0.0000,0.0000,0.0000,0.0000,96.6700,0.0000,0.0000,0.0000,0.0000,0.0000,0.0000,0.0000,0.0000,0.0000,0.0000,0.0000,0.0000,0.0000,0.0000,0.0000,0.0000,0.0000,0.0000,0.0000,1599.4154,16.78,0.00,13.9516,0.00,1602.2438
63,NDPL,06DSNDPL2022/09/18,0.0000,0.0000,0.0000,0.0000,0.0000,0.0000,0.0000,0.0000,60.1500,0.0000,12.0000,23.1360,0.0000,0.0000,7.0000,0.0000,20.8600,447.1000,34.8100,0.0000,69.6000,0.0000,0.0000,70.8300,0.0000,272.8100,12.4400,0.0000,0.0000,0.0000,0.0000,0.0000,2.8600,0.0000,0.0000,6.1700,13.6900,35.1500,0.0000,51.9200,41.4600,6.4900,12.6200,7.8600,7.2500,43.9000,0.0000,0.0000,0.0000,0.0000,0.0000,18.5300,8.5100,0.0000,0.0000,11.7600,0.0000,0.0000,0.0000,0.0000,8.5800,0.0000,0.0000,0.0000,9.8600,6.4000,0.0000,7.7600,5.7600,10.7600,14.7100,0.9400,0.0000,3.3900,1.9500,0.0000,0.0000,0.0000,0.0000,0.0000,0.7800,9.3600,0.0000,17.6994,69.5900,5.7800,7.7100,0.0000,0.0000,0.0000,0.0000,0.0000,14.2600,0.0000,0.0000,0.0000,0.0000,0.0000,91.3400,0.0000,0.0000,0.0000,0.0000,0.0000,0.0000,0.0000,0.0000,0.0000,0.0000,0.0000,0.0000,0.0000,0.0000,0.0000,0.0000,0.0000,0.0000,0.0000,1585.5354,16.78,0.00,13.8351,0.00,1588.4803
64,NDPL,06DSNDPL2022/09/18,0.0000,0.0000,0.0000,0.0000,0.0000,0.0000,0.0000,0.0000,60.1500,0.0000,12.0000,23.1360,0.0000,0.0000,7.0000,0.0000,20.8600,447.1000,34.8100,0.0000,69.6000,0.0000,0.0000,70.8300,0.0000,272.8100,11.5900,0.0000,0.0000,0.0000,0.0000,0.0000,2.8600,0.0000,0.0000,6.1700,13.6900,35.1500,0.0000,51.9200,41.4600,6.4900,12.6200,7.8600,7.2500,43.9000,0.0000,0.0000,0.0000,0.0000,0.0000,18.5300,8.5100,0.0000,0.0000,11.7600,0.0000,0.0000,0.0000,0.0000,8.5800,0.0000,0.0000,0.0000,9.8600,6.4000,0.0000,7.7600,5.7600,10.7600,14.7100,0.9400,0.0000,3.3900,1.9500,0.0000,0.0000,0.0000,0.0000,0.0000,0.7800,9.3600,0.0000,17.6994,61.0800,5.7800,7.7100,0.0000,0.0000,0.0000,0.0000,0.0000,14.1000,0.0000,0.0000,0.0000,0.0000,0.0000,80.6700,0.0000,0.0000,0.0000,0.0000,0.0000,0.0000,0.0000,0.0000,0.0000,0.0000,0.0000,0.0000,0.0000,0.0000,0.0000,0.0000,0.0000,0.0000,0.0000,1565.3454,16.78,0.00,13.6650,0.00,1568.4604
65,NDPL,06DSNDPL2022/09/18,0.0000,0.0000,0.0000,0.0000,0.0000,0.0000,0.0000,0.0000,60.1500,0.0000,12.0000,23.1360,0.0000,0.0000,7.0000,0.0000,20.8600,447.1000,34.8100,0.0000,69.6000,0.0000,0.0000,70.8300,0.0000,272.8100,10.8300,0.0000,0.0000,0.0000,0.0000,0.0000,2.8600,0.0000,0.0000,6.1700,13.6900,35.1500,0.0000,51.9200,41.4600,6.4900,12.6200,7.8600,7.2500,43.9000,0.0000,0.0000,0.0000,0.0000,0.0000,18.5300,8.5100,0.0000,0.0000,11.7600,0.0000,0.0000,0.0000,0.0000,8.5800,0.0000,0.0000,0.0000,9.8600,6.4000,0.0000,7.7600,5.7600,10.7600,14.7100,0.9400,0.0000,3.3900,1.9500,0.0000,0.0000,0.0000,0.0000,0.0000,0.7800,9.7500,0.0000,17.6994,52.7200,6.2500,7.7100,0.0000,0.0000,0.0000,0.0000,0.0000,13.7800,0.0000,0.0000,0.0000,0.0000,0.0000,73.3400,0.0000,0.0000,0.0000,0.0000,0.0000,0.0000,0.0000,0.0000,0.0000,0.0000,0.0000,0.0000,0.0000,0.0000,0.0000,0.0000,0.0000,0.0000,0.0000,1549.4354,16.98,0.00,13.5334,0.00,1552.8820
66,NDPL,06DSNDPL2022/09/18,0.0000,0.0000,0.0000,0.0000,0.0000,0.0000,0.0000,0.0000,60.1500,0.0000,12.0000,23.1360,0.0000,0.0000,7.0000,0.0000,20.8600,447.1000,34.8100,0.0000,69.6000,0.0000,0.0000,70.8300,0.0000,272.8100,9.8300,0.0000,0.0000,0.0000,0.0000,0.0000,2.8600,0.0000,0.0000,6.1700,13.6900,35.1500,0.0000,51.9200,41.4600,6.4900,12.6200,7.8600,7.2500,43.9000,0.0000,0.0000,0.0000,0.0000,0.0000,18.5300,8.5100,0.0000,0.0000,11.7600,0.0000,0.0000,0.0000,0.0000,8.5800,0.0000,0.0000,0.0000,9.8600,6.4000,0.0000,7.7600,5.7600,10.7600,14.7100,0.9400,0.0000,3.3900,1.9500,0.0000,0.0000,0.0000,0.0000,0.0000,0.7800,9.7500,0.0000,17.6994,44.3100,6.2500,7.7100,0.0000,0.0000,0.0000,0.0000,0.0000,13.8100,0.0000,0.0000,0.0000,0.0000,0.0000,60.6700,0.0000,0.0000,0.0000,0.0000,0.0000,0.0000,0.0000,0.0000,0.0000,0.0000,0.0000,0.0000,0.0000,0.0000,0.0000,0.0000,0.0000,0.0000,0.0000,1527.3854,16.98,0.00,13.3482,0.00,1531.0172
67,NDPL,06DSNDPL2022/09/18,0.0000,0.0000,0.0000,0.0000,0.0000,0.0000,0.0000,0.0000,60.1500,0.0000,12.0000,23.1360,0.0000,0.0000,7.0000,0.0000,20.8600,447.1000,34.8100,0.0000,69.6000,0.0000,0.0000,70.8300,0.0000,272.8100,8.8200,0.0000,0.0000,0.0000,0.0000,0.0000,2.8600,0.0000,0.0000,6.1700,13.6900,35.1500,0.0000,51.9200,41.4600,6.4900,12.6200,7.8600,7.2500,43.9000,0.0000,0.0000,0.0000,0.0000,0.0000,18.5300,8.5100,0.0000,0.0000,11.7600,0.0000,0.0000,0.0000,0.0000,8.5800,0.0000,0.0000,0.0000,9.8600,6.4000,0.0000,7.7600,5.7600,10.7600,14.7100,0.9400,0.0000,3.3900,1.9500,0.0000,0.0000,0.0000,0.0000,0.0000,0.7800,9.7500,0.0000,17.6994,35.5600,6.2500,7.7100,0.0000,0.0000,0.0000,0.0000,0.0000,13.6900,0.0000,0.0000,0.0000,0.0000,0.0000,50.6700,0.0000,0.0000,0.0000,0.0000,0.0000,0.0000,0.0000,0.0000,0.0000,0.0000,0.0000,0.0000,0.0000,0.0000,0.0000,0.0000,0.0000,0.0000,0.0000,1507.5054,16.98,0.00,13.1821,0.00,1511.3033
68,NDPL,06DSNDPL2022/09/18,0.0000,0.0000,0.0000,0.0000,0.0000,0.0000,0.0000,0.0000,60.1500,0.0000,12.0000,23.1360,0.0000,0.0000,7.0000,0.0000,20.8600,447.1000,34.8100,0.0000,69.6000,0.0000,0.0000,70.8300,0.0000,272.8100,7.7800,0.0000,0.0000,0.0000,0.0000,0.0000,2.8600,0.0000,0.0000,6.1700,13.6900,35.1500,0.0000,51.9200,41.4600,6.4900,12.6200,7.8600,7.2500,43.9000,0.0000,0.0000,0.0000,0.0000,0.0000,18.5300,8.5100,0.0000,0.0000,11.7600,0.0000,0.0000,0.0000,0.0000,8.5800,0.0000,0.0000,0.0000,9.8600,6.4000,4.1600,7.7600,5.7600,10.7600,14.7100,0.9400,0.0000,3.3900,1.9500,0.0000,0.0000,0.0000,0.0000,0.0000,0.7800,9.7500,0.0000,17.6994,27.1000,6.2500,7.7100,0.0000,0.0000,0.0000,0.0000,0.0000,13.7800,0.0000,0.0000,0.0000,0.0000,0.0000,40.6700,0.0000,0.0000,0.0000,0.0000,0.0000,0.0000,0.0000,0.0000,0.0000,0.0000,0.0000,0.0000,0.0000,0.0000,0.0000,0.0000,0.0000,0.0000,0.0000,1492.2554,16.98,0.00,13.0571,0.00,1496.1783
69,NDPL,06DSNDPL2022/09/18,0.0000,0.0000,0.0000,0.0000,0.0000,0.0000,0.0000,0.0000,60.1500,0.0000,12.0000,23.1360,0.0000,0.0000,7.0000,0.0000,20.8600,447.1000,34.8100,0.0000,69.6000,0.0000,0.0000,70.8300,0.0000,272.8100,6.8100,0.0000,0.0000,0.0000,0.0000,0.0000,2.8600,0.0000,0.0000,6.1700,13.6900,35.1500,0.0000,51.9200,41.4600,6.4900,12.6200,7.8600,7.2500,43.9000,0.0000,0.0000,0.0000,0.0000,0.0000,18.5300,8.5100,0.0000,0.0000,11.7600,0.0000,0.0000,0.0000,0.0000,8.5800,0.0000,0.0000,0.0000,9.8600,6.4000,4.1600,7.7600,7.5700,10.7600,14.7100,0.9400,0.0000,3.3900,1.9500,0.0000,0.0000,0.0000,0.0000,0.0000,0.7800,9.7500,0.0000,17.6994,19.3300,6.5300,8.1000,0.0000,0.0000,0.0000,0.0000,0.0000,13.4000,0.0000,0.0000,0.0000,0.0000,0.0000,31.3300,0.0000,0.0000,0.0000,0.0000,0.0000,0.0000,0.0000,0.0000,0.0000,0.0000,0.0000,0.0000,0.0000,0.0000,0.0000,0.0000,0.0000,0.0000,0.0000,1476.2754,17.22,0.00,12.9271,0.00,1480.5683
70,NDPL,06DSNDPL2022/09/18,0.0000,0.0000,0.0000,0.0000,0.0000,0.0000,0.0000,0.0000,60.1500,0.0000,12.0000,23.1360,0.0000,0.0000,7.0000,0.0000,20.8600,426.8000,34.8100,0.0000,69.6000,0.0000,0.0000,70.8300,0.0000,272.8100,5.6500,0.0000,0.0000,0.0000,0.0000,0.0000,2.8600,0.0000,0.0000,6.1700,13.6900,35.1500,0.0000,51.9200,41.4600,6.4900,12.6200,7.8600,7.2500,43.9000,0.0000,0.0000,0.0000,0.0000,0.0000,18.5300,8.5100,0.0000,0.0000,11.7600,0.0000,0.0000,0.0000,0.0000,8.5800,0.0000,0.0000,0.0000,9.8600,6.4000,8.3600,7.7600,8.6500,10.7600,14.7100,0.9400,0.0000,3.3900,1.9500,0.0000,0.0000,0.0000,0.0000,0.0000,0.7800,9.7500,0.0000,17.6994,12.6200,6.5300,8.1000,0.0000,0.0000,0.0000,0.0000,0.0000,13.4800,0.0000,0.0000,0.0000,0.0000,0.0000,24.0000,0.0000,0.0000,0.0000,0.0000,0.0000,0.0000,0.0000,0.0000,0.0000,0.0000,0.0000,0.0000,0.0000,0.0000,0.0000,0.0000,0.0000,0.0000,0.0000,1446.1354,17.22,0.00,12.6721,0.00,1450.6833
71,NDPL,06DSNDPL2022/09/18,0.0000,0.0000,0.0000,0.0000,0.0000,0.0000,0.0000,0.0000,60.1500,0.0000,12.0000,23.1360,0.0000,0.0000,7.0000,0.0000,20.8600,426.8000,34.8100,0.0000,69.6000,0.0000,0.0000,70.8300,0.0000,272.8100,4.5300,0.0000,0.0000,0.0000,0.0000,0.0000,2.8600,0.0000,0.0000,6.1700,13.6900,35.1500,0.0000,51.9200,41.4600,6.4900,12.6200,7.8600,7.2500,43.9000,0.0000,0.0000,0.0000,0.0000,0.0000,18.5300,8.5100,0.0000,0.0000,11.7600,0.0000,0.0000,0.0000,0.0000,8.5800,0.0000,0.0000,0.0000,9.8600,6.4000,12.4100,9.8100,8.6500,10.7600,14.7100,0.9400,0.0000,3.3900,1.9500,0.0000,0.0000,0.0000,0.0000,0.0000,0.7800,9.7500,0.0000,11.5398,7.0700,6.5300,8.1000,0.0000,0.0000,0.0000,0.0000,0.0000,13.6900,0.0000,0.0000,0.0000,0.0000,0.0000,16.0000,0.0000,0.0000,0.0000,0.0000,0.0000,0.0000,0.0000,0.0000,0.0000,0.0000,0.0000,0.0000,0.0000,0.0000,0.0000,0.0000,0.0000,0.0000,0.0000,1431.6158,17.22,0.00,12.6083,0.00,1436.2275
72,NDPL,06DSNDPL2022/09/18,0.0000,0.0000,0.0000,0.0000,0.0000,0.0000,0.0000,0.0000,60.1500,0.0000,12.0000,23.1360,0.0000,0.0000,7.0000,0.0000,20.8600,426.8000,34.8100,0.0000,69.6000,0.0000,0.0000,70.8300,0.0000,272.8100,3.5900,0.0000,0.0000,0.0000,0.0000,0.0000,2.8600,0.0000,0.0000,6.1700,13.6900,35.1500,0.0000,51.9200,41.4600,6.4900,12.6200,7.8600,7.2500,43.9000,0.0000,0.0000,0.0000,0.0000,0.0000,18.5300,8.5100,1.5500,0.0000,11.7600,0.0000,0.0000,0.0000,0.0000,8.5800,0.0000,0.0000,0.0000,9.8600,6.4000,12.4100,11.6300,8.6500,10.7600,14.7100,0.9400,0.0000,3.3900,3.8900,0.0000,0.0000,0.0000,0.0000,0.0000,0.7800,9.7500,0.0000,7.5900,3.1500,6.5300,8.1000,0.0000,0.0000,0.0000,0.0000,0.0000,13.6000,0.0000,0.0000,0.0000,0.0000,0.0000,11.3300,0.0000,0.0000,0.0000,0.0000,0.0000,0.0000,0.0000,0.0000,0.0000,0.0000,0.0000,0.0000,0.0000,0.0000,0.0000,0.0000,0.0000,0.0000,0.0000,1423.3560,17.22,0.00,12.5787,0.00,1427.9973
73,NDPL,06DSNDPL2022/09/18,0.0000,0.0000,0.0000,0.0000,0.0000,0.0000,0.0000,0.0000,60.1500,0.0000,12.0000,23.1360,0.0000,0.0000,7.0000,0.0000,20.8600,426.8000,34.8100,0.0000,69.6000,0.0000,0.0000,70.8300,0.0000,272.8100,2.7300,0.0000,0.0000,0.0000,0.0000,0.0000,2.8600,0.0000,0.0000,6.1700,13.6900,35.1500,0.0000,51.9200,41.4600,6.4900,12.6200,7.8600,7.2500,43.9000,0.0000,0.0000,0.0000,0.0000,0.0000,18.5300,8.5100,2.5800,0.0000,11.7600,0.0000,0.0000,0.0000,0.0000,8.5800,0.0000,0.0000,0.0000,15.7700,6.4000,12.4100,11.6300,8.6500,10.7600,14.7100,0.9400,0.0000,3.3900,3.8900,0.0000,0.0000,0.0000,0.0000,0.0000,0.7800,9.3600,0.0000,0.0000,1.0300,6.9100,8.3300,0.0000,0.0000,0.0000,0.0000,0.0000,13.2900,0.0000,0.0000,0.0000,0.0000,0.0000,4.0000,0.0000,0.0000,0.0000,0.0000,0.0000,0.0000,0.0000,0.0000,0.0000,0.0000,0.0000,0.0000,0.0000,0.0000,0.0000,0.0000,0.0000,0.0000,0.0000,1412.3060,17.32,0.00,12.5567,0.00,1417.0693
74,NDPL,06DSNDPL2022/09/18,0.0000,0.0000,0.0000,0.0000,0.0000,0.0000,0.0000,0.0000,60.1500,0.0000,12.0000,23.1360,0.0000,0.0000,7.0000,0.0000,20.2400,426.8000,35.3300,0.0000,69.6000,0.0000,0.0000,70.8300,0.0000,272.8100,2.0000,0.0000,0.0000,0.0000,0.0000,0.0000,2.8600,0.0000,0.0000,6.1700,13.6900,35.1500,0.0000,51.9200,41.4600,6.4900,12.6200,7.8600,6.6900,37.9700,0.0000,0.0000,0.0000,0.0000,0.0000,18.5300,8.5100,3.1300,0.0000,11.7600,0.0000,0.0000,0.0000,0.0000,8.5800,0.0000,0.0000,0.0000,15.7700,6.4000,12.4100,11.6300,8.6500,10.7600,14.7100,1.1200,0.0000,3.3900,3.8900,0.0000,0.0000,0.0000,0.0000,0.0000,0.7800,9.3600,0.0000,0.0000,0.1100,6.9100,8.3300,0.0000,0.0000,0.0000,0.0000,0.0000,13.3200,0.0000,0.0000,0.0000,0.0000,0.0000,0.6700,0.0000,0.0000,0.0000,0.0000,0.0000,0.0000,0.0000,0.0000,0.0000,0.0000,0.0000,0.0000,0.0000,0.0000,0.0000,0.0000,0.0000,0.0000,0.0000,1401.4960,17.32,0.00,12.4680,0.00,1406.3480
75,NDPL,06DSNDPL2022/09/18,0.0000,0.0000,0.0000,0.0000,0.0000,0.0000,0.0000,0.0000,60.1500,0.0000,12.0000,23.1360,0.0000,0.0000,7.0000,0.0000,20.2400,447.1000,41.3300,0.0000,69.6000,0.0000,0.0000,95.2000,0.0000,272.8100,0.0000,0.0000,0.0000,0.0000,0.0000,0.0000,2.8600,0.0000,0.0000,6.1700,13.6900,35.1500,0.0000,51.9200,41.4600,6.4900,12.6200,7.8600,6.6900,37.9700,0.0000,0.0000,0.0000,0.0000,0.0000,18.5300,8.5100,3.1300,0.0000,11.7600,0.0000,0.0000,0.0000,0.0000,8.5800,0.0000,0.0000,0.0000,9.8600,6.4000,12.4100,11.6300,8.6500,10.7600,14.7100,2.2500,0.0000,3.3900,3.8900,0.0000,0.0000,0.0000,0.0000,0.0000,0.7800,9.3600,0.0000,0.0000,0.0000,6.9100,8.3300,0.0000,0.0000,0.0000,0.0000,0.0000,13.2600,0.0000,0.0000,0.0000,0.0000,0.0000,0.0000,0.0000,0.0000,0.0000,0.0000,0.0000,0.0000,0.0000,0.0000,0.0000,0.0000,0.0000,0.0000,0.0000,0.0000,0.0000,0.0000,0.0000,0.0000,0.0000,1444.5460,17.32,-73.03,12.8644,0.00,1375.9716
76,NDPL,06DSNDPL2022/09/18,0.0000,0.0000,0.0000,0.0000,0.0000,0.0000,0.0000,0.0000,60.1500,0.0000,12.0000,23.1360,0.0000,0.0000,7.0000,0.0000,20.2400,447.1000,41.3300,0.0000,69.6000,0.0000,0.0000,116.5200,0.0000,272.8100,0.0000,0.0000,0.0000,0.0000,0.0000,0.0000,2.8600,0.0000,0.0000,6.1700,13.6900,35.1500,0.0000,51.9200,41.4600,6.4900,12.6200,7.8600,6.6900,37.9700,0.0000,0.0000,0.0000,0.0000,0.0000,18.5300,8.5100,3.1300,0.0000,11.7600,0.0000,0.0000,0.0000,0.0000,8.5800,0.0000,0.0000,0.0000,9.8600,6.4000,12.4100,11.6300,8.6500,10.7600,14.7100,4.1200,0.0000,3.3900,3.8900,0.0000,0.0000,0.0000,0.0000,0.0000,0.7800,9.3600,0.0000,0.0000,0.0000,6.9100,8.3300,0.0000,0.0000,0.0000,0.0000,0.0000,12.9700,0.0000,0.0000,0.0000,0.0000,0.0000,0.0000,0.0000,0.0000,0.0000,0.0000,0.0000,0.0000,0.0000,0.0000,0.0000,0.0000,0.0000,0.0000,0.0000,0.0000,0.0000,0.0000,0.0000,0.0000,0.0000,1467.4460,17.32,-65.76,13.0659,0.00,1405.9401
77,NDPL,06DSNDPL2022/09/18,0.0000,0.0000,0.0000,0.0000,0.0000,0.0000,0.0000,0.0000,60.1500,0.0000,12.0000,23.1360,0.0000,0.0000,7.0000,0.0000,20.2400,447.1000,41.4600,0.0000,69.6000,0.0000,0.0000,116.5200,0.0000,272.8100,0.0000,0.0000,0.0000,0.0000,0.0000,0.0000,2.8600,0.0000,0.0000,6.1700,13.6900,35.1500,0.0000,51.9200,41.4600,6.4900,12.6200,7.8600,6.6900,37.9700,0.0000,0.0000,0.0000,0.0000,0.0000,18.5300,8.9800,4.7100,0.0000,11.7600,0.0000,0.0000,0.0000,0.0000,8.5800,0.0000,0.0000,0.0000,15.7700,9.6600,12.5300,11.6300,8.6500,10.8800,15.5000,4.5500,0.0000,3.3900,5.7900,0.0000,0.0000,0.0000,0.0000,0.0000,0.7800,9.2100,0.0000,0.0000,0.0000,6.9100,8.3300,0.0000,0.0000,0.0000,0.0000,0.0000,12.2800,0.0000,0.0000,0.0000,0.0000,0.0000,0.0000,0.0000,0.0000,0.0000,0.0000,0.0000,0.0000,0.0000,0.0000,0.0000,0.0000,0.0000,0.0000,0.0000,0.0000,0.0000,0.0000,0.0000,0.0000,0.0000,1481.3160,17.32,-60.43,13.1880,0.00,1425.0180
78,NDPL,06DSNDPL2022/09/18,0.0000,0.0000,0.0000,0.0000,0.0000,0.0000,0.0000,0.0000,60.1500,0.0000,12.0000,23.1360,0.0000,0.0000,7.0000,0.0000,20.2400,447.1000,41.7700,0.0000,69.6000,0.0000,0.0000,116.5200,0.0000,272.8100,0.0000,0.0000,0.0000,0.0000,0.0000,0.0000,2.8600,0.0000,0.0000,6.1700,13.6900,35.1500,0.0000,51.9200,41.4600,6.4900,12.6200,7.8600,6.6900,37.9700,0.0000,0.0000,0.0000,0.0000,0.0000,18.5300,8.9800,4.7100,0.0000,11.7600,0.0000,0.0000,0.0000,0.0000,8.5800,0.0000,0.0000,0.0000,15.7700,9.6600,12.5300,11.6300,8.6500,10.8800,15.5000,14.5500,0.0000,3.3900,5.7900,0.0000,0.0000,0.0000,0.0000,0.0000,0.7800,9.2100,0.0000,0.0000,0.0000,6.9100,8.3300,0.0000,0.0000,0.0000,0.0000,0.0000,11.4800,0.0000,0.0000,0.0000,0.0000,0.0000,0.0000,0.0000,0.0000,0.0000,0.0000,0.0000,0.0000,0.0000,0.0000,0.0000,0.0000,0.0000,0.0000,0.0000,0.0000,0.0000,0.0000,0.0000,0.0000,0.0000,1490.8260,17.32,-64.34,13.2717,0.00,1430.5343
79,NDPL,06DSNDPL2022/09/18,0.0000,0.0000,0.0000,0.0000,0.0000,0.0000,0.0000,0.0000,60.1500,0.0000,12.0000,23.1360,0.0000,0.0000,7.0000,0.0000,20.2400,447.1000,41.7700,0.0000,69.6000,0.0000,0.0000,116.5200,0.0000,272.8100,0.0000,0.0000,0.0000,0.0000,0.0000,0.0000,2.8600,0.0000,0.0000,6.1700,13.6900,35.1500,0.0000,51.9200,41.4600,6.4900,12.6200,7.8600,6.6900,37.9700,0.0000,0.0000,0.0000,0.0000,0.0000,18.5300,8.9800,4.7100,0.0000,11.7600,0.0000,0.0000,0.0000,0.0000,8.5800,0.0000,0.0000,0.0000,9.8600,9.6600,12.5300,11.6300,8.6500,10.8800,15.5000,14.5500,0.0000,3.3900,5.7900,0.0000,0.0000,0.0000,0.0000,0.0000,0.7800,9.2100,0.0000,0.0000,0.0000,6.9100,8.3300,0.0000,0.0000,0.0000,0.0000,0.0000,10.7400,0.0000,0.0000,0.0000,0.0000,0.0000,0.0000,0.0000,0.0000,0.0000,0.0000,0.0000,0.0000,0.0000,0.0000,0.0000,0.0000,0.0000,0.0000,0.0000,0.0000,0.0000,0.0000,0.0000,0.0000,0.0000,1484.1760,17.32,-64.51,13.2132,0.00,1423.7728
80,NDPL,06DSNDPL2022/09/18,0.0000,0.0000,0.0000,0.0000,0.0000,0.0000,0.0000,0.0000,60.1500,0.0000,12.0000,23.1360,0.0000,0.0000,7.0000,0.0000,20.2400,447.1000,41.7700,0.0000,69.6000,0.0000,0.0000,116.5200,0.0000,272.8100,0.0000,0.0000,0.0000,0.0000,0.0000,0.0000,2.8600,0.0000,0.0000,6.1700,13.6900,35.1500,0.0000,51.9200,41.4600,6.4900,12.6200,7.8600,6.6900,37.9700,0.0000,0.0000,0.0000,0.0000,0.0000,18.5300,8.9800,4.7100,0.0000,11.7600,0.0000,0.0000,0.0000,0.0000,8.5800,0.0000,0.0000,0.0000,9.8600,9.6600,12.5300,11.6300,8.6500,10.8800,15.5000,14.5500,0.0000,3.3900,5.7900,0.0000,0.0000,0.0000,0.0000,0.0000,0.7800,9.2100,0.0000,0.0000,0.0000,6.9100,8.3300,0.0000,0.0000,0.0000,0.0000,0.0000,9.9800,0.0000,0.0000,0.0000,0.0000,0.0000,0.0000,0.0000,0.0000,0.0000,0.0000,0.0000,0.0000,0.0000,0.0000,0.0000,0.0000,0.0000,0.0000,0.0000,0.0000,0.0000,0.0000,0.0000,0.0000,0.0000,1483.4160,17.32,-70.03,13.2065,0.00,1417.4995
81,NDPL,06DSNDPL2022/09/18,0.0000,0.0000,0.0000,0.0000,0.0000,0.0000,0.0000,0.0000,60.1500,0.0000,12.0000,23.1360,0.0000,0.0000,7.0000,0.0000,20.2400,447.1000,41.7700,0.0000,69.6000,0.0000,0.0000,116.5200,0.0000,272.8100,0.0000,0.0000,0.0000,0.0000,0.0000,0.0000,2.8600,0.0000,0.0000,6.1700,13.6900,35.1500,0.0000,51.9200,41.4600,6.4900,12.6200,7.8600,6.6900,37.9700,0.0000,0.0000,0.0000,0.0000,0.0000,18.5300,8.9800,4.7100,0.0000,11.7600,0.0000,0.0000,0.0000,0.0000,8.5800,0.0000,0.0000,0.0000,9.8600,6.4000,12.5300,11.6300,8.6500,10.8800,15.5000,14.5500,0.0000,3.3900,5.7900,0.0000,0.0000,0.0000,0.0000,0.0000,0.7800,8.9700,0.0000,0.0000,0.0000,6.7100,8.3300,0.0000,0.0000,0.0000,0.0000,0.0000,9.9500,0.0000,0.0000,0.0000,0.0000,0.0000,0.0000,0.0000,0.0000,0.0000,0.0000,0.0000,0.0000,0.0000,0.0000,0.0000,0.0000,0.0000,0.0000,0.0000,0.0000,0.0000,0.0000,0.0000,0.0000,0.0000,1479.6860,17.18,-78.42,13.1724,0.00,1405.2736
82,NDPL,06DSNDPL2022/09/18,0.0000,0.0000,0.0000,0.0000,0.0000,0.0000,0.0000,0.0000,60.1500,0.0000,12.0000,23.1360,0.0000,0.0000,7.0000,0.0000,20.2400,447.1000,41.7700,0.0000,69.6000,0.0000,0.0000,116.5200,0.0000,272.8100,0.0000,0.0000,0.0000,0.0000,0.0000,0.0000,2.8600,0.0000,0.0000,6.1700,13.6900,35.1500,0.0000,51.9200,41.4600,6.4900,12.6200,7.8600,6.6900,37.9700,0.0000,0.0000,0.0000,0.0000,0.0000,18.5300,8.9800,4.7100,0.0000,11.7600,0.0000,0.0000,0.0000,0.0000,8.5800,0.0000,0.0000,0.0000,9.8600,6.4000,12.5300,11.6300,8.6500,10.8800,15.5000,14.5500,0.0000,3.3900,5.7900,0.0000,0.0000,0.0000,0.0000,0.0000,0.7800,8.9700,0.0000,0.0000,0.0000,6.7100,8.3300,0.0000,0.0000,0.0000,0.0000,0.0000,9.9700,0.0000,0.0000,0.0000,0.0000,0.0000,0.0000,0.0000,0.0000,0.0000,0.0000,0.0000,0.0000,0.0000,0.0000,0.0000,0.0000,0.0000,0.0000,0.0000,0.0000,0.0000,0.0000,0.0000,0.0000,0.0000,1479.7060,17.18,-89.35,13.1726,0.00,1394.3634
83,NDPL,06DSNDPL2022/09/18,0.0000,0.0000,0.0000,0.0000,0.0000,0.0000,0.0000,0.0000,60.1500,0.0000,12.0000,23.1360,0.0000,0.0000,7.0000,0.0000,20.2400,447.1000,41.7700,0.0000,69.6000,0.0000,0.0000,116.5200,0.0000,272.8100,0.0000,0.0000,0.0000,0.0000,0.0000,0.0000,2.8600,0.0000,0.0000,6.1700,13.6900,35.1500,0.0000,51.9200,41.4600,6.4900,12.6200,7.8600,6.6900,37.9700,0.0000,0.0000,0.0000,0.0000,0.0000,18.5300,8.9800,4.7100,0.0000,11.7600,0.0000,0.0000,0.0000,0.0000,8.5800,0.0000,0.0000,0.0000,8.5500,6.4000,12.5300,11.6300,8.6500,10.8800,15.5000,14.4000,0.0000,3.3900,5.7900,0.0000,0.0000,0.0000,0.0000,0.0000,0.7800,8.9700,0.0000,0.0000,0.0000,6.7100,8.3300,0.0000,0.0000,0.0000,0.0000,0.0000,9.9300,0.0000,0.0000,0.0000,0.0000,0.0000,0.0000,0.0000,0.0000,0.0000,0.0000,0.0000,0.0000,0.0000,0.0000,0.0000,0.0000,0.0000,0.0000,0.0000,0.0000,0.0000,0.0000,0.0000,0.0000,0.0000,1478.2060,17.18,-100.64,13.1594,0.00,1381.5866
84,NDPL,06DSNDPL2022/09/18,0.0000,0.0000,0.0000,0.0000,0.0000,0.0000,0.0000,0.0000,60.1500,0.0000,12.0000,23.1360,0.0000,0.0000,7.0000,0.0000,20.2400,447.1000,41.7700,0.0000,69.6000,0.0000,0.0000,116.5200,0.0000,272.8100,0.0000,0.0000,0.0000,0.0000,0.0000,0.0000,2.8600,0.0000,0.0000,6.1700,13.6900,35.1500,0.0000,51.9200,41.4600,6.4900,12.6200,7.8600,6.6900,37.9700,0.0000,0.0000,0.0000,0.0000,0.0000,18.5300,8.9800,4.7100,0.0000,11.7600,0.0000,0.0000,0.0000,0.0000,8.5800,0.0000,0.0000,0.0000,8.5500,6.4000,12.5300,11.6300,8.6500,10.8800,15.5000,4.5000,0.0000,3.3900,5.7900,0.0000,0.0000,0.0000,0.0000,0.0000,0.7800,8.9700,0.0000,0.0000,0.0000,6.7100,8.3300,0.0000,0.0000,0.0000,0.0000,0.0000,9.9100,0.0000,0.0000,0.0000,0.0000,0.0000,0.0000,0.0000,0.0000,0.0000,0.0000,0.0000,0.0000,0.0000,0.0000,0.0000,0.0000,0.0000,0.0000,0.0000,0.0000,0.0000,0.0000,0.0000,0.0000,0.0000,1468.2860,17.18,-102.16,13.0721,0.00,1370.2339
85,NDPL,06DSNDPL2022/09/18,0.0000,0.0000,0.0000,0.0000,0.0000,0.0000,0.0000,0.0000,60.1500,0.0000,12.0000,23.1360,0.0000,0.0000,7.0000,0.0000,20.2400,447.1000,41.7700,0.0000,69.6000,0.0000,0.0000,116.5200,0.0000,272.8100,0.0000,0.0000,0.0000,0.0000,0.0000,0.0000,2.8600,0.0000,0.0000,6.1700,13.6900,35.1500,0.0000,51.9200,41.4600,6.4900,12.6200,7.8600,6.6900,37.9700,0.0000,0.0000,0.0000,0.0000,0.0000,18.5300,8.5100,3.1300,0.0000,11.7600,0.0000,0.0000,0.0000,0.0000,8.5800,0.0000,0.0000,0.0000,8.5500,6.4000,12.5300,7.7600,5.7600,10.8800,14.7100,4.1200,0.0000,3.3900,3.9000,0.0000,0.0000,0.0000,0.0000,0.0000,0.7800,8.9700,0.0000,0.0000,0.0000,6.5800,8.1000,0.0000,0.0000,0.0000,0.0000,0.0000,9.8700,0.0000,0.0000,0.0000,0.0000,0.0000,0.0000,0.0000,0.0000,0.0000,0.0000,0.0000,0.0000,0.0000,0.0000,0.0000,0.0000,0.0000,0.0000,0.0000,0.0000,0.0000,0.0000,0.0000,0.0000,0.0000,1456.0160,16.96,-88.56,12.9622,0.00,1371.4538
86,NDPL,06DSNDPL2022/09/18,0.0000,0.0000,0.0000,0.0000,0.0000,0.0000,0.0000,0.0000,60.1500,0.0000,12.0000,23.1360,0.0000,0.0000,7.0000,0.0000,20.2400,447.1000,41.7700,0.0000,69.6000,0.0000,0.0000,116.5200,0.0000,272.8100,0.0000,0.0000,0.0000,0.0000,0.0000,0.0000,2.8600,0.0000,0.0000,6.1700,13.6900,35.1500,0.0000,51.9200,41.4600,6.4900,12.6200,7.8600,6.6900,37.9700,0.0000,0.0000,0.0000,0.0000,0.0000,18.5300,8.5100,3.1300,0.0000,11.7600,0.0000,0.0000,0.0000,0.0000,8.5800,0.0000,0.0000,0.0000,8.5500,6.4000,12.5300,7.7600,5.7600,10.8800,14.7100,4.1200,0.0000,3.3900,3.9000,0.0000,0.0000,0.0000,0.0000,0.0000,0.7800,8.9700,0.0000,0.0000,0.0000,6.5800,8.1000,0.0000,0.0000,0.0000,0.0000,0.0000,9.9700,0.0000,0.0000,0.0000,0.0000,0.0000,0.0000,0.0000,0.0000,0.0000,0.0000,0.0000,0.0000,0.0000,0.0000,0.0000,0.0000,0.0000,0.0000,0.0000,0.0000,0.0000,0.0000,0.0000,0.0000,0.0000,1456.1160,-57.04,0.00,13.3202,0.00,1385.7558
87,NDPL,06DSNDPL2022/09/18,0.0000,0.0000,0.0000,0.0000,0.0000,0.0000,0.0000,0.0000,60.1500,0.0000,12.0000,23.1360,0.0000,0.0000,7.0000,0.0000,20.2400,447.1000,41.7700,0.0000,69.6000,0.0000,0.0000,95.2000,0.0000,272.8100,0.0000,0.0000,0.0000,0.0000,0.0000,0.0000,2.8600,0.0000,0.0000,6.1700,13.6900,35.1500,0.0000,51.9200,41.4600,6.4900,12.6200,7.8600,6.6900,37.9700,0.0000,0.0000,0.0000,0.0000,0.0000,18.5300,8.5100,3.1300,0.0000,11.7600,0.0000,0.0000,0.0000,0.0000,8.5800,0.0000,0.0000,0.0000,9.8600,6.4000,12.5300,7.7600,5.7600,10.8800,14.7100,4.1200,0.0000,3.3900,3.9000,0.0000,0.0000,0.0000,0.0000,0.0000,0.7800,8.9700,0.0000,0.0000,0.0000,6.5800,8.1000,0.0000,0.0000,0.0000,0.0000,0.0000,10.1100,0.0000,0.0000,0.0000,0.0000,0.0000,0.0000,0.0000,0.0000,0.0000,0.0000,0.0000,0.0000,0.0000,0.0000,0.0000,0.0000,0.0000,0.0000,0.0000,0.0000,0.0000,0.0000,0.0000,0.0000,0.0000,1436.2460,-31.04,0.00,12.9145,0.00,1392.2915
88,NDPL,06DSNDPL2022/09/18,0.0000,0.0000,0.0000,0.0000,0.0000,0.0000,0.0000,0.0000,60.1500,0.0000,12.0000,23.1360,0.0000,0.0000,7.0000,0.0000,20.2400,447.1000,41.7700,0.0000,69.6000,0.0000,0.0000,95.2000,0.0000,272.8100,0.0000,0.0000,0.0000,0.0000,0.0000,0.0000,2.8600,0.0000,0.0000,6.1700,13.6900,35.1500,0.0000,51.9200,41.4600,6.4900,12.6200,7.8600,6.6900,37.9700,0.0000,0.0000,0.0000,0.0000,0.0000,18.5300,8.5100,3.1300,0.0000,11.7600,0.0000,0.0000,0.0000,0.0000,8.5800,0.0000,0.0000,0.0000,9.8600,6.4000,12.5300,7.7600,5.7600,10.8800,14.7100,4.1200,0.0000,3.3900,3.9000,0.0000,0.0000,0.0000,0.0000,0.0000,0.7800,8.9700,0.0000,0.0000,0.0000,6.5800,8.1000,0.0000,0.0000,0.0000,0.0000,0.0000,10.2600,0.0000,0.0000,0.0000,0.0000,0.0000,0.0000,0.0000,0.0000,0.0000,0.0000,0.0000,0.0000,0.0000,0.0000,0.0000,0.0000,0.0000,0.0000,0.0000,0.0000,0.0000,0.0000,0.0000,0.0000,0.0000,1436.3960,16.96,0.00,12.7895,0.00,1440.5665
89,NDPL,06DSNDPL2022/09/18,0.0000,0.0000,0.0000,0.0000,0.0000,0.0000,0.0000,0.0000,60.1500,0.0000,12.0000,23.1360,0.0000,0.0000,7.0000,0.0000,20.8600,447.1000,41.7700,0.0000,69.6000,0.0000,0.0000,116.5200,0.0000,272.8100,0.0000,0.0000,0.0000,0.0000,0.0000,0.0000,2.8600,0.0000,0.0000,6.1700,13.6900,35.1500,0.0000,51.9200,41.4600,6.4900,12.6200,7.8600,6.6900,37.9700,0.0000,0.0000,0.0000,0.0000,0.0000,18.5300,8.9800,4.7100,0.0000,11.7600,0.0000,0.0000,0.0000,0.7600,8.5800,0.0000,0.0000,0.0000,9.8600,6.4000,12.5300,11.6300,8.6500,10.8800,15.5000,0.9400,0.0000,3.3900,5.7900,0.0000,0.0000,0.0000,0.0000,0.0000,0.7800,8.5800,0.0000,0.0000,0.0000,6.4400,8.1000,0.0000,0.0000,0.0000,0.0000,0.0000,10.2300,0.0000,0.0000,0.0000,0.0000,0.0000,0.0000,0.0000,0.0000,0.0000,0.0000,0.0000,0.0000,0.0000,0.0000,0.0000,0.0000,0.0000,0.0000,0.0000,0.0000,0.0000,0.0000,0.0000,0.0000,0.0000,1466.8460,16.79,0.00,13.0560,0.00,1470.5800
90,NDPL,06DSNDPL2022/09/18,0.0000,0.0000,0.0000,0.0000,0.0000,0.0000,0.0000,0.0000,60.1500,0.0000,12.0000,23.1360,0.0000,0.0000,7.0000,0.0000,20.8600,447.1000,41.7700,0.0000,69.6000,0.0000,0.0000,116.5200,0.0000,272.8100,0.0000,0.0000,0.0000,0.0000,0.0000,0.0000,2.8600,0.0000,0.0000,6.1700,13.6900,35.1500,0.0000,51.9200,41.4600,6.4900,12.6200,7.8600,6.6900,37.9700,0.0000,0.0000,0.0000,0.0000,0.0000,18.5300,8.9800,4.7100,0.0000,11.7600,0.0000,0.0000,0.0000,0.7600,8.5800,0.0000,0.0000,0.0000,9.8600,6.4000,12.5300,11.6300,8.6500,10.7600,15.5000,0.9400,0.0000,3.3900,5.7900,0.0000,0.0000,0.0000,0.0000,0.0000,0.7800,8.5800,0.0000,0.0000,0.0000,6.4400,8.1000,0.0000,0.0000,0.0000,0.0000,0.0000,10.2300,0.0000,0.0000,0.0000,0.0000,0.0000,0.0000,0.0000,0.0000,0.0000,0.0000,0.0000,0.0000,0.0000,0.0000,0.0000,0.0000,0.0000,0.0000,0.0000,0.0000,0.0000,0.0000,0.0000,0.0000,0.0000,1466.7260,20.67,16.02,13.0891,0.00,1490.3269
91,NDPL,06DSNDPL2022/09/18,0.0000,0.0000,0.0000,0.0000,0.0000,0.0000,0.0000,0.0000,60.1500,0.0000,12.0000,23.1360,0.0000,0.0000,7.0000,0.0000,20.8600,447.1000,41.7700,0.0000,69.6000,0.0000,0.0000,116.5200,0.0000,272.8100,0.0000,0.0000,0.0000,0.0000,0.0000,0.0000,2.8600,0.0000,0.0000,6.1700,13.6900,35.1500,0.0000,51.9200,41.4600,6.4900,12.6200,7.8600,6.6900,37.9700,0.0000,0.0000,0.0000,0.0000,0.0000,18.5300,8.9800,4.7100,0.0000,11.7600,0.0000,0.0000,0.0000,0.7600,8.5800,0.0000,0.0000,0.0000,9.8600,6.4000,12.4100,11.6300,8.6500,10.7600,15.5000,0.9400,0.0000,3.3900,5.7900,0.0000,0.0000,0.0000,0.0000,0.0000,0.7800,8.5800,0.0000,0.0000,0.0000,6.4400,8.1000,0.0000,0.0000,0.0000,0.0000,0.0000,11.6700,0.0000,0.0000,0.0000,0.0000,0.0000,0.0000,0.0000,0.0000,0.0000,0.0000,0.0000,0.0000,0.0000,0.0000,0.0000,0.0000,0.0000,0.0000,0.0000,0.0000,0.0000,0.0000,0.0000,0.0000,0.0000,1468.0460,53.65,0.00,13.3909,0.00,1508.3051
92,NDPL,06DSNDPL2022/09/18,0.0000,0.0000,0.0000,0.0000,0.0000,0.0000,0.0000,0.0000,60.1500,0.0000,12.0000,23.1360,0.0000,0.0000,7.0000,0.0000,20.8600,447.1000,41.7700,0.0000,69.6000,0.0000,0.0000,116.5200,0.0000,272.8100,0.0000,0.0000,0.0000,0.0000,0.0000,0.0000,2.8600,0.0000,0.0000,6.1700,13.6900,35.1500,0.0000,51.9200,41.4600,6.4900,12.6200,7.8600,6.6900,43.9000,0.0000,0.0000,0.0000,0.0000,0.0000,18.5300,8.9800,4.7100,0.0000,11.7600,0.0000,0.0000,0.0000,0.7600,8.5800,0.0000,0.0000,0.0000,9.8600,6.4000,12.4100,11.6300,8.6500,10.7600,15.5000,0.9400,0.0000,3.3900,5.7900,0.0000,0.0000,0.0000,0.0000,0.0000,0.7800,8.5800,0.0000,0.0000,0.0000,6.4400,8.1000,0.0000,0.0000,0.0000,0.0000,0.0000,11.8900,0.0000,0.0000,0.0000,0.0000,0.0000,0.0000,0.0000,0.0000,0.0000,0.0000,0.0000,0.0000,0.0000,0.0000,0.0000,0.0000,0.0000,0.0000,0.0000,0.0000,0.0000,0.0000,0.0000,0.0000,0.0000,1474.1960,65.29,0.00,13.5475,0.00,1525.9385
93,NDPL,06DSNDPL2022/09/18,0.0000,0.0000,0.0000,0.0000,0.0000,0.0000,0.0000,0.0000,60.1500,0.0000,12.0000,23.1360,0.0000,0.0000,7.0000,0.0000,20.8600,447.1000,41.7700,0.0000,69.6000,0.0000,0.0000,116.5200,0.0000,272.8100,0.0000,0.0000,0.0000,0.0000,0.0000,0.0000,2.8600,0.0000,0.0000,6.1700,13.6900,35.1500,0.0000,51.9200,41.4600,6.4900,12.6200,7.8600,6.6900,43.9000,0.0000,0.0000,0.0000,0.0000,0.0000,18.5300,8.5100,3.1300,0.0000,11.7600,0.0000,0.0000,0.0000,5.2800,8.5800,0.0000,0.0000,0.0000,9.8600,6.4000,12.4100,11.6300,8.6500,10.7600,14.7100,0.9400,0.0000,3.3900,1.9500,0.0000,0.0000,0.0000,0.0000,0.0000,0.7800,8.2000,0.0000,0.0000,0.0000,6.3000,8.1000,0.0000,0.0000,0.0000,0.0000,0.0000,11.5900,0.0000,0.0000,0.0000,0.0000,0.0000,0.0000,0.0000,0.0000,0.0000,0.0000,0.0000,0.0000,0.0000,0.0000,0.0000,0.0000,0.0000,0.0000,0.0000,0.0000,0.0000,0.0000,0.0000,0.0000,0.0000,1471.2160,75.77,0.00,13.6135,0.00,1533.3725
94,NDPL,06DSNDPL2022/09/18,0.0000,0.0000,0.0000,0.0000,0.0000,0.0000,0.0000,0.0000,60.1500,0.0000,12.0000,23.1360,0.0000,0.0000,7.0000,0.0000,20.8600,447.1000,41.7700,0.0000,69.6000,0.0000,0.0000,116.5200,0.0000,272.8100,0.0000,0.0000,0.0000,0.0000,0.0000,0.0000,2.8600,0.0000,0.0000,6.1700,13.6900,35.1500,0.0000,51.9200,41.4600,6.4900,12.6200,7.8600,6.6900,43.9000,0.0000,0.0000,0.0000,0.0000,0.0000,18.5300,8.5100,3.1300,0.0000,11.7600,0.0000,0.0000,0.0000,5.2800,8.5800,0.0000,0.0000,0.0000,9.8600,6.4000,12.4100,11.6300,8.6500,10.7600,14.7100,0.9400,0.0000,3.3900,1.9500,0.0000,0.0000,0.0000,0.0000,0.0000,0.7800,8.2000,0.0000,0.0000,0.0000,6.3000,8.1000,0.0000,0.0000,0.0000,0.0000,0.0000,11.3600,0.0000,0.0000,0.0000,0.0000,0.0000,0.0000,0.0000,0.0000,0.0000,0.0000,0.0000,0.0000,0.0000,0.0000,0.0000,0.0000,0.0000,0.0000,0.0000,0.0000,0.0000,0.0000,0.0000,0.0000,0.0000,1470.9860,77.71,0.00,13.6285,0.00,1535.0675
95,NDPL,06DSNDPL2022/09/18,0.0000,0.0000,0.0000,0.0000,0.0000,0.0000,0.0000,0.0000,60.1500,0.0000,12.0000,23.1360,0.0000,0.0000,7.0000,0.0000,20.8600,447.1000,41.7700,0.0000,69.6000,0.0000,0.0000,116.5200,0.0000,272.8100,0.0000,0.0000,0.0000,0.0000,0.0000,0.0000,2.8600,0.0000,0.0000,6.1700,13.6900,35.1500,0.0000,51.9200,41.4600,6.4900,12.6200,7.8600,6.6900,43.9000,0.0000,0.0000,0.0000,0.0000,0.0000,18.5300,8.5100,3.1300,0.0000,11.7600,0.0000,0.0000,0.0000,5.2800,8.5800,0.0000,0.0000,0.0000,9.8600,6.4000,12.4100,11.6300,8.6500,10.7600,14.7100,0.9400,0.0000,3.3900,1.9500,0.0000,0.0000,0.0000,0.0000,0.0000,0.7800,8.2000,0.0000,0.0000,0.0000,6.3000,8.1000,0.0000,0.0000,0.0000,0.0000,0.0000,11.1200,0.0000,0.0000,0.0000,0.0000,0.0000,0.0000,0.0000,0.0000,0.0000,0.0000,0.0000,0.0000,0.0000,0.0000,0.0000,0.0000,0.0000,0.0000,0.0000,0.0000,0.0000,0.0000,0.0000,0.0000,0.0000,1470.7460,72.86,0.00,13.5837,0.00,1530.0223
96,NDPL,06DSNDPL2022/09/18,0.0000,0.0000,0.0000,0.0000,0.0000,0.0000,0.0000,0.0000,60.1500,0.0000,12.0000,23.1360,0.0000,0.0000,7.0000,0.0000,20.8600,447.1000,41.7700,0.0000,69.6000,0.0000,0.0000,116.5200,0.0000,272.8100,0.0000,0.0000,0.0000,0.0000,0.0000,0.0000,2.8600,0.0000,0.0000,6.1700,13.6900,35.1500,0.0000,51.9200,41.4600,6.4900,12.6200,7.8600,6.6900,43.9000,0.0000,0.0000,0.0000,0.0000,0.0000,18.5300,8.5100,3.1300,0.0000,11.7600,0.0000,0.0000,0.0000,5.2800,8.5800,0.0000,0.0000,0.0000,9.8600,6.4000,12.4100,11.6300,8.6500,10.7600,14.7100,0.9400,0.0000,3.3900,1.9500,0.0000,0.0000,0.0000,0.0000,0.0000,0.7800,8.2000,0.0000,0.0000,0.0000,6.3000,8.1000,0.0000,0.0000,0.0000,0.0000,0.0000,10.9000,0.0000,0.0000,0.0000,0.0000,0.0000,0.0000,0.0000,0.0000,0.0000,0.0000,0.0000,0.0000,0.0000,0.0000,0.0000,0.0000,0.0000,0.0000,0.0000,0.0000,0.0000,0.0000,0.0000,0.0000,0.0000,1470.5260,66.07,0.00,13.5220,0.00,1523.0740
,,,,,,,,,,,,,,,,,,,,,,,,,,,,,,,,,,,,,,,,,,,,,,,,,,,,,,,,,,,,,,,,,,,,,,,,,,,,,,,,,,,,,,,,,,,,,,,,,,,,,,,,,,,,,,,,,,,,,,,,,1321.4324,-13.09,0.00,11.7448,0.00,1296.5976
,,,,,,,,,,,,,,,,,,,,,,,,,,,,,,,,,,,,,,,,,,,,,,,,,,,,,,,,,,,,,,,,,,,,,,,,,,,,,,,,,,,,,,,,,,,,,,,,,,,,,,,,,,,,,,,,,,,,,,,,,1324.4924,-33.09,0.00,11.9493,0.00,1279.4531
,,,,,,,,,,,,,,,,,,,,,,,,,,,,,,,,,,,,,,,,,,,,,,,,,,,,,,,,,,,,,,,,,,,,,,,,,,,,,,,,,,,,,,,,,,,,,,,,,,,,,,,,,,,,,,,,,,,,,,,,,1327.4324,-43.09,0.00,12.0640,0.00,1272.2784
,,,,,,,,,,,,,,,,,,,,,,,,,,,,,,,,,,,,,,,,,,,,,,,,,,,,,,,,,,,,,,,,,,,,,,,,,,,,,,,,,,,,,,,,,,,,,,,,,,,,,,,,,,,,,,,,,,,,,,,,,1278.7924,-23.09,0.00,11.4584,0.00,1244.2440
,,,,,,,,,,,,,,,,,,,,,,,,,,,,,,,,,,,,,,,,,,,,,,,,,,,,,,,,,,,,,,,,,,,,,,,,,,,,,,,,,,,,,,,,,,,,,,,,,,,,,,,,,,,,,,,,,,,,,,,,,1269.5024,16.94,0.00,11.3207,0.00,1275.1217
,,,,,,,,,,,,,,,,,,,,,,,,,,,,,,,,,,,,,,,,,,,,,,,,,,,,,,,,,,,,,,,,,,,,,,,,,,,,,,,,,,,,,,,,,,,,,,,,,,,,,,,,,,,,,,,,,,,,,,,,,1265.3324,16.94,0.00,11.2840,0.00,1270.9884
,,,,,,,,,,,,,,,,,,,,,,,,,,,,,,,,,,,,,,,,,,,,,,,,,,,,,,,,,,,,,,,,,,,,,,,,,,,,,,,,,,,,,,,,,,,,,,,,,,,,,,,,,,,,,,,,,,,,,,,,,1232.3324,16.94,0.00,10.9936,0.00,1238.2788
,,,,,,,,,,,,,,,,,,,,,,,,,,,,,,,,,,,,,,,,,,,,,,,,,,,,,,,,,,,,,,,,,,,,,,,,,,,,,,,,,,,,,,,,,,,,,,,,,,,,,,,,,,,,,,,,,,,,,,,,,1232.2824,16.94,0.00,10.9932,0.00,1238.2292
,,,,,,,,,,,,,,,,,,,,,,,,,,,,,,,,,,,,,,,,,,,,,,,,,,,,,,,,,,,,,,,,,,,,,,,,,,,,,,,,,,,,,,,,,,,,,,,,,,,,,,,,,,,,,,,,,,,,,,,,,1187.1524,16.81,0.00,10.5949,0.00,1193.3675
,,,,,,,,,,,,,,,,,,,,,,,,,,,,,,,,,,,,,,,,,,,,,,,,,,,,,,,,,,,,,,,,,,,,,,,,,,,,,,,,,,,,,,,,,,,,,,,,,,,,,,,,,,,,,,,,,,,,,,,,,1186.4424,16.81,0.00,10.5886,0.00,1192.6638
,,,,,,,,,,,,,,,,,,,,,,,,,,,,,,,,,,,,,,,,,,,,,,,,,,,,,,,,,,,,,,,,,,,,,,,,,,,,,,,,,,,,,,,,,,,,,,,,,,,,,,,,,,,,,,,,,,,,,,,,,1188.0924,16.81,0.00,10.6031,0.00,1194.2993
,,,,,,,,,,,,,,,,,,,,,,,,,,,,,,,,,,,,,,,,,,,,,,,,,,,,,,,,,,,,,,,,,,,,,,,,,,,,,,,,,,,,,,,,,,,,,,,,,,,,,,,,,,,,,,,,,,,,,,,,,1181.2424,16.81,0.00,10.5429,0.00,1187.5095
,,,,,,,,,,,,,,,,,,,,,,,,,,,,,,,,,,,,,,,,,,,,,,,,,,,,,,,,,,,,,,,,,,,,,,,,,,,,,,,,,,,,,,,,,,,,,,,,,,,,,,,,,,,,,,,,,,,,,,,,,1154.5332,16.84,0.00,10.3081,0.00,1161.0651
,,,,,,,,,,,,,,,,,,,,,,,,,,,,,,,,,,,,,,,,,,,,,,,,,,,,,,,,,,,,,,,,,,,,,,,,,,,,,,,,,,,,,,,,,,,,,,,,,,,,,,,,,,,,,,,,,,,,,,,,,1131.1832,16.84,0.00,10.1026,0.00,1137.9206
,,,,,,,,,,,,,,,,,,,,,,,,,,,,,,,,,,,,,,,,,,,,,,,,,,,,,,,,,,,,,,,,,,,,,,,,,,,,,,,,,,,,,,,,,,,,,,,,,,,,,,,,,,,,,,,,,,,,,,,,,1119.9732,16.84,0.00,10.0040,0.00,1126.8092
,,,,,,,,,,,,,,,,,,,,,,,,,,,,,,,,,,,,,,,,,,,,,,,,,,,,,,,,,,,,,,,,,,,,,,,,,,,,,,,,,,,,,,,,,,,,,,,,,,,,,,,,,,,,,,,,,,,,,,,,,1119.6432,16.84,0.00,10.0011,0.00,1126.4821
,,,,,,,,,,,,,,,,,,,,,,,,,,,,,,,,,,,,,,,,,,,,,,,,,,,,,,,,,,,,,,,,,,,,,,,,,,,,,,,,,,,,,,,,,,,,,,,,,,,,,,,,,,,,,,,,,,,,,,,,,1075.8932,16.72,0.00,9.6150,0.00,1082.9982
,,,,,,,,,,,,,,,,,,,,,,,,,,,,,,,,,,,,,,,,,,,,,,,,,,,,,,,,,,,,,,,,,,,,,,,,,,,,,,,,,,,,,,,,,,,,,,,,,,,,,,,,,,,,,,,,,,,,,,,,,1079.5232,16.72,0.00,9.6469,0.00,1086.5963
,,,,,,,,,,,,,,,,,,,,,,,,,,,,,,,,,,,,,,,,,,,,,,,,,,,,,,,,,,,,,,,,,,,,,,,,,,,,,,,,,,,,,,,,,,,,,,,,,,,,,,,,,,,,,,,,,,,,,,,,,1079.2332,16.72,0.00,9.6444,0.00,1086.3088
,,,,,,,,,,,,,,,,,,,,,,,,,,,,,,,,,,,,,,,,,,,,,,,,,,,,,,,,,,,,,,,,,,,,,,,,,,,,,,,,,,,,,,,,,,,,,,,,,,,,,,,,,,,,,,,,,,,,,,,,,1085.5732,16.72,0.00,9.7002,0.00,1092.5930
,,,,,,,,,,,,,,,,,,,,,,,,,,,,,,,,,,,,,,,,,,,,,,,,,,,,,,,,,,,,,,,,,,,,,,,,,,,,,,,,,,,,,,,,,,,,,,,,,,,,,,,,,,,,,,,,,,,,,,,,,1084.6332,16.62,0.00,9.6910,0.00,1091.5622
,,,,,,,,,,,,,,,,,,,,,,,,,,,,,,,,,,,,,,,,,,,,,,,,,,,,,,,,,,,,,,,,,,,,,,,,,,,,,,,,,,,,,,,,,,,,,,,,,,,,,,,,,,,,,,,,,,,,,,,,,1088.4032,16.62,0.00,9.7242,0.00,1095.2990
,,,,,,,,,,,,,,,,,,,,,,,,,,,,,,,,,,,,,,,,,,,,,,,,,,,,,,,,,,,,,,,,,,,,,,,,,,,,,,,,,,,,,,,,,,,,,,,,,,,,,,,,,,,,,,,,,,,,,,,,,1093.0032,16.62,0.00,9.7647,0.00,1099.8585
,,,,,,,,,,,,,,,,,,,,,,,,,,,,,,,,,,,,,,,,,,,,,,,,,,,,,,,,,,,,,,,,,,,,,,,,,,,,,,,,,,,,,,,,,,,,,,,,,,,,,,,,,,,,,,,,,,,,,,,,,1096.5332,-0.38,0.00,9.6529,0.00,1086.5003
,,,,,,,,,,,,,,,,,,,,,,,,,,,,,,,,,,,,,,,,,,,,,,,,,,,,,,,,,,,,,,,,,,,,,,,,,,,,,,,,,,,,,,,,,,,,,,,,,,,,,,,,,,,,,,,,,,,,,,,,,1201.3252,-95.48,0.00,11.3722,0.00,1094.4730
,,,,,,,,,,,,,,,,,,,,,,,,,,,,,,,,,,,,,,,,,,,,,,,,,,,,,,,,,,,,,,,,,,,,,,,,,,,,,,,,,,,,,,,,,,,,,,,,,,,,,,,,,,,,,,,,,,,,,,,,,1224.5722,-103.48,0.00,11.6095,0.00,1109.4827
,,,,,,,,,,,,,,,,,,,,,,,,,,,,,,,,,,,,,,,,,,,,,,,,,,,,,,,,,,,,,,,,,,,,,,,,,,,,,,,,,,,,,,,,,,,,,,,,,,,,,,,,,,,,,,,,,,,,,,,,,1136.7332,-1.48,0.00,9.9063,0.00,1125.3469
,,,,,,,,,,,,,,,,,,,,,,,,,,,,,,,,,,,,,,,,,,,,,,,,,,,,,,,,,,,,,,,,,,,,,,,,,,,,,,,,,,,,,,,,,,,,,,,,,,,,,,,,,,,,,,,,,,,,,,,,,1144.2432,-15.48,0.00,10.0927,0.00,1118.6705
,,,,,,,,,,,,,,,,,,,,,,,,,,,,,,,,,,,,,,,,,,,,,,,,,,,,,,,,,,,,,,,,,,,,,,,,,,,,,,,,,,,,,,,,,,,,,,,,,,,,,,,,,,,,,,,,,,,,,,,,,1109.4632,16.43,0.00,9.7888,0.00,1116.1044
,,,,,,,,,,,,,,,,,,,,,,,,,,,,,,,,,,,,,,,,,,,,,,,,,,,,,,,,,,,,,,,,,,,,,,,,,,,,,,,,,,,,,,,,,,,,,,,,,,,,,,,,,,,,,,,,,,,,,,,,,1085.7532,16.43,0.00,9.5749,0.00,1092.6083
,,,,,,,,,,,,,,,,,,,,,,,,,,,,,,,,,,,,,,,,,,,,,,,,,,,,,,,,,,,,,,,,,,,,,,,,,,,,,,,,,,,,,,,,,,,,,,,,,,,,,,,,,,,,,,,,,,,,,,,,,1097.3632,0.43,0.00,9.5304,0.00,1088.2628
,,,,,,,,,,,,,,,,,,,,,,,,,,,,,,,,,,,,,,,,,,,,,,,,,,,,,,,,,,,,,,,,,,,,,,,,,,,,,,,,,,,,,,,,,,,,,,,,,,,,,,,,,,,,,,,,,,,,,,,,,1109.0330,16.43,0.00,9.7673,0.00,1115.6957
,,,,,,,,,,,,,,,,,,,,,,,,,,,,,,,,,,,,,,,,,,,,,,,,,,,,,,,,,,,,,,,,,,,,,,,,,,,,,,,,,,,,,,,,,,,,,,,,,,,,,,,,,,,,,,,,,,,,,,,,,1128.4933,16.40,0.00,9.8771,0.00,1135.0162
,,,,,,,,,,,,,,,,,,,,,,,,,,,,,,,,,,,,,,,,,,,,,,,,,,,,,,,,,,,,,,,,,,,,,,,,,,,,,,,,,,,,,,,,,,,,,,,,,,,,,,,,,,,,,,,,,,,,,,,,,1100.6233,16.40,0.00,9.6211,0.00,1107.4022
,,,,,,,,,,,,,,,,,,,,,,,,,,,,,,,,,,,,,,,,,,,,,,,,,,,,,,,,,,,,,,,,,,,,,,,,,,,,,,,,,,,,,,,,,,,,,,,,,,,,,,,,,,,,,,,,,,,,,,,,,1114.9533,16.40,0.00,9.7400,0.00,1121.6133
,,,,,,,,,,,,,,,,,,,,,,,,,,,,,,,,,,,,,,,,,,,,,,,,,,,,,,,,,,,,,,,,,,,,,,,,,,,,,,,,,,,,,,,,,,,,,,,,,,,,,,,,,,,,,,,,,,,,,,,,,1134.8833,16.40,0.00,9.9084,0.00,1141.3749
,,,,,,,,,,,,,,,,,,,,,,,,,,,,,,,,,,,,,,,,,,,,,,,,,,,,,,,,,,,,,,,,,,,,,,,,,,,,,,,,,,,,,,,,,,,,,,,,,,,,,,,,,,,,,,,,,,,,,,,,,1150.3726,16.30,0.00,10.0369,0.00,1156.6357
,,,,,,,,,,,,,,,,,,,,,,,,,,,,,,,,,,,,,,,,,,,,,,,,,,,,,,,,,,,,,,,,,,,,,,,,,,,,,,,,,,,,,,,,,,,,,,,,,,,,,,,,,,,,,,,,,,,,,,,,,1202.5326,16.30,0.00,10.4846,0.00,1208.3480
,,,,,,,,,,,,,,,,,,,,,,,,,,,,,,,,,,,,,,,,,,,,,,,,,,,,,,,,,,,,,,,,,,,,,,,,,,,,,,,,,,,,,,,,,,,,,,,,,,,,,,,,,,,,,,,,,,,,,,,,,1250.6626,16.30,0.00,10.9022,0.00,1256.0604
,,,,,,,,,,,,,,,,,,,,,,,,,,,,,,,,,,,,,,,,,,,,,,,,,,,,,,,,,,,,,,,,,,,,,,,,,,,,,,,,,,,,,,,,,,,,,,,,,,,,,,,,,,,,,,,,,,,,,,,,,1300.0426,16.30,0.00,11.3313,0.00,1305.0113
,,,,,,,,,,,,,,,,,,,,,,,,,,,,,,,,,,,,,,,,,,,,,,,,,,,,,,,,,,,,,,,,,,,,,,,,,,,,,,,,,,,,,,,,,,,,,,,,,,,,,,,,,,,,,,,,,,,,,,,,,1362.0326,16.25,0.00,11.8708,0.00,1366.4118
,,,,,,,,,,,,,,,,,,,,,,,,,,,,,,,,,,,,,,,,,,,,,,,,,,,,,,,,,,,,,,,,,,,,,,,,,,,,,,,,,,,,,,,,,,,,,,,,,,,,,,,,,,,,,,,,,,,,,,,,,1364.7926,16.25,0.00,11.8899,0.00,1369.1527
,,,,,,,,,,,,,,,,,,,,,,,,,,,,,,,,,,,,,,,,,,,,,,,,,,,,,,,,,,,,,,,,,,,,,,,,,,,,,,,,,,,,,,,,,,,,,,,,,,,,,,,,,,,,,,,,,,,,,,,,,1417.1018,16.25,0.00,12.3469,0.00,1421.0049
,,,,,,,,,,,,,,,,,,,,,,,,,,,,,,,,,,,,,,,,,,,,,,,,,,,,,,,,,,,,,,,,,,,,,,,,,,,,,,,,,,,,,,,,,,,,,,,,,,,,,,,,,,,,,,,,,,,,,,,,,1413.7118,16.25,0.00,12.3046,0.00,1417.6572
,,,,,,,,,,,,,,,,,,,,,,,,,,,,,,,,,,,,,,,,,,,,,,,,,,,,,,,,,,,,,,,,,,,,,,,,,,,,,,,,,,,,,,,,,,,,,,,,,,,,,,,,,,,,,,,,,,,,,,,,,1416.3118,16.25,0.00,12.3169,0.00,1420.2449
,,,,,,,,,,,,,,,,,,,,,,,,,,,,,,,,,,,,,,,,,,,,,,,,,,,,,,,,,,,,,,,,,,,,,,,,,,,,,,,,,,,,,,,,,,,,,,,,,,,,,,,,,,,,,,,,,,,,,,,,,1416.7818,16.25,0.00,12.3181,0.00,1420.7137
,,,,,,,,,,,,,,,,,,,,,,,,,,,,,,,,,,,,,,,,,,,,,,,,,,,,,,,,,,,,,,,,,,,,,,,,,,,,,,,,,,,,,,,,,,,,,,,,,,,,,,,,,,,,,,,,,,,,,,,,,1417.0718,16.25,0.00,12.3163,0.00,1421.0055
,,,,,,,,,,,,,,,,,,,,,,,,,,,,,,,,,,,,,,,,,,,,,,,,,,,,,,,,,,,,,,,,,,,,,,,,,,,,,,,,,,,,,,,,,,,,,,,,,,,,,,,,,,,,,,,,,,,,,,,,,1416.9118,16.25,0.00,12.3134,0.00,1420.8484
,,,,,,,,,,,,,,,,,,,,,,,,,,,,,,,,,,,,,,,,,,,,,,,,,,,,,,,,,,,,,,,,,,,,,,,,,,,,,,,,,,,,,,,,,,,,,,,,,,,,,,,,,,,,,,,,,,,,,,,,,1419.0554,16.25,0.00,12.3318,0.00,1422.9736
,,,,,,,,,,,,,,,,,,,,,,,,,,,,,,,,,,,,,,,,,,,,,,,,,,,,,,,,,,,,,,,,,,,,,,,,,,,,,,,,,,,,,,,,,,,,,,,,,,,,,,,,,,,,,,,,,,,,,,,,,1420.1154,16.25,0.00,12.3406,0.00,1424.0248
,,,,,,,,,,,,,,,,,,,,,,,,,,,,,,,,,,,,,,,,,,,,,,,,,,,,,,,,,,,,,,,,,,,,,,,,,,,,,,,,,,,,,,,,,,,,,,,,,,,,,,,,,,,,,,,,,,,,,,,,,1419.8454,16.25,0.00,12.3379,0.00,1423.7575
,,,,,,,,,,,,,,,,,,,,,,,,,,,,,,,,,,,,,,,,,,,,,,,,,,,,,,,,,,,,,,,,,,,,,,,,,,,,,,,,,,,,,,,,,,,,,,,,,,,,,,,,,,,,,,,,,,,,,,,,,1416.8854,16.25,0.00,12.3127,0.00,1420.8227
,,,,,,,,,,,,,,,,,,,,,,,,,,,,,,,,,,,,,,,,,,,,,,,,,,,,,,,,,,,,,,,,,,,,,,,,,,,,,,,,,,,,,,,,,,,,,,,,,,,,,,,,,,,,,,,,,,,,,,,,,1416.6554,16.40,0.00,12.3129,0.00,1420.7425
,,,,,,,,,,,,,,,,,,,,,,,,,,,,,,,,,,,,,,,,,,,,,,,,,,,,,,,,,,,,,,,,,,,,,,,,,,,,,,,,,,,,,,,,,,,,,,,,,,,,,,,,,,,,,,,,,,,,,,,,,1415.3054,16.40,0.00,12.3029,0.00,1419.4025
,,,,,,,,,,,,,,,,,,,,,,,,,,,,,,,,,,,,,,,,,,,,,,,,,,,,,,,,,,,,,,,,,,,,,,,,,,,,,,,,,,,,,,,,,,,,,,,,,,,,,,,,,,,,,,,,,,,,,,,,,1413.6454,16.40,0.00,12.2899,0.00,1417.7555
,,,,,,,,,,,,,,,,,,,,,,,,,,,,,,,,,,,,,,,,,,,,,,,,,,,,,,,,,,,,,,,,,,,,,,,,,,,,,,,,,,,,,,,,,,,,,,,,,,,,,,,,,,,,,,,,,,,,,,,,,1414.9054,16.40,0.00,12.3017,0.00,1419.0037
,,,,,,,,,,,,,,,,,,,,,,,,,,,,,,,,,,,,,,,,,,,,,,,,,,,,,,,,,,,,,,,,,,,,,,,,,,,,,,,,,,,,,,,,,,,,,,,,,,,,,,,,,,,,,,,,,,,,,,,,,1458.2654,16.59,0.00,12.6907,0.00,1462.1647
,,,,,,,,,,,,,,,,,,,,,,,,,,,,,,,,,,,,,,,,,,,,,,,,,,,,,,,,,,,,,,,,,,,,,,,,,,,,,,,,,,,,,,,,,,,,,,,,,,,,,,,,,,,,,,,,,,,,,,,,,1506.1654,16.59,0.00,13.1083,0.00,1509.6471
,,,,,,,,,,,,,,,,,,,,,,,,,,,,,,,,,,,,,,,,,,,,,,,,,,,,,,,,,,,,,,,,,,,,,,,,,,,,,,,,,,,,,,,,,,,,,,,,,,,,,,,,,,,,,,,,,,,,,,,,,1556.1254,16.59,0.00,13.5533,0.00,1559.1621
,,,,,,,,,,,,,,,,,,,,,,,,,,,,,,,,,,,,,,,,,,,,,,,,,,,,,,,,,,,,,,,,,,,,,,,,,,,,,,,,,,,,,,,,,,,,,,,,,,,,,,,,,,,,,,,,,,,,,,,,,1546.1554,16.59,0.00,13.4701,0.00,1549.2753
,,,,,,,,,,,,,,,,,,,,,,,,,,,,,,,,,,,,,,,,,,,,,,,,,,,,,,,,,,,,,,,,,,,,,,,,,,,,,,,,,,,,,,,,,,,,,,,,,,,,,,,,,,,,,,,,,,,,,,,,,1545.3254,16.78,0.00,13.4694,0.00,1548.6360
,,,,,,,,,,,,,,,,,,,,,,,,,,,,,,,,,,,,,,,,,,,,,,,,,,,,,,,,,,,,,,,,,,,,,,,,,,,,,,,,,,,,,,,,,,,,,,,,,,,,,,,,,,,,,,,,,,,,,,,,,1599.4154,16.78,0.00,13.9516,0.00,1602.2438
,,,,,,,,,,,,,,,,,,,,,,,,,,,,,,,,,,,,,,,,,,,,,,,,,,,,,,,,,,,,,,,,,,,,,,,,,,,,,,,,,,,,,,,,,,,,,,,,,,,,,,,,,,,,,,,,,,,,,,,,,1585.5354,16.78,0.00,13.8351,0.00,1588.4803
,,,,,,,,,,,,,,,,,,,,,,,,,,,,,,,,,,,,,,,,,,,,,,,,,,,,,,,,,,,,,,,,,,,,,,,,,,,,,,,,,,,,,,,,,,,,,,,,,,,,,,,,,,,,,,,,,,,,,,,,,1565.3454,16.78,0.00,13.6650,0.00,1568.4604
,,,,,,,,,,,,,,,,,,,,,,,,,,,,,,,,,,,,,,,,,,,,,,,,,,,,,,,,,,,,,,,,,,,,,,,,,,,,,,,,,,,,,,,,,,,,,,,,,,,,,,,,,,,,,,,,,,,,,,,,,1549.4354,16.98,0.00,13.5334,0.00,1552.8820
,,,,,,,,,,,,,,,,,,,,,,,,,,,,,,,,,,,,,,,,,,,,,,,,,,,,,,,,,,,,,,,,,,,,,,,,,,,,,,,,,,,,,,,,,,,,,,,,,,,,,,,,,,,,,,,,,,,,,,,,,1527.3854,16.98,0.00,13.3482,0.00,1531.0172
,,,,,,,,,,,,,,,,,,,,,,,,,,,,,,,,,,,,,,,,,,,,,,,,,,,,,,,,,,,,,,,,,,,,,,,,,,,,,,,,,,,,,,,,,,,,,,,,,,,,,,,,,,,,,,,,,,,,,,,,,1507.5054,16.98,0.00,13.1821,0.00,1511.3033
,,,,,,,,,,,,,,,,,,,,,,,,,,,,,,,,,,,,,,,,,,,,,,,,,,,,,,,,,,,,,,,,,,,,,,,,,,,,,,,,,,,,,,,,,,,,,,,,,,,,,,,,,,,,,,,,,,,,,,,,,1492.2554,16.98,0.00,13.0571,0.00,1496.1783
,,,,,,,,,,,,,,,,,,,,,,,,,,,,,,,,,,,,,,,,,,,,,,,,,,,,,,,,,,,,,,,,,,,,,,,,,,,,,,,,,,,,,,,,,,,,,,,,,,,,,,,,,,,,,,,,,,,,,,,,,1476.2754,17.22,0.00,12.9271,0.00,1480.5683
,,,,,,,,,,,,,,,,,,,,,,,,,,,,,,,,,,,,,,,,,,,,,,,,,,,,,,,,,,,,,,,,,,,,,,,,,,,,,,,,,,,,,,,,,,,,,,,,,,,,,,,,,,,,,,,,,,,,,,,,,1446.1354,17.22,0.00,12.6721,0.00,1450.6833
,,,,,,,,,,,,,,,,,,,,,,,,,,,,,,,,,,,,,,,,,,,,,,,,,,,,,,,,,,,,,,,,,,,,,,,,,,,,,,,,,,,,,,,,,,,,,,,,,,,,,,,,,,,,,,,,,,,,,,,,,1431.6158,17.22,0.00,12.6083,0.00,1436.2275
,,,,,,,,,,,,,,,,,,,,,,,,,,,,,,,,,,,,,,,,,,,,,,,,,,,,,,,,,,,,,,,,,,,,,,,,,,,,,,,,,,,,,,,,,,,,,,,,,,,,,,,,,,,,,,,,,,,,,,,,,1423.3560,17.22,0.00,12.5787,0.00,1427.9973
,,,,,,,,,,,,,,,,,,,,,,,,,,,,,,,,,,,,,,,,,,,,,,,,,,,,,,,,,,,,,,,,,,,,,,,,,,,,,,,,,,,,,,,,,,,,,,,,,,,,,,,,,,,,,,,,,,,,,,,,,1412.3060,17.32,0.00,12.5567,0.00,1417.0693
,,,,,,,,,,,,,,,,,,,,,,,,,,,,,,,,,,,,,,,,,,,,,,,,,,,,,,,,,,,,,,,,,,,,,,,,,,,,,,,,,,,,,,,,,,,,,,,,,,,,,,,,,,,,,,,,,,,,,,,,,1401.4960,17.32,0.00,12.4680,0.00,1406.3480
,,,,,,,,,,,,,,,,,,,,,,,,,,,,,,,,,,,,,,,,,,,,,,,,,,,,,,,,,,,,,,,,,,,,,,,,,,,,,,,,,,,,,,,,,,,,,,,,,,,,,,,,,,,,,,,,,,,,,,,,,1444.5460,17.32,-73.03,12.8644,0.00,1375.9716
,,,,,,,,,,,,,,,,,,,,,,,,,,,,,,,,,,,,,,,,,,,,,,,,,,,,,,,,,,,,,,,,,,,,,,,,,,,,,,,,,,,,,,,,,,,,,,,,,,,,,,,,,,,,,,,,,,,,,,,,,1467.4460,17.32,-65.76,13.0659,0.00,1405.9401
,,,,,,,,,,,,,,,,,,,,,,,,,,,,,,,,,,,,,,,,,,,,,,,,,,,,,,,,,,,,,,,,,,,,,,,,,,,,,,,,,,,,,,,,,,,,,,,,,,,,,,,,,,,,,,,,,,,,,,,,,1481.3160,17.32,-60.43,13.1880,0.00,1425.0180
,,,,,,,,,,,,,,,,,,,,,,,,,,,,,,,,,,,,,,,,,,,,,,,,,,,,,,,,,,,,,,,,,,,,,,,,,,,,,,,,,,,,,,,,,,,,,,,,,,,,,,,,,,,,,,,,,,,,,,,,,1490.8260,17.32,-64.34,13.2717,0.00,1430.5343
,,,,,,,,,,,,,,,,,,,,,,,,,,,,,,,,,,,,,,,,,,,,,,,,,,,,,,,,,,,,,,,,,,,,,,,,,,,,,,,,,,,,,,,,,,,,,,,,,,,,,,,,,,,,,,,,,,,,,,,,,1484.1760,17.32,-64.51,13.2132,0.00,1423.7728
,,,,,,,,,,,,,,,,,,,,,,,,,,,,,,,,,,,,,,,,,,,,,,,,,,,,,,,,,,,,,,,,,,,,,,,,,,,,,,,,,,,,,,,,,,,,,,,,,,,,,,,,,,,,,,,,,,,,,,,,,1483.4160,17.32,-70.03,13.2065,0.00,1417.4995
,,,,,,,,,,,,,,,,,,,,,,,,,,,,,,,,,,,,,,,,,,,,,,,,,,,,,,,,,,,,,,,,,,,,,,,,,,,,,,,,,,,,,,,,,,,,,,,,,,,,,,,,,,,,,,,,,,,,,,,,,1479.6860,17.18,-78.42,13.1724,0.00,1405.2736
,,,,,,,,,,,,,,,,,,,,,,,,,,,,,,,,,,,,,,,,,,,,,,,,,,,,,,,,,,,,,,,,,,,,,,,,,,,,,,,,,,,,,,,,,,,,,,,,,,,,,,,,,,,,,,,,,,,,,,,,,1479.7060,17.18,-89.35,13.1726,0.00,1394.3634
,,,,,,,,,,,,,,,,,,,,,,,,,,,,,,,,,,,,,,,,,,,,,,,,,,,,,,,,,,,,,,,,,,,,,,,,,,,,,,,,,,,,,,,,,,,,,,,,,,,,,,,,,,,,,,,,,,,,,,,,,1478.2060,17.18,-100.64,13.1594,0.00,1381.5866
,,,,,,,,,,,,,,,,,,,,,,,,,,,,,,,,,,,,,,,,,,,,,,,,,,,,,,,,,,,,,,,,,,,,,,,,,,,,,,,,,,,,,,,,,,,,,,,,,,,,,,,,,,,,,,,,,,,,,,,,,1468.2860,17.18,-102.16,13.0721,0.00,1370.2339
,,,,,,,,,,,,,,,,,,,,,,,,,,,,,,,,,,,,,,,,,,,,,,,,,,,,,,,,,,,,,,,,,,,,,,,,,,,,,,,,,,,,,,,,,,,,,,,,,,,,,,,,,,,,,,,,,,,,,,,,,1456.0160,16.96,-88.56,12.9622,0.00,1371.4538
,,,,,,,,,,,,,,,,,,,,,,,,,,,,,,,,,,,,,,,,,,,,,,,,,,,,,,,,,,,,,,,,,,,,,,,,,,,,,,,,,,,,,,,,,,,,,,,,,,,,,,,,,,,,,,,,,,,,,,,,,1456.1160,-57.04,0.00,13.3202,0.00,1385.7558
,,,,,,,,,,,,,,,,,,,,,,,,,,,,,,,,,,,,,,,,,,,,,,,,,,,,,,,,,,,,,,,,,,,,,,,,,,,,,,,,,,,,,,,,,,,,,,,,,,,,,,,,,,,,,,,,,,,,,,,,,1436.2460,-31.04,0.00,12.9145,0.00,1392.2915
,,,,,,,,,,,,,,,,,,,,,,,,,,,,,,,,,,,,,,,,,,,,,,,,,,,,,,,,,,,,,,,,,,,,,,,,,,,,,,,,,,,,,,,,,,,,,,,,,,,,,,,,,,,,,,,,,,,,,,,,,1436.3960,16.96,0.00,12.7895,0.00,1440.5665
,,,,,,,,,,,,,,,,,,,,,,,,,,,,,,,,,,,,,,,,,,,,,,,,,,,,,,,,,,,,,,,,,,,,,,,,,,,,,,,,,,,,,,,,,,,,,,,,,,,,,,,,,,,,,,,,,,,,,,,,,1466.8460,16.79,0.00,13.0560,0.00,1470.5800
,,,,,,,,,,,,,,,,,,,,,,,,,,,,,,,,,,,,,,,,,,,,,,,,,,,,,,,,,,,,,,,,,,,,,,,,,,,,,,,,,,,,,,,,,,,,,,,,,,,,,,,,,,,,,,,,,,,,,,,,,1466.7260,20.67,16.02,13.0891,0.00,1490.3269
,,,,,,,,,,,,,,,,,,,,,,,,,,,,,,,,,,,,,,,,,,,,,,,,,,,,,,,,,,,,,,,,,,,,,,,,,,,,,,,,,,,,,,,,,,,,,,,,,,,,,,,,,,,,,,,,,,,,,,,,,1468.0460,53.65,0.00,13.3909,0.00,1508.3051
,,,,,,,,,,,,,,,,,,,,,,,,,,,,,,,,,,,,,,,,,,,,,,,,,,,,,,,,,,,,,,,,,,,,,,,,,,,,,,,,,,,,,,,,,,,,,,,,,,,,,,,,,,,,,,,,,,,,,,,,,1474.1960,65.29,0.00,13.5475,0.00,1525.9385
,,,,,,,,,,,,,,,,,,,,,,,,,,,,,,,,,,,,,,,,,,,,,,,,,,,,,,,,,,,,,,,,,,,,,,,,,,,,,,,,,,,,,,,,,,,,,,,,,,,,,,,,,,,,,,,,,,,,,,,,,1471.2160,75.77,0.00,13.6135,0.00,1533.3725
,,,,,,,,,,,,,,,,,,,,,,,,,,,,,,,,,,,,,,,,,,,,,,,,,,,,,,,,,,,,,,,,,,,,,,,,,,,,,,,,,,,,,,,,,,,,,,,,,,,,,,,,,,,,,,,,,,,,,,,,,1470.9860,77.71,0.00,13.6285,0.00,1535.0675
,,,,,,,,,,,,,,,,,,,,,,,,,,,,,,,,,,,,,,,,,,,,,,,,,,,,,,,,,,,,,,,,,,,,,,,,,,,,,,,,,,,,,,,,,,,,,,,,,,,,,,,,,,,,,,,,,,,,,,,,,1470.7460,72.86,0.00,13.5837,0.00,1530.0223
,,,,,,,,,,,,,,,,,,,,,,,,,,,,,,,,,,,,,,,,,,,,,,,,,,,,,,,,,,,,,,,,,,,,,,,,,,,,,,,,,,,,,,,,,,,,,,,,,,,,,,,,,,,,,,,,,,,,,,,,,1470.5260,66.07,0.00,13.5220,0.00,1523.0740
